Number of steps: 962568
Number of accepted steps: 329611
Burn-in number of steps: 60000
Accepted fraction of steps: 0.342429
Convergence Status
R[0]= 1.001861	R[1]= 1.001106	R[2]= 1.002054	R[3]= 1.002036	R[4]= 1.005977	R[5]= 1.003600	R[6]= 1.001194	R[7]= 1.001842	R[8]= 1.003603	R[9]= 1.001823	R[10]= 1.000500	
<R>= 1.002327

Mean parameters
A[0]= 1.027067 pm 0.038347
A[1]= 0.993508 pm 0.018883
A[2]= 0.781098 pm 0.086188
A[3]= 2.122309 pm 0.050589
A[4]= -1.479810 pm 0.759462
A[5]= 1.462254 pm 0.201918
A[6]= 4.324662 pm 0.530031
A[7]= 2.178057 pm 0.056585
A[8]= -0.404800 pm 1.182826
A[9]= 1.189658 pm 0.226275
A[10]= 4.017009 pm 0.488762

Best-fitting parameters
A[0]= 1.025831
A[1]= 0.988277
A[2]= 0.783253
A[3]= 2.108212
A[4]= -1.615478
A[5]= 1.475214
A[6]= 4.316675
A[7]= 2.170557
A[8]= -0.766000
A[9]= 1.211530
A[10]= 4.039220
chi2_min= 57.812050


Cross-Covariance parameters
1.000000	-0.467901	-0.561745	0.586394	-0.225048	0.374104	0.451605	0.575443	-0.133788	0.251417	0.385765	
-0.467901	1.000000	0.639656	-0.067242	0.057216	0.012594	-0.150278	-0.075563	0.036321	0.029288	-0.092613	
-0.561745	0.639656	1.000000	-0.635831	-0.264698	0.258159	0.329656	-0.557879	-0.144019	0.186099	0.337636	
0.586394	-0.067242	-0.635831	1.000000	0.506450	-0.369418	-0.320141	0.661353	0.081965	-0.023718	-0.164445	
-0.225048	0.057216	-0.264698	0.506450	1.000000	-0.960523	-0.779178	0.111172	0.184947	-0.257747	-0.464922	
0.374104	0.012594	0.258159	-0.369418	-0.960523	1.000000	0.856376	0.004186	-0.216139	0.328623	0.549923	
0.451605	-0.150278	0.329656	-0.320141	-0.779178	0.856376	1.000000	-0.090887	-0.292049	0.410724	0.747294	
0.575443	-0.075563	-0.557879	0.661353	0.111172	0.004186	-0.090887	1.000000	0.466103	-0.440044	-0.312167	
-0.133788	0.036321	-0.144019	0.081965	0.184947	-0.216139	-0.292049	0.466103	1.000000	-0.944040	-0.654439	
0.251417	0.029288	0.186099	-0.023718	-0.257747	0.328623	0.410724	-0.440044	-0.944040	1.000000	0.778799	
0.385765	-0.092613	0.337636	-0.164445	-0.464922	0.549923	0.747294	-0.312167	-0.654439	0.778799	1.000000	

Time taken for mcmc chain: 9.139444 hours
