Number of steps: 697531
Number of accepted steps: 500040
Burn-in number of steps: 72000
Accepted fraction of steps: 0.716871
Convergence Status
R[0]= 1.004528	R[1]= 1.004546	R[2]= 1.013389	R[3]= 1.004201	R[4]= 1.011448	R[5]= 1.008609	R[6]= 1.005277	R[7]= 1.001237	R[8]= 1.044900	R[9]= 1.036724	R[10]= 1.027043	
<R>= 1.014718

Mean parameters
A[0]= 1.086868 pm 0.077210
A[1]= 0.942833 pm 0.043320
A[2]= 0.712619 pm 0.165445
A[3]= 2.223078 pm 0.076767
A[4]= -0.972207 pm 1.093474
A[5]= 1.636953 pm 0.406925
A[6]= 5.033591 pm 0.957353
A[7]= 2.192332 pm 0.081468
A[8]= -0.440109 pm 1.301427
A[9]= 1.548356 pm 0.398552
A[10]= 5.157642 pm 0.944757

Best-fitting parameters
A[0]= 1.049934
A[1]= 0.953622
A[2]= 0.800500
A[3]= 2.171633
A[4]= -1.467665
A[5]= 1.760433
A[6]= 5.064723
A[7]= 2.165685
A[8]= -0.748393
A[9]= 1.540286
A[10]= 5.042822
chi2_min= 46.524370


Cross-Covariance parameters
1.000000	-0.558736	-0.597760	0.676904	-0.245501	0.369640	0.583106	0.656854	-0.164193	0.316557	0.578365	
-0.558736	1.000000	0.736516	-0.084451	-0.015195	0.091244	-0.227587	-0.072610	0.022882	0.061764	-0.242142	
-0.597760	0.736516	1.000000	-0.546389	-0.261138	0.284411	0.158540	-0.482131	-0.139387	0.197091	0.100569	
0.676904	-0.084451	-0.546389	1.000000	0.223981	-0.080401	0.008760	0.781546	0.016540	0.120401	0.114981	
-0.245501	-0.015195	-0.261138	0.223981	1.000000	-0.948635	-0.750552	-0.001295	0.222735	-0.348791	-0.473969	
0.369640	0.091244	0.284411	-0.080401	-0.948635	1.000000	0.839721	0.142124	-0.262145	0.443828	0.577758	
0.583106	-0.227587	0.158540	0.008760	-0.750552	0.839721	1.000000	0.128989	-0.331134	0.501730	0.800824	
0.656854	-0.072610	-0.482131	0.781546	-0.001295	0.142124	0.128989	1.000000	0.124406	-0.073929	0.061390	
-0.164193	0.022882	-0.139387	0.016540	0.222735	-0.262145	-0.331134	0.124406	1.000000	-0.877999	-0.628757	
0.316557	0.061764	0.197091	0.120401	-0.348791	0.443828	0.501730	-0.073929	-0.877999	1.000000	0.800859	
0.578365	-0.242142	0.100569	0.114981	-0.473969	0.577758	0.800824	0.061390	-0.628757	0.800859	1.000000	

Time taken for mcmc chain: 59.400000 minutes
