Number of steps: 1248218
Number of accepted steps: 302697
Burn-in number of steps: 12000
Accepted fraction of steps: 0.242503
Convergence Status
R[0]= 1.002061	R[1]= 1.001073	R[2]= 1.000698	R[3]= 1.000969	R[4]= 1.001255	R[5]= 1.000575	R[6]= 1.000733	R[7]= 1.001012	R[8]= 1.000618	R[9]= 1.000621	R[10]= 1.000695	
<R>= 1.000937

Mean parameters
A[0]= 1.005559 pm 0.043282
A[1]= 1.013830 pm 0.019998
A[2]= 0.839321 pm 0.088947
A[3]= 2.187043 pm 0.057636
A[4]= -0.909929 pm 1.095173
A[5]= 1.365277 pm 0.283689
A[6]= 3.999334 pm 0.507602
A[7]= 2.120800 pm 0.055531
A[8]= 0.185787 pm 1.119926
A[9]= 1.210951 pm 0.208960
A[10]= 4.116402 pm 0.424574

Best-fitting parameters
A[0]= 0.999870
A[1]= 1.008826
A[2]= 0.806996
A[3]= 2.184583
A[4]= -1.141110
A[5]= 1.365247
A[6]= 3.827317
A[7]= 2.132164
A[8]= 0.473042
A[9]= 1.092675
A[10]= 3.837210
chi2_min= 62.271050


Cross-Covariance parameters
1.000000	-0.466775	-0.602451	0.599220	-0.245202	0.380003	0.481255	0.716680	-0.138102	0.299141	0.465389	
-0.466775	1.000000	0.679015	-0.083439	0.064426	-0.045342	-0.153302	-0.159723	0.022327	0.060343	-0.092219	
-0.602451	0.679015	1.000000	-0.654122	-0.247436	0.228557	0.260479	-0.594598	-0.079521	0.123093	0.234525	
0.599220	-0.083439	-0.654122	1.000000	0.481509	-0.391630	-0.295767	0.693779	0.018090	0.063691	-0.090471	
-0.245202	0.064426	-0.247436	0.481509	1.000000	-0.961750	-0.785892	0.017567	0.135120	-0.238155	-0.496393	
0.380003	-0.045342	0.228557	-0.391630	-0.961750	1.000000	0.880521	0.086237	-0.169744	0.311546	0.595461	
0.481255	-0.153302	0.260479	-0.295767	-0.785892	0.880521	1.000000	0.066190	-0.232420	0.394989	0.767448	
0.716680	-0.159723	-0.594598	0.693779	0.017567	0.086237	0.066190	1.000000	0.252617	-0.195801	-0.048010	
-0.138102	0.022327	-0.079521	0.018090	0.135120	-0.169744	-0.232420	0.252617	1.000000	-0.909156	-0.570384	
0.299141	0.060343	0.123093	0.063691	-0.238155	0.311546	0.394989	-0.195801	-0.909156	1.000000	0.748242	
0.465389	-0.092219	0.234525	-0.090471	-0.496393	0.595461	0.767448	-0.048010	-0.570384	0.748242	1.000000	

Time taken for mcmc chain: 11.393056 hours
