Number of steps: 1943795
Number of accepted steps: 315083
Burn-in number of steps: 12000
Accepted fraction of steps: 0.162097
Convergence Status
R[0]= 1.005307	R[1]= 1.005171	R[2]= 1.006743	R[3]= 1.006827	R[4]= 1.002782	R[5]= 1.000845	R[6]= 1.000540	R[7]= 1.005722	R[8]= 1.001673	R[9]= 1.000941	R[10]= 1.001057	
<R>= 1.003419

Mean parameters
A[0]= 1.011095 pm 0.102675
A[1]= 1.002276 pm 0.045455
A[2]= 0.906324 pm 0.205818
A[3]= 2.192683 pm 0.118997
A[4]= -0.471181 pm 1.582550
A[5]= 1.506552 pm 0.465419
A[6]= 4.624208 pm 0.796808
A[7]= 2.225336 pm 0.135305
A[8]= 1.703186 pm 1.890938
A[9]= 1.111259 pm 0.321030
A[10]= 4.339159 pm 0.579924

Best-fitting parameters
A[0]= 1.005383
A[1]= 0.996520
A[2]= 0.909956
A[3]= 2.168855
A[4]= -1.495922
A[5]= 1.728265
A[6]= 4.782282
A[7]= 2.244518
A[8]= 2.887486
A[9]= 0.853369
A[10]= 4.231042
chi2_min= 74.186040


Cross-Covariance parameters
1.000000	-0.583219	-0.803308	0.870786	-0.468505	0.526981	0.617472	0.859890	-0.158479	0.270864	0.563341	
-0.583219	1.000000	0.790912	-0.334309	0.152616	-0.072542	-0.251112	-0.307041	0.034141	0.035742	-0.203853	
-0.803308	0.790912	1.000000	-0.761033	0.191518	-0.122836	-0.150501	-0.715850	0.108859	-0.004834	-0.105642	
0.870786	-0.334309	-0.761033	1.000000	-0.271842	0.257770	0.290694	0.896311	-0.147261	0.194539	0.309947	
-0.468505	0.152616	0.191518	-0.271842	1.000000	-0.895361	-0.713265	-0.381798	0.074000	-0.222915	-0.456014	
0.526981	-0.072542	-0.122836	0.257770	-0.895361	1.000000	0.865263	0.418296	-0.111533	0.328260	0.608052	
0.617472	-0.251112	-0.150501	0.290694	-0.713265	0.865263	1.000000	0.383878	-0.106661	0.382854	0.800754	
0.859890	-0.307041	-0.715850	0.896311	-0.381798	0.418296	0.383878	1.000000	-0.230811	0.064500	0.290470	
-0.158479	0.034141	0.108859	-0.147261	0.074000	-0.111533	-0.106661	-0.230811	1.000000	-0.583055	-0.278410	
0.270864	0.035742	-0.004834	0.194539	-0.222915	0.328260	0.382854	0.064500	-0.583055	1.000000	0.692301	
0.563341	-0.203853	-0.105642	0.309947	-0.456014	0.608052	0.800754	0.290470	-0.278410	0.692301	1.000000	

Time taken for mcmc chain: 23.230556 hours
