Number of steps: 1614371
Number of accepted steps: 311710
Burn-in number of steps: 12000
Accepted fraction of steps: 0.193084
Convergence Status
R[0]= 1.002061	R[1]= 1.000441	R[2]= 1.000192	R[3]= 1.000594	R[4]= 1.002359	R[5]= 1.002258	R[6]= 1.003704	R[7]= 1.000237	R[8]= 1.004271	R[9]= 1.006008	R[10]= 1.007557	
<R>= 1.002698

Mean parameters
A[0]= 1.006918 pm 0.066420
A[1]= 0.976040 pm 0.034950
A[2]= 0.618686 pm 0.144624
A[3]= 2.295647 pm 0.081823
A[4]= -0.066804 pm 1.167275
A[5]= 1.088377 pm 0.368121
A[6]= 3.086786 pm 0.551334
A[7]= 2.249806 pm 0.095974
A[8]= -0.724584 pm 1.772956
A[9]= 1.491126 pm 0.573197
A[10]= 3.420581 pm 0.785125

Best-fitting parameters
A[0]= 0.971582
A[1]= 0.986571
A[2]= 0.643444
A[3]= 2.288683
A[4]= -0.045140
A[5]= 0.980134
A[6]= 2.871777
A[7]= 2.248441
A[8]= -0.742311
A[9]= 1.304481
A[10]= 2.949774
chi2_min= 51.174860


Cross-Covariance parameters
1.000000	-0.509552	-0.754857	0.723355	-0.176494	0.298162	0.326460	0.619919	-0.088560	0.193700	0.316437	
-0.509552	1.000000	0.727838	-0.070616	0.058096	-0.043433	-0.108269	-0.060401	0.041928	-0.018317	-0.129548	
-0.754857	0.727838	1.000000	-0.615658	-0.038023	0.028088	0.210273	-0.534385	-0.063900	0.048693	0.143885	
0.723355	-0.070616	-0.615658	1.000000	0.257624	-0.204509	-0.173139	0.697002	0.035930	0.054089	-0.038365	
-0.176494	0.058096	-0.038023	0.257624	1.000000	-0.942663	-0.545396	-0.015504	0.086179	-0.123464	-0.262154	
0.298162	-0.043433	0.028088	-0.204509	-0.942663	1.000000	0.684187	0.086140	-0.124776	0.184929	0.368871	
0.326460	-0.108269	0.210273	-0.173139	-0.545396	0.684187	1.000000	-0.069106	-0.227583	0.310845	0.698662	
0.619919	-0.060401	-0.534385	0.697002	-0.015504	0.086140	-0.069106	1.000000	0.441961	-0.446245	-0.259193	
-0.088560	0.041928	-0.063900	0.035930	0.086179	-0.124776	-0.227583	0.441961	1.000000	-0.928023	-0.579873	
0.193700	-0.018317	0.048693	0.054089	-0.123464	0.184929	0.310845	-0.446245	-0.928023	1.000000	0.698762	
0.316437	-0.129548	0.143885	-0.038365	-0.262154	0.368871	0.698662	-0.259193	-0.579873	0.698762	1.000000	

Time taken for mcmc chain: 16.015556 hours
