Number of steps: 943611
Number of accepted steps: 307392
Burn-in number of steps: 12000
Accepted fraction of steps: 0.325761
Convergence Status
R[0]= 1.001608	R[1]= 1.000130	R[2]= 1.000434	R[3]= 1.001684	R[4]= 1.000911	R[5]= 1.001075	R[6]= 1.001338	R[7]= 1.001368	R[8]= 1.001066	R[9]= 1.002980	R[10]= 1.002073	
<R>= 1.001333

Mean parameters
A[0]= 0.969834 pm 0.045804
A[1]= 1.011787 pm 0.018018
A[2]= 0.940157 pm 0.089412
A[3]= 2.067088 pm 0.056694
A[4]= -1.002460 pm 0.776928
A[5]= 1.415353 pm 0.210036
A[6]= 4.331122 pm 0.462109
A[7]= 2.107765 pm 0.060043
A[8]= 0.943850 pm 1.214806
A[9]= 1.049706 pm 0.167572
A[10]= 4.160731 pm 0.358137

Best-fitting parameters
A[0]= 0.947736
A[1]= 1.010082
A[2]= 0.946079
A[3]= 2.053562
A[4]= -1.003484
A[5]= 1.354905
A[6]= 4.148984
A[7]= 2.095908
A[8]= 1.321457
A[9]= 0.927652
A[10]= 3.963712
chi2_min= 51.695010


Cross-Covariance parameters
1.000000	-0.473908	-0.649102	0.755308	-0.267303	0.459155	0.527603	0.806312	-0.162008	0.355307	0.520675	
-0.473908	1.000000	0.662505	-0.201495	0.088123	-0.052206	-0.185253	-0.222730	0.032849	0.023519	-0.132233	
-0.649102	0.662505	1.000000	-0.728974	-0.179581	0.119714	0.167464	-0.666810	0.009186	0.039831	0.150009	
0.755308	-0.201495	-0.728974	1.000000	0.291138	-0.108335	-0.055281	0.805585	-0.076098	0.170723	0.091399	
-0.267303	0.088123	-0.179581	0.291138	1.000000	-0.950823	-0.777482	-0.049986	0.103525	-0.243526	-0.488916	
0.459155	-0.052206	0.119714	-0.108335	-0.950823	1.000000	0.878744	0.226545	-0.145111	0.350937	0.618474	
0.527603	-0.185253	0.167464	-0.055281	-0.777482	0.878744	1.000000	0.184173	-0.177594	0.419012	0.791145	
0.806312	-0.222730	-0.666810	0.805585	-0.049986	0.226545	0.184173	1.000000	-0.031978	0.026477	0.138047	
-0.162008	0.032849	0.009186	-0.076098	0.103525	-0.145111	-0.177594	-0.031978	1.000000	-0.820973	-0.459454	
0.355307	0.023519	0.039831	0.170723	-0.243526	0.350937	0.419012	0.026477	-0.820973	1.000000	0.729654	
0.520675	-0.132233	0.150009	0.091399	-0.488916	0.618474	0.791145	0.138047	-0.459454	0.729654	1.000000	

Time taken for mcmc chain: 9.454722 hours
