Number of steps: 1271021
Number of accepted steps: 308542
Burn-in number of steps: 12000
Accepted fraction of steps: 0.242751
Convergence Status
R[0]= 1.003854	R[1]= 1.001051	R[2]= 1.003265	R[3]= 1.003192	R[4]= 1.001115	R[5]= 1.001958	R[6]= 1.002143	R[7]= 1.001365	R[8]= 1.002107	R[9]= 1.002683	R[10]= 1.002615	
<R>= 1.002304

Mean parameters
A[0]= 1.052856 pm 0.064481
A[1]= 0.952316 pm 0.022702
A[2]= 0.685404 pm 0.101728
A[3]= 2.159233 pm 0.062027
A[4]= -0.490004 pm 0.944683
A[5]= 1.244219 pm 0.240992
A[6]= 4.235474 pm 0.622594
A[7]= 2.070825 pm 0.070235
A[8]= -1.710820 pm 1.013984
A[9]= 1.589348 pm 0.297865
A[10]= 4.516901 pm 0.834518

Best-fitting parameters
A[0]= 1.032568
A[1]= 0.950663
A[2]= 0.720940
A[3]= 2.137346
A[4]= -0.391228
A[5]= 1.173255
A[6]= 4.109788
A[7]= 2.035768
A[8]= -1.978439
A[9]= 1.621270
A[10]= 4.518361
chi2_min= 50.894390


Cross-Covariance parameters
1.000000	-0.592243	-0.715965	0.768237	-0.349017	0.524375	0.642639	0.698046	-0.229383	0.414653	0.587403	
-0.592243	1.000000	0.705274	-0.250864	0.154917	-0.154429	-0.342312	-0.244995	0.105295	-0.111636	-0.334512	
-0.715965	0.705274	1.000000	-0.738206	-0.077084	0.004847	-0.034845	-0.666580	-0.085508	0.003019	-0.043647	
0.768237	-0.250864	-0.738206	1.000000	0.157235	0.019281	0.108738	0.770537	-0.012752	0.181697	0.174957	
-0.349017	0.154917	-0.077084	0.157235	1.000000	-0.948325	-0.772751	-0.060599	0.280143	-0.355773	-0.510899	
0.524375	-0.154429	0.004847	0.019281	-0.948325	1.000000	0.886774	0.205743	-0.325484	0.453676	0.628110	
0.642639	-0.342312	-0.034845	0.108738	-0.772751	0.886774	1.000000	0.196538	-0.402362	0.536413	0.795403	
0.698046	-0.244995	-0.666580	0.770537	-0.060599	0.205743	0.196538	1.000000	0.377436	-0.209154	-0.012874	
-0.229383	0.105295	-0.085508	-0.012752	0.280143	-0.325484	-0.402362	0.377436	1.000000	-0.954325	-0.729042	
0.414653	-0.111636	0.003019	0.181697	-0.355773	0.453676	0.536413	-0.209154	-0.954325	1.000000	0.837848	
0.587403	-0.334512	-0.043647	0.174957	-0.510899	0.628110	0.795403	-0.012874	-0.729042	0.837848	1.000000	

Time taken for mcmc chain: 14.607222 hours
