Number of steps: 7813293
Number of accepted steps: 306022
Burn-in number of steps: 12000
Accepted fraction of steps: 0.039167
Convergence Status
R[0]= 1.001568	R[1]= 1.002038	R[2]= 1.002562	R[3]= 1.001268	R[4]= 1.002131	R[5]= 1.004533	R[6]= 1.006087	R[7]= 1.001233	R[8]= 1.002648	R[9]= 1.006070	R[10]= 1.009328	
<R>= 1.003588

Mean parameters
A[0]= 1.073937 pm 0.093508
A[1]= 1.011564 pm 0.042517
A[2]= 0.840028 pm 0.188982
A[3]= 2.277357 pm 0.100852
A[4]= -1.803331 pm 0.964713
A[5]= 2.005000 pm 0.459683
A[6]= 5.338505 pm 1.052608
A[7]= 2.298966 pm 0.112906
A[8]= 0.501503 pm 2.103068
A[9]= 1.453250 pm 0.497072
A[10]= 4.744367 pm 0.851158

Best-fitting parameters
A[0]= 1.042303
A[1]= 1.019883
A[2]= 0.889333
A[3]= 2.253852
A[4]= -1.821989
A[5]= 1.945196
A[6]= 5.071410
A[7]= 2.296367
A[8]= 2.108825
A[9]= 0.996075
A[10]= 4.327108
chi2_min= 50.078090


Cross-Covariance parameters
1.000000	-0.552915	-0.678885	0.819866	-0.368755	0.527349	0.631339	0.782559	-0.179787	0.324847	0.553371	
-0.552915	1.000000	0.753955	-0.262669	0.097372	-0.050991	-0.267528	-0.241152	0.000119	0.038463	-0.172543	
-0.678885	0.753955	1.000000	-0.686014	-0.080324	0.045387	0.004673	-0.641408	-0.018054	0.088098	0.061939	
0.819866	-0.262669	-0.686014	1.000000	0.012258	0.169026	0.210578	0.858648	-0.122371	0.200024	0.238368	
-0.368755	0.097372	-0.080324	0.012258	1.000000	-0.950387	-0.776778	-0.158372	0.156089	-0.313336	-0.520489	
0.527349	-0.050991	0.045387	0.169026	-0.950387	1.000000	0.870282	0.317940	-0.206307	0.409137	0.636693	
0.631339	-0.267528	0.004673	0.210578	-0.776778	0.870282	1.000000	0.266761	-0.227583	0.453893	0.795299	
0.782559	-0.241152	-0.641408	0.858648	-0.158372	0.317940	0.266761	1.000000	-0.066873	0.001193	0.146848	
-0.179787	0.000119	-0.018054	-0.122371	0.156089	-0.206307	-0.227583	-0.066873	1.000000	-0.800164	-0.527518	
0.324847	0.038463	0.088098	0.200024	-0.313336	0.409137	0.453893	0.001193	-0.800164	1.000000	0.799671	
0.553371	-0.172543	0.061939	0.238368	-0.520489	0.636693	0.795299	0.146848	-0.527518	0.799671	1.000000	

Time taken for mcmc chain: 3.997176 days
