Number of steps: 1199426
Number of accepted steps: 309840
Burn-in number of steps: 12000
Accepted fraction of steps: 0.258324
Convergence Status
R[0]= 1.000461	R[1]= 1.001575	R[2]= 1.001188	R[3]= 1.000592	R[4]= 1.005615	R[5]= 1.006815	R[6]= 1.003238	R[7]= 1.000522	R[8]= 1.000895	R[9]= 1.000621	R[10]= 1.001389	
<R>= 1.002083

Mean parameters
A[0]= 1.010262 pm 0.030673
A[1]= 0.993534 pm 0.017232
A[2]= 0.829813 pm 0.073242
A[3]= 2.185600 pm 0.041614
A[4]= 1.038547 pm 1.126123
A[5]= 1.022254 pm 0.163359
A[6]= 3.909015 pm 0.289313
A[7]= 2.134095 pm 0.050922
A[8]= -0.575460 pm 1.143935
A[9]= 1.286988 pm 0.249840
A[10]= 4.315305 pm 0.442694

Best-fitting parameters
A[0]= 1.005276
A[1]= 0.993101
A[2]= 0.809200
A[3]= 2.197193
A[4]= 1.676655
A[5]= 0.896384
A[6]= 3.709043
A[7]= 2.134247
A[8]= -0.771562
A[9]= 1.285572
A[10]= 4.142365
chi2_min= 80.622330


Cross-Covariance parameters
1.000000	-0.395282	-0.575485	0.716868	-0.127832	0.238788	0.367469	0.562281	-0.083555	0.177966	0.318598	
-0.395282	1.000000	0.673553	-0.020556	-0.092733	0.173824	0.026074	-0.033151	-0.022852	0.095591	-0.021047	
-0.575485	0.673553	1.000000	-0.566171	-0.163266	0.266095	0.394102	-0.498916	-0.160330	0.206207	0.305256	
0.716868	-0.020556	-0.566171	1.000000	0.090280	-0.146268	-0.132286	0.651825	0.047637	0.025264	-0.038731	
-0.127832	-0.092733	-0.163266	0.090280	1.000000	-0.884407	-0.553808	0.011313	0.104447	-0.150457	-0.233136	
0.238788	0.173824	0.266095	-0.146268	-0.884407	1.000000	0.762167	0.017089	-0.159422	0.243644	0.386615	
0.367469	0.026074	0.394102	-0.132286	-0.553808	0.762167	1.000000	-0.086195	-0.256387	0.364221	0.657502	
0.562281	-0.033151	-0.498916	0.651825	0.011313	0.017089	-0.086195	1.000000	0.500622	-0.499404	-0.370765	
-0.083555	-0.022852	-0.160330	0.047637	0.104447	-0.159422	-0.256387	0.500622	1.000000	-0.948919	-0.708598	
0.177966	0.095591	0.206207	0.025264	-0.150457	0.243644	0.364221	-0.499404	-0.948919	1.000000	0.816905	
0.318598	-0.021047	0.305256	-0.038731	-0.233136	0.386615	0.657502	-0.370765	-0.708598	0.816905	1.000000	

Time taken for mcmc chain: 10.323611 hours
