Number of steps: 1520550
Number of accepted steps: 310061
Burn-in number of steps: 12000
Accepted fraction of steps: 0.203914
Convergence Status
R[0]= 1.000561	R[1]= 1.000674	R[2]= 1.000391	R[3]= 1.000162	R[4]= 1.000359	R[5]= 1.000329	R[6]= 1.000928	R[7]= 1.000067	R[8]= 1.001630	R[9]= 1.002219	R[10]= 1.002744	
<R>= 1.000915

Mean parameters
A[0]= 1.018678 pm 0.071321
A[1]= 1.020314 pm 0.029575
A[2]= 0.830497 pm 0.143202
A[3]= 2.244361 pm 0.087718
A[4]= -0.255096 pm 1.490810
A[5]= 1.435019 pm 0.455263
A[6]= 4.019970 pm 0.676339
A[7]= 2.278653 pm 0.094645
A[8]= -0.983460 pm 1.489998
A[9]= 1.629475 pm 0.534145
A[10]= 4.325562 pm 0.818096

Best-fitting parameters
A[0]= 0.983918
A[1]= 1.013209
A[2]= 0.820892
A[3]= 2.216494
A[4]= -0.383414
A[5]= 1.295243
A[6]= 3.695434
A[7]= 2.261818
A[8]= -0.503831
A[9]= 1.302984
A[10]= 3.855351
chi2_min= 46.331770


Cross-Covariance parameters
1.000000	-0.444420	-0.662143	0.764961	-0.259107	0.405083	0.477907	0.720387	-0.174613	0.336687	0.482162	
-0.444420	1.000000	0.654092	-0.148650	0.026883	-0.010677	-0.114759	-0.137365	0.057918	-0.039467	-0.159947	
-0.662143	0.654092	1.000000	-0.703865	-0.116434	0.107489	0.208351	-0.628452	-0.073825	0.044405	0.124662	
0.764961	-0.148650	-0.703865	1.000000	0.170188	-0.105561	-0.055759	0.760655	-0.017770	0.133409	0.083220	
-0.259107	0.026883	-0.116434	0.170188	1.000000	-0.923440	-0.680778	-0.065010	0.141163	-0.226112	-0.391494	
0.405083	-0.010677	0.107489	-0.105561	-0.923440	1.000000	0.832397	0.162324	-0.189040	0.311480	0.521050	
0.477907	-0.114759	0.208351	-0.055759	-0.680778	0.832397	1.000000	0.090781	-0.287345	0.428355	0.746663	
0.720387	-0.137365	-0.628452	0.760655	-0.065010	0.162324	0.090781	1.000000	0.314614	-0.226121	-0.058756	
-0.174613	0.057918	-0.073825	-0.017770	0.141163	-0.189040	-0.287345	0.314614	1.000000	-0.942633	-0.660054	
0.336687	-0.039467	0.044405	0.133409	-0.226112	0.311480	0.428355	-0.226121	-0.942633	1.000000	0.796842	
0.482162	-0.159947	0.124662	0.083220	-0.391494	0.521050	0.746663	-0.058756	-0.660054	0.796842	1.000000	

Time taken for mcmc chain: 15.466111 hours
