Number of steps: 769367
Number of accepted steps: 308166
Burn-in number of steps: 12000
Accepted fraction of steps: 0.400545
Convergence Status
R[0]= 1.002776	R[1]= 1.000309	R[2]= 1.000421	R[3]= 1.000549	R[4]= 1.002403	R[5]= 1.002728	R[6]= 1.002518	R[7]= 1.001361	R[8]= 1.002389	R[9]= 1.000560	R[10]= 1.000507	
<R>= 1.001502

Mean parameters
A[0]= 1.010444 pm 0.030688
A[1]= 0.979053 pm 0.016889
A[2]= 0.788842 pm 0.074546
A[3]= 2.160883 pm 0.043933
A[4]= -0.327907 pm 0.750431
A[5]= 1.188346 pm 0.172209
A[6]= 3.973194 pm 0.347449
A[7]= 2.103912 pm 0.046971
A[8]= 0.091934 pm 1.002978
A[9]= 1.152046 pm 0.183200
A[10]= 4.061738 pm 0.346262

Best-fitting parameters
A[0]= 1.012273
A[1]= 0.984627
A[2]= 0.777101
A[3]= 2.177015
A[4]= -0.315927
A[5]= 1.175518
A[6]= 3.850272
A[7]= 2.132582
A[8]= 0.005328
A[9]= 1.126492
A[10]= 3.921720
chi2_min= 57.048990


Cross-Covariance parameters
1.000000	-0.451439	-0.614654	0.640467	-0.094381	0.215039	0.311873	0.631958	-0.063550	0.159808	0.287631	
-0.451439	1.000000	0.633982	-0.029908	0.024497	0.057304	-0.092693	-0.060332	0.007790	0.087600	-0.061809	
-0.614654	0.633982	1.000000	-0.631250	-0.272746	0.301361	0.395428	-0.546035	-0.088744	0.153131	0.335369	
0.640467	-0.029908	-0.631250	1.000000	0.488394	-0.406598	-0.357664	0.675972	0.043237	0.016215	-0.161442	
-0.094381	0.024497	-0.272746	0.488394	1.000000	-0.957961	-0.720005	0.101439	0.081322	-0.131498	-0.358430	
0.215039	0.057304	0.301361	-0.406598	-0.957961	1.000000	0.816042	-0.013770	-0.106755	0.199300	0.450293	
0.311873	-0.092693	0.395428	-0.357664	-0.720005	0.816042	1.000000	-0.100305	-0.163042	0.275324	0.681486	
0.631958	-0.060332	-0.546035	0.675972	0.101439	-0.013770	-0.100305	1.000000	0.350825	-0.365292	-0.265306	
-0.063550	0.007790	-0.088744	0.043237	0.081322	-0.106755	-0.163042	0.350825	1.000000	-0.928281	-0.567529	
0.159808	0.087600	0.153131	0.016215	-0.131498	0.199300	0.275324	-0.365292	-0.928281	1.000000	0.706002	
0.287631	-0.061809	0.335369	-0.161442	-0.358430	0.450293	0.681486	-0.265306	-0.567529	0.706002	1.000000	

Time taken for mcmc chain: 6.746667 hours
