Number of steps: 1316044
Number of accepted steps: 308998
Burn-in number of steps: 12000
Accepted fraction of steps: 0.234793
Convergence Status
R[0]= 1.000287	R[1]= 1.000370	R[2]= 1.000057	R[3]= 1.000293	R[4]= 1.000445	R[5]= 1.000233	R[6]= 1.000628	R[7]= 1.000422	R[8]= 1.001936	R[9]= 1.001000	R[10]= 1.000860	
<R>= 1.000594

Mean parameters
A[0]= 0.959064 pm 0.067574
A[1]= 1.011974 pm 0.030010
A[2]= 1.030123 pm 0.146614
A[3]= 2.166738 pm 0.084283
A[4]= -0.662292 pm 1.147709
A[5]= 1.433715 pm 0.381565
A[6]= 4.742195 pm 0.701626
A[7]= 2.115394 pm 0.090986
A[8]= -1.459562 pm 1.359116
A[9]= 1.713486 pm 0.481371
A[10]= 4.751948 pm 0.846745

Best-fitting parameters
A[0]= 0.938529
A[1]= 1.013953
A[2]= 1.082428
A[3]= 2.122807
A[4]= -1.397166
A[5]= 1.609272
A[6]= 4.832313
A[7]= 2.069285
A[8]= -1.714022
A[9]= 1.726440
A[10]= 4.674979
chi2_min= 60.598320


Cross-Covariance parameters
1.000000	-0.397073	-0.565139	0.815558	-0.326331	0.485111	0.574143	0.747498	-0.236958	0.398914	0.519733	
-0.397073	1.000000	0.668619	-0.162331	0.028184	0.028601	-0.091885	-0.159792	0.014920	0.026402	-0.094177	
-0.565139	0.668619	1.000000	-0.664025	-0.162023	0.171122	0.217793	-0.611279	-0.117289	0.115978	0.197296	
0.815558	-0.162331	-0.664025	1.000000	0.050049	0.069751	0.122411	0.810139	-0.073656	0.201779	0.163201	
-0.326331	0.028184	-0.162023	0.050049	1.000000	-0.933277	-0.749104	-0.098772	0.224425	-0.308064	-0.467024	
0.485111	0.028601	0.171122	0.069751	-0.933277	1.000000	0.883972	0.209308	-0.293418	0.423437	0.603300	
0.574143	-0.091885	0.217793	0.122411	-0.749104	0.883972	1.000000	0.177562	-0.367794	0.513162	0.775031	
0.747498	-0.159792	-0.611279	0.810139	-0.098772	0.209308	0.177562	1.000000	0.203501	-0.110946	0.016937	
-0.236958	0.014920	-0.117289	-0.073656	0.224425	-0.293418	-0.367794	0.203501	1.000000	-0.931071	-0.693639	
0.398914	0.026402	0.115978	0.201779	-0.308064	0.423437	0.513162	-0.110946	-0.931071	1.000000	0.831388	
0.519733	-0.094177	0.197296	0.163201	-0.467024	0.603300	0.775031	0.016937	-0.693639	0.831388	1.000000	

Time taken for mcmc chain: 14.859722 hours
