Number of steps: 877858
Number of accepted steps: 305136
Burn-in number of steps: 12000
Accepted fraction of steps: 0.347592
Convergence Status
R[0]= 1.001812	R[1]= 1.001543	R[2]= 1.001549	R[3]= 1.001173	R[4]= 1.001032	R[5]= 1.001573	R[6]= 1.001885	R[7]= 1.001446	R[8]= 1.001955	R[9]= 1.001326	R[10]= 1.001651	
<R>= 1.001540

Mean parameters
A[0]= 1.060767 pm 0.071478
A[1]= 0.960696 pm 0.021565
A[2]= 0.791759 pm 0.100842
A[3]= 2.180217 pm 0.065392
A[4]= -0.634060 pm 0.835682
A[5]= 1.305924 pm 0.232988
A[6]= 4.669437 pm 0.643903
A[7]= 2.085898 pm 0.071873
A[8]= -1.521460 pm 0.900912
A[9]= 1.546568 pm 0.259950
A[10]= 5.113096 pm 0.791496

Best-fitting parameters
A[0]= 1.036432
A[1]= 0.966324
A[2]= 0.806899
A[3]= 2.170231
A[4]= -0.500086
A[5]= 1.227162
A[6]= 4.377475
A[7]= 2.067023
A[8]= -1.631293
A[9]= 1.525906
A[10]= 4.909187
chi2_min= 42.402900


Cross-Covariance parameters
1.000000	-0.604836	-0.723714	0.842941	-0.433397	0.634565	0.755737	0.813211	-0.267376	0.502353	0.695492	
-0.604836	1.000000	0.726448	-0.339475	0.213220	-0.229904	-0.411554	-0.348523	0.119903	-0.153511	-0.390835	
-0.723714	0.726448	1.000000	-0.754325	0.028451	-0.128353	-0.194571	-0.705014	-0.013059	-0.100144	-0.184823	
0.842941	-0.339475	-0.754325	1.000000	-0.042568	0.260446	0.371535	0.843208	-0.115541	0.338896	0.396081	
-0.433397	0.213220	0.028451	-0.042568	1.000000	-0.937809	-0.769055	-0.222359	0.269903	-0.384235	-0.536183	
0.634565	-0.229904	-0.128353	0.260446	-0.937809	1.000000	0.903529	0.413303	-0.324950	0.505755	0.680795	
0.755737	-0.411554	-0.194571	0.371535	-0.769055	0.903529	1.000000	0.450735	-0.379556	0.574481	0.825861	
0.813211	-0.348523	-0.705014	0.843208	-0.222359	0.413303	0.450735	1.000000	0.153801	0.070669	0.281288	
-0.267376	0.119903	-0.013059	-0.115541	0.269903	-0.324950	-0.379556	0.153801	1.000000	-0.934180	-0.704133	
0.502353	-0.153511	-0.100144	0.338896	-0.384235	0.505755	0.574481	0.070669	-0.934180	1.000000	0.853622	
0.695492	-0.390835	-0.184823	0.396081	-0.536183	0.680795	0.825861	0.281288	-0.704133	0.853622	1.000000	

Time taken for mcmc chain: 10.131667 hours
