Number of steps: 1788849
Number of accepted steps: 307710
Burn-in number of steps: 12000
Accepted fraction of steps: 0.172016
Convergence Status
R[0]= 1.002015	R[1]= 1.000074	R[2]= 1.000403	R[3]= 1.001036	R[4]= 1.001912	R[5]= 1.003017	R[6]= 1.002234	R[7]= 1.002240	R[8]= 1.003298	R[9]= 1.002167	R[10]= 1.001775	
<R>= 1.001834

Mean parameters
A[0]= 1.011471 pm 0.039757
A[1]= 0.964250 pm 0.023926
A[2]= 0.791625 pm 0.090395
A[3]= 2.114782 pm 0.047672
A[4]= -0.568946 pm 0.755771
A[5]= 1.245647 pm 0.183565
A[6]= 4.224567 pm 0.437956
A[7]= 2.047932 pm 0.056578
A[8]= -1.355254 pm 1.227790
A[9]= 1.449704 pm 0.278787
A[10]= 4.576851 pm 0.639033

Best-fitting parameters
A[0]= 1.006912
A[1]= 0.952790
A[2]= 0.784624
A[3]= 2.101123
A[4]= -0.476685
A[5]= 1.185542
A[6]= 4.160260
A[7]= 2.015524
A[8]= -1.711030
A[9]= 1.484707
A[10]= 4.617281
chi2_min= 60.034730


Cross-Covariance parameters
1.000000	-0.498600	-0.616383	0.638250	-0.229217	0.348436	0.476179	0.546296	-0.124661	0.235403	0.418443	
-0.498600	1.000000	0.712196	-0.010592	0.073038	0.042653	-0.173699	-0.033257	0.020803	0.047605	-0.175471	
-0.616383	0.712196	1.000000	-0.557229	-0.185552	0.232957	0.228559	-0.492981	-0.163802	0.195544	0.178414	
0.638250	-0.010592	-0.557229	1.000000	0.353584	-0.222534	-0.189176	0.684463	0.086962	0.009104	-0.064857	
-0.229217	0.073038	-0.185552	0.353584	1.000000	-0.947977	-0.751516	0.085666	0.201775	-0.260846	-0.422140	
0.348436	0.042653	0.232957	-0.222534	-0.947977	1.000000	0.843406	0.017444	-0.241408	0.344201	0.507755	
0.476179	-0.173699	0.228559	-0.189176	-0.751516	0.843406	1.000000	-0.066001	-0.327263	0.431871	0.714431	
0.546296	-0.033257	-0.492981	0.684463	0.085666	0.017444	-0.066001	1.000000	0.485038	-0.455338	-0.323116	
-0.124661	0.020803	-0.163802	0.086962	0.201775	-0.241408	-0.327263	0.485038	1.000000	-0.934128	-0.718938	
0.235403	0.047605	0.195544	0.009104	-0.260846	0.344201	0.431871	-0.455338	-0.934128	1.000000	0.829812	
0.418443	-0.175471	0.178414	-0.064857	-0.422140	0.507755	0.714431	-0.323116	-0.718938	0.829812	1.000000	

Time taken for mcmc chain: 17.455000 hours
