Number of steps: 2197634
Number of accepted steps: 600000
Burn-in number of steps: 12000
Accepted fraction of steps: 0.273021
Convergence Status
R[0]= 1.001210	R[1]= 1.010707	R[2]= 1.005662	R[3]= 1.000222	R[4]= 1.000228	R[5]= 1.000174	R[6]= 1.001175	R[7]= 1.000619	R[8]= 1.004232	R[9]= 1.002833	R[10]= 1.002480	
<R>= 1.002686

Mean parameters
A[0]= 0.997628 pm 0.085695
A[1]= 0.966251 pm 0.039826
A[2]= 0.640923 pm 0.169151
A[3]= 2.296075 pm 0.096360
A[4]= -0.632625 pm 1.110941
A[5]= 1.231313 pm 0.426032
A[6]= 3.713559 pm 0.814223
A[7]= 2.216042 pm 0.099988
A[8]= -1.263248 pm 1.433672
A[9]= 1.624549 pm 0.494842
A[10]= 4.359615 pm 0.961794

Best-fitting parameters
A[0]= 0.948032
A[1]= 0.959963
A[2]= 0.662970
A[3]= 2.248755
A[4]= -0.511391
A[5]= 1.070394
A[6]= 3.394888
A[7]= 2.144122
A[8]= -1.768695
A[9]= 1.655528
A[10]= 3.976643
chi2_min= 54.221520


Cross-Covariance parameters
1.000000	-0.540426	-0.754070	0.747748	-0.245600	0.404463	0.519473	0.759105	-0.152264	0.318014	0.536723	
-0.540426	1.000000	0.724322	-0.107462	0.101365	-0.096199	-0.277372	-0.166699	-0.012333	0.031596	-0.238128	
-0.754070	0.724322	1.000000	-0.665554	-0.103114	0.044866	0.020692	-0.631277	-0.051189	-0.000736	-0.050227	
0.747748	-0.107462	-0.665554	1.000000	0.232516	-0.086646	-0.019922	0.807851	-0.056841	0.208687	0.155883	
-0.245600	0.101365	-0.103114	0.232516	1.000000	-0.954490	-0.723261	-0.048549	0.151741	-0.219798	-0.441657	
0.404463	-0.096199	0.044866	-0.086646	-0.954490	1.000000	0.835295	0.187928	-0.202900	0.313151	0.562636	
0.519473	-0.277372	0.020692	-0.019922	-0.723261	0.835295	1.000000	0.159240	-0.249800	0.371074	0.753876	
0.759105	-0.166699	-0.631277	0.807851	-0.048549	0.187928	0.159240	1.000000	0.205179	-0.087649	0.085813	
-0.152264	-0.012333	-0.051189	-0.056841	0.151741	-0.202900	-0.249800	0.205179	1.000000	-0.926508	-0.619765	
0.318014	0.031596	-0.000736	0.208687	-0.219798	0.313151	0.371074	-0.087649	-0.926508	1.000000	0.761557	
0.536723	-0.238128	-0.050227	0.155883	-0.441657	0.562636	0.753876	0.085813	-0.619765	0.761557	1.000000	

Time taken for mcmc chain: 1.052639 days
