Number of steps: 1950032
Number of accepted steps: 304897
Burn-in number of steps: 12000
Accepted fraction of steps: 0.156355
Convergence Status
R[0]= 1.003302	R[1]= 1.001375	R[2]= 1.003041	R[3]= 1.003874	R[4]= 1.004473	R[5]= 1.002852	R[6]= 1.002418	R[7]= 1.004625	R[8]= 1.008765	R[9]= 1.003935	R[10]= 1.003728	
<R>= 1.003853

Mean parameters
A[0]= 1.064882 pm 0.058070
A[1]= 0.997266 pm 0.020356
A[2]= 0.783541 pm 0.096017
A[3]= 2.204944 pm 0.060357
A[4]= -0.332084 pm 0.915582
A[5]= 1.336653 pm 0.226976
A[6]= 4.256255 pm 0.496867
A[7]= 2.207723 pm 0.065755
A[8]= -0.849862 pm 1.873340
A[9]= 1.488892 pm 0.356360
A[10]= 4.826458 pm 0.724039

Best-fitting parameters
A[0]= 1.061839
A[1]= 0.995536
A[2]= 0.803440
A[3]= 2.185816
A[4]= -0.896817
A[5]= 1.436057
A[6]= 4.376781
A[7]= 2.190224
A[8]= -1.901492
A[9]= 1.660068
A[10]= 5.116461
chi2_min= 83.376450


Cross-Covariance parameters
1.000000	-0.565927	-0.705743	0.791331	-0.310566	0.492026	0.609199	0.701498	-0.274027	0.432136	0.606205	
-0.565927	1.000000	0.715856	-0.281740	0.127511	-0.109866	-0.271271	-0.245946	0.066525	-0.094635	-0.278346	
-0.705743	0.715856	1.000000	-0.736418	-0.066215	0.012099	0.012128	-0.653692	0.012960	-0.038056	-0.068000	
0.791331	-0.281740	-0.736418	1.000000	0.163643	0.005694	0.107211	0.759028	-0.139987	0.234257	0.253942	
-0.310566	0.127511	-0.066215	0.163643	1.000000	-0.940817	-0.736509	-0.055022	0.191818	-0.297471	-0.443405	
0.492026	-0.109866	0.012099	0.005694	-0.940817	1.000000	0.866475	0.200446	-0.262248	0.410074	0.581536	
0.609199	-0.271271	0.012128	0.107211	-0.736509	0.866475	1.000000	0.181606	-0.330250	0.504844	0.761100	
0.701498	-0.245946	-0.653692	0.759028	-0.055022	0.200446	0.181606	1.000000	0.114151	-0.139268	0.024508	
-0.274027	0.066525	0.012960	-0.139987	0.191818	-0.262248	-0.330250	0.114151	1.000000	-0.876066	-0.670263	
0.432136	-0.094635	-0.038056	0.234257	-0.297471	0.410074	0.504844	-0.139268	-0.876066	1.000000	0.862113	
0.606205	-0.278346	-0.068000	0.253942	-0.443405	0.581536	0.761100	0.024508	-0.670263	0.862113	1.000000	

Time taken for mcmc chain: 20.008056 hours
