Number of steps: 1374149
Number of accepted steps: 309678
Burn-in number of steps: 12000
Accepted fraction of steps: 0.225360
Convergence Status
R[0]= 1.001255	R[1]= 1.002555	R[2]= 1.001301	R[3]= 1.000261	R[4]= 1.006685	R[5]= 1.003684	R[6]= 1.002921	R[7]= 1.000624	R[8]= 1.000600	R[9]= 1.001389	R[10]= 1.002661	
<R>= 1.002176

Mean parameters
A[0]= 0.948371 pm 0.065151
A[1]= 1.030672 pm 0.034895
A[2]= 1.011871 pm 0.156360
A[3]= 2.136939 pm 0.086134
A[4]= -0.627683 pm 1.314131
A[5]= 1.494720 pm 0.402604
A[6]= 4.435641 pm 0.631303
A[7]= 2.200538 pm 0.094951
A[8]= 0.038790 pm 1.538534
A[9]= 1.237995 pm 0.400346
A[10]= 4.060233 pm 0.543260

Best-fitting parameters
A[0]= 0.932380
A[1]= 1.026737
A[2]= 1.003857
A[3]= 2.122222
A[4]= -1.231874
A[5]= 1.565727
A[6]= 4.340029
A[7]= 2.180247
A[8]= -0.423381
A[9]= 1.227281
A[10]= 3.905873
chi2_min= 40.041190


Cross-Covariance parameters
1.000000	-0.422639	-0.655742	0.796881	-0.303245	0.419995	0.468184	0.784305	-0.151755	0.269858	0.394867	
-0.422639	1.000000	0.714966	-0.153358	0.020872	0.059472	-0.047735	-0.145416	0.038240	0.039896	-0.010583	
-0.655742	0.714966	1.000000	-0.676483	-0.094709	0.131788	0.208768	-0.618833	-0.014096	0.078051	0.246033	
0.796881	-0.153358	-0.676483	1.000000	0.070757	-0.013338	-0.009962	0.822971	-0.065240	0.127714	0.038365	
-0.303245	0.020872	-0.094709	0.070757	1.000000	-0.917183	-0.724393	-0.125412	0.099703	-0.210127	-0.432671	
0.419995	0.059472	0.131788	-0.013338	-0.917183	1.000000	0.862992	0.216408	-0.137599	0.291417	0.557668	
0.468184	-0.047735	0.208768	-0.009962	-0.724393	0.862992	1.000000	0.139238	-0.193821	0.370480	0.759926	
0.784305	-0.145416	-0.618833	0.822971	-0.125412	0.216408	0.139238	1.000000	0.115167	-0.130006	-0.016919	
-0.151755	0.038240	-0.014096	-0.065240	0.099703	-0.137599	-0.193821	0.115167	1.000000	-0.884029	-0.520754	
0.269858	0.039896	0.078051	0.127714	-0.210127	0.291417	0.370480	-0.130006	-0.884029	1.000000	0.721304	
0.394867	-0.010583	0.246033	0.038365	-0.432671	0.557668	0.759926	-0.016919	-0.520754	0.721304	1.000000	

Time taken for mcmc chain: 16.663056 hours
