Number of steps: 1009680
Number of accepted steps: 305265
Burn-in number of steps: 12000
Accepted fraction of steps: 0.302338
Convergence Status
R[0]= 1.000686	R[1]= 1.000644	R[2]= 1.000157	R[3]= 1.000113	R[4]= 1.000930	R[5]= 1.001307	R[6]= 1.002053	R[7]= 1.000364	R[8]= 1.007156	R[9]= 1.005404	R[10]= 1.002734	
<R>= 1.001959

Mean parameters
A[0]= 0.915499 pm 0.047161
A[1]= 1.007519 pm 0.025606
A[2]= 0.930151 pm 0.109062
A[3]= 2.069810 pm 0.061033
A[4]= 0.125380 pm 0.865599
A[5]= 1.064356 pm 0.164153
A[6]= 3.663111 pm 0.275972
A[7]= 2.032623 pm 0.065606
A[8]= 0.423313 pm 1.077879
A[9]= 1.031831 pm 0.174875
A[10]= 3.534331 pm 0.287415

Best-fitting parameters
A[0]= 0.914679
A[1]= 1.011103
A[2]= 0.911964
A[3]= 2.086537
A[4]= 0.170344
A[5]= 1.028177
A[6]= 3.560913
A[7]= 2.052854
A[8]= 0.421838
A[9]= 0.986889
A[10]= 3.388238
chi2_min= 62.958690


Cross-Covariance parameters
1.000000	-0.528373	-0.791528	0.853958	-0.262335	0.386727	0.375583	0.830938	-0.118167	0.245335	0.271714	
-0.528373	1.000000	0.787856	-0.245093	0.104831	0.010526	-0.041974	-0.254627	0.048049	0.063350	0.024846	
-0.791528	0.787856	1.000000	-0.708639	0.047589	-0.023567	0.122335	-0.677290	0.020260	0.010589	0.184394	
0.853958	-0.245093	-0.708639	1.000000	0.049961	0.066990	0.026669	0.851488	-0.049191	0.180126	0.040913	
-0.262335	0.104831	0.047589	0.049961	1.000000	-0.923075	-0.639107	-0.138573	0.110295	-0.177742	-0.335875	
0.386727	0.010526	-0.023567	0.066990	-0.923075	1.000000	0.778596	0.268051	-0.141258	0.277543	0.465351	
0.375583	-0.041974	0.122335	0.026669	-0.639107	0.778596	1.000000	0.137493	-0.188591	0.348307	0.729869	
0.830938	-0.254627	-0.677290	0.851488	-0.138573	0.268051	0.137493	1.000000	0.125256	-0.079350	-0.033002	
-0.118167	0.048049	0.020260	-0.049191	0.110295	-0.141258	-0.188591	0.125256	1.000000	-0.884464	-0.480028	
0.245335	0.063350	0.010589	0.180126	-0.177742	0.277543	0.348307	-0.079350	-0.884464	1.000000	0.661716	
0.271714	0.024846	0.184394	0.040913	-0.335875	0.465351	0.729869	-0.033002	-0.480028	0.661716	1.000000	

Time taken for mcmc chain: 12.058889 hours
