Number of steps: 1108133
Number of accepted steps: 309358
Burn-in number of steps: 12000
Accepted fraction of steps: 0.279170
Convergence Status
R[0]= 1.000149	R[1]= 1.001111	R[2]= 1.001290	R[3]= 1.000486	R[4]= 1.000954	R[5]= 1.000342	R[6]= 1.000771	R[7]= 1.004176	R[8]= 1.002636	R[9]= 1.004220	R[10]= 1.003888	
<R>= 1.001820

Mean parameters
A[0]= 1.038162 pm 0.034394
A[1]= 1.000879 pm 0.018207
A[2]= 0.821818 pm 0.079221
A[3]= 2.189434 pm 0.045699
A[4]= -0.635107 pm 0.950351
A[5]= 1.359951 pm 0.226590
A[6]= 4.444199 pm 0.462962
A[7]= 2.101904 pm 0.053312
A[8]= -0.210074 pm 1.194635
A[9]= 1.305850 pm 0.253457
A[10]= 4.036521 pm 0.491461

Best-fitting parameters
A[0]= 1.013221
A[1]= 1.000127
A[2]= 0.839395
A[3]= 2.160815
A[4]= -0.943629
A[5]= 1.366467
A[6]= 4.328231
A[7]= 2.083580
A[8]= -0.105916
A[9]= 1.206892
A[10]= 3.841129
chi2_min= 56.785790


Cross-Covariance parameters
1.000000	-0.427365	-0.503819	0.568834	-0.240888	0.360024	0.476602	0.510809	-0.120148	0.236153	0.384057	
-0.427365	1.000000	0.631408	-0.016573	0.038554	0.032641	-0.120986	-0.037981	0.009252	0.062672	-0.072675	
-0.503819	0.631408	1.000000	-0.600818	-0.260888	0.296769	0.356130	-0.529220	-0.201844	0.258537	0.372409	
0.568834	-0.016573	-0.600818	1.000000	0.452341	-0.375579	-0.309073	0.628594	0.112678	-0.055062	-0.169978	
-0.240888	0.038554	-0.260888	0.452341	1.000000	-0.957010	-0.769389	0.092362	0.184203	-0.253288	-0.427699	
0.360024	0.032641	0.296769	-0.375579	-0.957010	1.000000	0.865022	-0.029949	-0.225098	0.330553	0.526298	
0.476602	-0.120986	0.356130	-0.309073	-0.769389	0.865022	1.000000	-0.117333	-0.315611	0.438790	0.735073	
0.510809	-0.037981	-0.529220	0.628594	0.092362	-0.029949	-0.117333	1.000000	0.499309	-0.502376	-0.364550	
-0.120148	0.009252	-0.201844	0.112678	0.184203	-0.225098	-0.315611	0.499309	1.000000	-0.934978	-0.664334	
0.236153	0.062672	0.258537	-0.055062	-0.253288	0.330553	0.438790	-0.502376	-0.934978	1.000000	0.796342	
0.384057	-0.072675	0.372409	-0.169978	-0.427699	0.526298	0.735073	-0.364550	-0.664334	0.796342	1.000000	

Time taken for mcmc chain: 10.139722 hours
