Number of steps: 1447000
Number of accepted steps: 309912
Burn-in number of steps: 12000
Accepted fraction of steps: 0.214176
Convergence Status
R[0]= 1.001342	R[1]= 1.001985	R[2]= 1.000610	R[3]= 1.000688	R[4]= 1.002491	R[5]= 1.002764	R[6]= 1.002557	R[7]= 1.000237	R[8]= 1.002276	R[9]= 1.002215	R[10]= 1.002633	
<R>= 1.001800

Mean parameters
A[0]= 1.184519 pm 0.096650
A[1]= 0.923335 pm 0.046127
A[2]= 0.462640 pm 0.183316
A[3]= 2.382926 pm 0.093568
A[4]= -0.669363 pm 1.227163
A[5]= 1.474350 pm 0.457105
A[6]= 4.498966 pm 0.956227
A[7]= 2.364939 pm 0.096091
A[8]= -0.415212 pm 1.508216
A[9]= 1.516788 pm 0.452992
A[10]= 5.334390 pm 1.011836

Best-fitting parameters
A[0]= 1.137704
A[1]= 0.922548
A[2]= 0.534996
A[3]= 2.315823
A[4]= -1.314561
A[5]= 1.612979
A[6]= 4.516839
A[7]= 2.308365
A[8]= -1.055527
A[9]= 1.579928
A[10]= 5.267998
chi2_min= 76.215120


Cross-Covariance parameters
1.000000	-0.590836	-0.769957	0.716586	-0.155131	0.291089	0.499695	0.741765	-0.115729	0.245161	0.539453	
-0.590836	1.000000	0.762751	-0.090770	0.022704	0.011708	-0.275055	-0.116119	-0.015608	0.074223	-0.279751	
-0.769957	0.762751	1.000000	-0.608520	-0.156900	0.136789	0.005808	-0.567222	-0.056097	0.068477	-0.100142	
0.716586	-0.090770	-0.608520	1.000000	0.275573	-0.144824	-0.039674	0.820975	-0.038701	0.161996	0.164791	
-0.155131	0.022704	-0.156900	0.275573	1.000000	-0.948120	-0.715392	-0.010469	0.142922	-0.224973	-0.375526	
0.291089	0.011708	0.136789	-0.144824	-0.948120	1.000000	0.825519	0.155482	-0.183755	0.311800	0.488003	
0.499695	-0.275055	0.005808	-0.039674	-0.715392	0.825519	1.000000	0.166927	-0.219617	0.359827	0.714943	
0.741765	-0.116119	-0.567222	0.820975	-0.010469	0.155482	0.166927	1.000000	0.108820	-0.031069	0.132066	
-0.115729	-0.015608	-0.056097	-0.038701	0.142922	-0.183755	-0.219617	0.108820	1.000000	-0.905266	-0.622752	
0.245161	0.074223	0.068477	0.161996	-0.224973	0.311800	0.359827	-0.031069	-0.905266	1.000000	0.779051	
0.539453	-0.279751	-0.100142	0.164791	-0.375526	0.488003	0.714943	0.132066	-0.622752	0.779051	1.000000	

Time taken for mcmc chain: 21.364167 hours
