Number of steps: 900013
Number of accepted steps: 308145
Burn-in number of steps: 12000
Accepted fraction of steps: 0.342378
Convergence Status
R[0]= 1.001798	R[1]= 1.005581	R[2]= 1.003244	R[3]= 1.000545	R[4]= 1.000316	R[5]= 1.000058	R[6]= 1.000473	R[7]= 1.000610	R[8]= 1.004410	R[9]= 1.003033	R[10]= 1.002847	
<R>= 1.002083

Mean parameters
A[0]= 0.966751 pm 0.043432
A[1]= 0.992972 pm 0.019163
A[2]= 0.919032 pm 0.090342
A[3]= 2.085472 pm 0.053816
A[4]= -0.781374 pm 0.770248
A[5]= 1.285307 pm 0.201958
A[6]= 4.291128 pm 0.477473
A[7]= 2.045619 pm 0.060807
A[8]= -1.582501 pm 1.089727
A[9]= 1.450433 pm 0.282239
A[10]= 4.396751 pm 0.615160

Best-fitting parameters
A[0]= 0.939264
A[1]= 0.994575
A[2]= 0.962702
A[3]= 2.044065
A[4]= -0.933078
A[5]= 1.276377
A[6]= 4.214555
A[7]= 2.002305
A[8]= -1.883044
A[9]= 1.478147
A[10]= 4.318297
chi2_min= 59.032000


Cross-Covariance parameters
1.000000	-0.468118	-0.578024	0.720716	-0.278871	0.444072	0.525745	0.608936	-0.242232	0.381112	0.495769	
-0.468118	1.000000	0.643157	-0.149199	0.082231	-0.031548	-0.176789	-0.117591	0.072372	-0.050096	-0.189007	
-0.578024	0.643157	1.000000	-0.694847	-0.241750	0.219515	0.261500	-0.603035	-0.144531	0.130650	0.210975	
0.720716	-0.149199	-0.694847	1.000000	0.302618	-0.148298	-0.099896	0.728667	0.011405	0.089128	0.009279	
-0.278871	0.082231	-0.241750	0.302618	1.000000	-0.954934	-0.784391	0.076560	0.282610	-0.341694	-0.510904	
0.444072	-0.031548	0.219515	-0.148298	-0.954934	1.000000	0.881189	0.045054	-0.328019	0.429155	0.612216	
0.525745	-0.176789	0.261500	-0.099896	-0.784391	0.881189	1.000000	-0.022110	-0.415495	0.524417	0.789334	
0.608936	-0.117591	-0.603035	0.728667	0.076560	0.045054	-0.022110	1.000000	0.418148	-0.343283	-0.213188	
-0.242232	0.072372	-0.144531	0.011405	0.282610	-0.328019	-0.415495	0.418148	1.000000	-0.952158	-0.730848	
0.381112	-0.050096	0.130650	0.089128	-0.341694	0.429155	0.524417	-0.343283	-0.952158	1.000000	0.835272	
0.495769	-0.189007	0.210975	0.009279	-0.510904	0.612216	0.789334	-0.213188	-0.730848	0.835272	1.000000	

Time taken for mcmc chain: 8.393333 hours
