Number of steps: 1602203
Number of accepted steps: 312514
Burn-in number of steps: 12000
Accepted fraction of steps: 0.195053
Convergence Status
R[0]= 1.004901	R[1]= 1.001029	R[2]= 1.000964	R[3]= 1.002890	R[4]= 1.001903	R[5]= 1.003264	R[6]= 1.003239	R[7]= 1.003092	R[8]= 1.001746	R[9]= 1.001035	R[10]= 1.002291	
<R>= 1.002396

Mean parameters
A[0]= 1.048301 pm 0.086277
A[1]= 0.969720 pm 0.033089
A[2]= 0.649406 pm 0.151061
A[3]= 2.302851 pm 0.087261
A[4]= -0.973733 pm 1.243551
A[5]= 1.486277 pm 0.497592
A[6]= 4.249903 pm 1.033523
A[7]= 2.172192 pm 0.103640
A[8]= -2.094187 pm 1.647912
A[9]= 2.054150 pm 0.654278
A[10]= 4.137961 pm 1.372754

Best-fitting parameters
A[0]= 1.031457
A[1]= 0.965735
A[2]= 0.714395
A[3]= 2.250610
A[4]= -1.694386
A[5]= 1.704449
A[6]= 4.643254
A[7]= 2.129488
A[8]= -2.784473
A[9]= 2.249347
A[10]= 4.431115
chi2_min= 53.101600


Cross-Covariance parameters
1.000000	-0.513126	-0.610825	0.732063	-0.344470	0.508564	0.642039	0.640130	-0.216385	0.379570	0.587792	
-0.513126	1.000000	0.677997	-0.164716	0.072277	-0.084342	-0.244757	-0.164774	0.043114	-0.048068	-0.237949	
-0.610825	0.677997	1.000000	-0.666690	-0.163948	0.114039	0.100583	-0.557386	-0.111682	0.068606	0.095655	
0.732063	-0.164716	-0.666690	1.000000	0.186652	-0.040936	0.084886	0.702093	-0.022233	0.150758	0.138300	
-0.344470	0.072277	-0.163948	0.186652	1.000000	-0.955116	-0.751408	-0.061439	0.232158	-0.316776	-0.515501	
0.508564	-0.084342	0.114039	-0.040936	-0.955116	1.000000	0.871242	0.176397	-0.285530	0.404321	0.635136	
0.642039	-0.244757	0.100583	0.084886	-0.751408	0.871242	1.000000	0.183726	-0.353611	0.487019	0.816094	
0.640130	-0.164774	-0.557386	0.702093	-0.061439	0.176397	0.183726	1.000000	0.406691	-0.307108	0.003083	
-0.216385	0.043114	-0.111682	-0.022233	0.232158	-0.285530	-0.353611	0.406691	1.000000	-0.942764	-0.617387	
0.379570	-0.048068	0.068606	0.150758	-0.316776	0.404321	0.487019	-0.307108	-0.942764	1.000000	0.749010	
0.587792	-0.237949	0.095655	0.138300	-0.515501	0.635136	0.816094	0.003083	-0.617387	0.749010	1.000000	

Time taken for mcmc chain: 17.608889 hours
