Number of steps: 1306226
Number of accepted steps: 308554
Burn-in number of steps: 12000
Accepted fraction of steps: 0.236218
Convergence Status
R[0]= 1.003726	R[1]= 1.001147	R[2]= 1.000838	R[3]= 1.000138	R[4]= 1.005084	R[5]= 1.005986	R[6]= 1.008399	R[7]= 1.001177	R[8]= 1.005118	R[9]= 1.003796	R[10]= 1.008580	
<R>= 1.003999

Mean parameters
A[0]= 1.050060 pm 0.040642
A[1]= 1.011134 pm 0.020849
A[2]= 0.870873 pm 0.085178
A[3]= 2.198895 pm 0.050891
A[4]= -1.111715 pm 0.946052
A[5]= 1.496101 pm 0.265043
A[6]= 4.286511 pm 0.520165
A[7]= 2.130046 pm 0.055537
A[8]= -1.368455 pm 1.151835
A[9]= 1.607352 pm 0.292796
A[10]= 4.899649 pm 0.647989

Best-fitting parameters
A[0]= 1.053390
A[1]= 1.008654
A[2]= 0.875248
A[3]= 2.179202
A[4]= -1.632700
A[5]= 1.627661
A[6]= 4.457577
A[7]= 2.108366
A[8]= -2.085549
A[9]= 1.778094
A[10]= 5.101301
chi2_min= 52.204550


Cross-Covariance parameters
1.000000	-0.435223	-0.483097	0.518494	-0.335359	0.455249	0.555435	0.543655	-0.212365	0.335505	0.512024	
-0.435223	1.000000	0.650775	0.027269	0.110958	-0.045422	-0.182463	-0.040725	0.032841	0.040592	-0.155931	
-0.483097	0.650775	1.000000	-0.554460	-0.225175	0.247105	0.299591	-0.494364	-0.173241	0.214956	0.249268	
0.518494	0.027269	-0.554460	1.000000	0.463021	-0.362811	-0.281075	0.626380	0.074981	0.002382	-0.097921	
-0.335359	0.110958	-0.225175	0.463021	1.000000	-0.963710	-0.782045	0.044378	0.250144	-0.315847	-0.494002	
0.455249	-0.045422	0.247105	-0.362811	-0.963710	1.000000	0.867430	0.039021	-0.287920	0.389196	0.579325	
0.555435	-0.182463	0.299591	-0.281075	-0.782045	0.867430	1.000000	-0.025390	-0.364322	0.475161	0.756061	
0.543655	-0.040725	-0.494364	0.626380	0.044378	0.039021	-0.025390	1.000000	0.450903	-0.396159	-0.245875	
-0.212365	0.032841	-0.173241	0.074981	0.250144	-0.287920	-0.364322	0.450903	1.000000	-0.944264	-0.732484	
0.335505	0.040592	0.214956	0.002382	-0.315847	0.389196	0.475161	-0.396159	-0.944264	1.000000	0.840299	
0.512024	-0.155931	0.249268	-0.097921	-0.494002	0.579325	0.756061	-0.245875	-0.732484	0.840299	1.000000	

Time taken for mcmc chain: 12.455833 hours
