Number of steps: 1841411
Number of accepted steps: 303134
Burn-in number of steps: 12000
Accepted fraction of steps: 0.164621
Convergence Status
R[0]= 1.000709	R[1]= 1.001775	R[2]= 1.002017	R[3]= 1.000575	R[4]= 1.000812	R[5]= 1.001138	R[6]= 1.002009	R[7]= 1.000421	R[8]= 1.002523	R[9]= 1.001269	R[10]= 1.001456	
<R>= 1.001337

Mean parameters
A[0]= 1.026200 pm 0.037269
A[1]= 0.987023 pm 0.017748
A[2]= 0.763250 pm 0.079756
A[3]= 2.163654 pm 0.047259
A[4]= -0.427743 pm 0.919709
A[5]= 1.288419 pm 0.214788
A[6]= 4.203567 pm 0.453197
A[7]= 2.128420 pm 0.055409
A[8]= -0.233470 pm 1.655727
A[9]= 1.281986 pm 0.303591
A[10]= 4.221654 pm 0.551118

Best-fitting parameters
A[0]= 1.015662
A[1]= 0.981865
A[2]= 0.746705
A[3]= 2.168083
A[4]= -0.190090
A[5]= 1.175606
A[6]= 3.982787
A[7]= 2.130327
A[8]= -0.429940
A[9]= 1.200390
A[10]= 4.002228
chi2_min= 75.520930


Cross-Covariance parameters
1.000000	-0.442876	-0.558532	0.637937	-0.229224	0.359035	0.466209	0.541845	-0.170924	0.278180	0.426057	
-0.442876	1.000000	0.638434	-0.075710	0.005775	0.052790	-0.103632	-0.059520	-0.005370	0.030949	-0.099667	
-0.558532	0.638434	1.000000	-0.647116	-0.260690	0.275438	0.328474	-0.539676	-0.134259	0.171628	0.266339	
0.637937	-0.075710	-0.647116	1.000000	0.389920	-0.300414	-0.241246	0.643402	0.018093	0.023338	-0.064730	
-0.229224	0.005775	-0.260690	0.389920	1.000000	-0.955364	-0.766311	0.070221	0.179104	-0.249528	-0.423182	
0.359035	0.052790	0.275438	-0.300414	-0.955364	1.000000	0.865965	0.004488	-0.226792	0.326109	0.521129	
0.466209	-0.103632	0.328474	-0.241246	-0.766311	0.865965	1.000000	-0.076475	-0.303038	0.427169	0.714340	
0.541845	-0.059520	-0.539676	0.643402	0.070221	0.004488	-0.076475	1.000000	0.369378	-0.440518	-0.323676	
-0.170924	-0.005370	-0.134259	0.018093	0.179104	-0.226792	-0.303038	0.369378	1.000000	-0.909952	-0.688469	
0.278180	0.030949	0.171628	0.023338	-0.249528	0.326109	0.427169	-0.440518	-0.909952	1.000000	0.836572	
0.426057	-0.099667	0.266339	-0.064730	-0.423182	0.521129	0.714340	-0.323676	-0.688469	0.836572	1.000000	

Time taken for mcmc chain: 17.182500 hours
