Number of steps: 1927556
Number of accepted steps: 312548
Burn-in number of steps: 12000
Accepted fraction of steps: 0.162147
Convergence Status
R[0]= 1.001062	R[1]= 1.001778	R[2]= 1.001824	R[3]= 1.001656	R[4]= 1.000415	R[5]= 1.000251	R[6]= 1.000149	R[7]= 1.001699	R[8]= 1.001580	R[9]= 1.000284	R[10]= 1.000262	
<R>= 1.000996

Mean parameters
A[0]= 1.026380 pm 0.080400
A[1]= 1.010224 pm 0.037830
A[2]= 0.756270 pm 0.164887
A[3]= 2.266881 pm 0.093113
A[4]= -0.222955 pm 1.333441
A[5]= 1.351197 pm 0.428358
A[6]= 3.894992 pm 0.664440
A[7]= 2.198551 pm 0.103827
A[8]= -0.934365 pm 1.952216
A[9]= 1.708873 pm 0.600361
A[10]= 4.239666 pm 0.942800

Best-fitting parameters
A[0]= 1.009691
A[1]= 1.009563
A[2]= 0.717841
A[3]= 2.292418
A[4]= 0.066327
A[5]= 1.126726
A[6]= 3.502641
A[7]= 2.186825
A[8]= -1.444896
A[9]= 1.699203
A[10]= 3.830743
chi2_min= 56.606710


Cross-Covariance parameters
1.000000	-0.506191	-0.725142	0.787563	-0.257714	0.395395	0.475811	0.700293	-0.133875	0.289648	0.441464	
-0.506191	1.000000	0.731518	-0.176317	0.051358	-0.016826	-0.122919	-0.150894	0.044134	-0.025932	-0.160535	
-0.725142	0.731518	1.000000	-0.683972	-0.044925	0.040383	0.123162	-0.609123	-0.065070	0.045874	0.067989	
0.787563	-0.176317	-0.683972	1.000000	0.131353	-0.042548	0.006821	0.769419	0.003508	0.113822	0.092607	
-0.257714	0.051358	-0.044925	0.131353	1.000000	-0.932752	-0.663697	-0.069287	0.128262	-0.215513	-0.350957	
0.395395	-0.016826	0.040383	-0.042548	-0.932752	1.000000	0.810860	0.163899	-0.175863	0.304915	0.479436	
0.475811	-0.122919	0.123162	0.006821	-0.663697	0.810860	1.000000	0.086594	-0.269241	0.426232	0.720865	
0.700293	-0.150894	-0.609123	0.769419	-0.069287	0.163899	0.086594	1.000000	0.295778	-0.277076	-0.111743	
-0.133875	0.044134	-0.065070	0.003508	0.128262	-0.175863	-0.269241	0.295778	1.000000	-0.888286	-0.633681	
0.289648	-0.025932	0.045874	0.113822	-0.215513	0.304915	0.426232	-0.277076	-0.888286	1.000000	0.808208	
0.441464	-0.160535	0.067989	0.092607	-0.350957	0.479436	0.720865	-0.111743	-0.633681	0.808208	1.000000	

Time taken for mcmc chain: 20.395556 hours
