Number of steps: 1359304
Number of accepted steps: 312794
Burn-in number of steps: 12000
Accepted fraction of steps: 0.230113
Convergence Status
R[0]= 1.007367	R[1]= 1.003463	R[2]= 1.002059	R[3]= 1.003136	R[4]= 1.004845	R[5]= 1.005288	R[6]= 1.007522	R[7]= 1.003817	R[8]= 1.003197	R[9]= 1.004105	R[10]= 1.006834	
<R>= 1.004694

Mean parameters
A[0]= 1.058389 pm 0.087104
A[1]= 1.000583 pm 0.026704
A[2]= 0.878640 pm 0.109953
A[3]= 2.147049 pm 0.073638
A[4]= -1.234516 pm 0.853806
A[5]= 1.573142 pm 0.285043
A[6]= 4.881978 pm 0.861131
A[7]= 2.141422 pm 0.080376
A[8]= -2.050760 pm 0.865767
A[9]= 1.736927 pm 0.301581
A[10]= 5.320320 pm 0.996158

Best-fitting parameters
A[0]= 1.043317
A[1]= 1.003152
A[2]= 0.905632
A[3]= 2.126940
A[4]= -1.506495
A[5]= 1.613058
A[6]= 4.812997
A[7]= 2.115569
A[8]= -2.411231
A[9]= 1.826889
A[10]= 5.340021
chi2_min= 56.525990


Cross-Covariance parameters
1.000000	-0.598137	-0.675315	0.853266	-0.515450	0.726615	0.848731	0.845763	-0.366016	0.621758	0.826917	
-0.598137	1.000000	0.768696	-0.352157	0.275101	-0.276303	-0.457416	-0.365073	0.164385	-0.198968	-0.447261	
-0.675315	0.768696	1.000000	-0.699087	0.079805	-0.177065	-0.280301	-0.649061	0.051178	-0.163598	-0.292923	
0.853266	-0.352157	-0.699087	1.000000	-0.121659	0.383806	0.520215	0.858645	-0.216342	0.469652	0.564792	
-0.515450	0.275101	0.079805	-0.121659	1.000000	-0.931615	-0.766283	-0.329379	0.343321	-0.468804	-0.601985	
0.726615	-0.276303	-0.177065	0.383806	-0.931615	1.000000	0.911775	0.546764	-0.408730	0.615168	0.770678	
0.848731	-0.457416	-0.280301	0.520215	-0.766283	0.911775	1.000000	0.606594	-0.439390	0.661823	0.895447	
0.845763	-0.365073	-0.649061	0.858645	-0.329379	0.546764	0.606594	1.000000	0.013405	0.264969	0.511693	
-0.366016	0.164385	0.051178	-0.216342	0.343321	-0.408730	-0.439390	0.013405	1.000000	-0.923857	-0.667414	
0.621758	-0.198968	-0.163598	0.469652	-0.468804	0.615168	0.661823	0.264969	-0.923857	1.000000	0.850662	
0.826917	-0.447261	-0.292923	0.564792	-0.601985	0.770678	0.895447	0.511693	-0.667414	0.850662	1.000000	

Time taken for mcmc chain: 14.485000 hours
