Number of steps: 1184279
Number of accepted steps: 307983
Burn-in number of steps: 12000
Accepted fraction of steps: 0.260059
Convergence Status
R[0]= 1.002208	R[1]= 1.001356	R[2]= 1.001119	R[3]= 1.002029	R[4]= 1.003413	R[5]= 1.001989	R[6]= 1.000689	R[7]= 1.001082	R[8]= 1.002854	R[9]= 1.001880	R[10]= 1.001585	
<R>= 1.001837

Mean parameters
A[0]= 1.058983 pm 0.075856
A[1]= 1.006218 pm 0.041043
A[2]= 0.858225 pm 0.164383
A[3]= 2.255789 pm 0.083583
A[4]= -1.020449 pm 1.264361
A[5]= 1.682296 pm 0.473887
A[6]= 4.612258 pm 0.845784
A[7]= 2.278156 pm 0.087628
A[8]= -1.056938 pm 1.617420
A[9]= 1.696840 pm 0.535436
A[10]= 5.105936 pm 0.988957

Best-fitting parameters
A[0]= 1.020006
A[1]= 1.005596
A[2]= 0.852812
A[3]= 2.235567
A[4]= -0.892340
A[5]= 1.499903
A[6]= 4.106313
A[7]= 2.240485
A[8]= -1.745515
A[9]= 1.760780
A[10]= 4.723642
chi2_min= 58.161830


Cross-Covariance parameters
1.000000	-0.506739	-0.607721	0.688352	-0.243822	0.380549	0.542924	0.688853	-0.202629	0.345915	0.564486	
-0.506739	1.000000	0.737391	-0.081447	0.035112	0.026654	-0.168799	-0.103519	0.011691	0.034346	-0.193176	
-0.607721	0.737391	1.000000	-0.569561	-0.197432	0.215492	0.180816	-0.519266	-0.111865	0.140227	0.093358	
0.688352	-0.081447	-0.569561	1.000000	0.286113	-0.159104	-0.046948	0.765587	-0.020728	0.125624	0.114601	
-0.243822	0.035112	-0.197432	0.286113	1.000000	-0.947590	-0.736015	-0.003473	0.195689	-0.289901	-0.441496	
0.380549	0.026654	0.215492	-0.159104	-0.947590	1.000000	0.850656	0.126689	-0.257503	0.392384	0.562906	
0.542924	-0.168799	0.180816	-0.046948	-0.736015	0.850656	1.000000	0.122917	-0.341073	0.493062	0.779295	
0.688853	-0.103519	-0.519266	0.765587	-0.003473	0.126689	0.122917	1.000000	0.195690	-0.135504	0.039340	
-0.202629	0.011691	-0.111865	-0.020728	0.195689	-0.257503	-0.341073	0.195690	1.000000	-0.916732	-0.670676	
0.345915	0.034346	0.140227	0.125624	-0.289901	0.392384	0.493062	-0.135504	-0.916732	1.000000	0.822181	
0.564486	-0.193176	0.093358	0.114601	-0.441496	0.562906	0.779295	0.039340	-0.670676	0.822181	1.000000	

Time taken for mcmc chain: 12.735833 hours
