Number of steps: 813044
Number of accepted steps: 313160
Burn-in number of steps: 12000
Accepted fraction of steps: 0.385170
Convergence Status
R[0]= 1.002027	R[1]= 1.002931	R[2]= 1.000862	R[3]= 1.000746	R[4]= 1.003368	R[5]= 1.002615	R[6]= 1.003935	R[7]= 1.000982	R[8]= 1.003073	R[9]= 1.000818	R[10]= 1.003087	
<R>= 1.002222

Mean parameters
A[0]= 1.124946 pm 0.083162
A[1]= 0.968719 pm 0.029458
A[2]= 0.948662 pm 0.147898
A[3]= 2.234867 pm 0.080118
A[4]= -2.625284 pm 0.578119
A[5]= 2.398796 pm 0.342717
A[6]= 7.103342 pm 1.257131
A[7]= 2.274981 pm 0.087018
A[8]= -1.422140 pm 1.395025
A[9]= 1.962336 pm 0.453384
A[10]= 6.645181 pm 1.213060

Best-fitting parameters
A[0]= 1.110339
A[1]= 0.976822
A[2]= 1.061409
A[3]= 2.213510
A[4]= -2.852699
A[5]= 2.496578
A[6]= 7.385764
A[7]= 2.247006
A[8]= -2.273190
A[9]= 2.244944
A[10]= 7.275409
chi2_min= 90.624270


Cross-Covariance parameters
1.000000	-0.525514	-0.415292	0.869263	-0.421156	0.629596	0.752744	0.786473	-0.277040	0.479744	0.681945	
-0.525514	1.000000	0.607450	-0.285134	0.003816	-0.005634	-0.323338	-0.242060	0.090841	-0.055726	-0.290287	
-0.415292	0.607450	1.000000	-0.510527	-0.290904	0.218547	0.165574	-0.513492	-0.153655	0.210815	0.180142	
0.869263	-0.285134	-0.510527	1.000000	-0.187463	0.419670	0.477870	0.841343	-0.153128	0.336341	0.439383	
-0.421156	0.003816	-0.290904	-0.187463	1.000000	-0.941880	-0.781655	-0.207244	0.285090	-0.453550	-0.544311	
0.629596	-0.005634	0.218547	0.419670	-0.941880	1.000000	0.874118	0.421962	-0.331773	0.558081	0.668621	
0.752744	-0.323338	0.165574	0.477870	-0.781655	0.874118	1.000000	0.404740	-0.386892	0.602519	0.823640	
0.786473	-0.242060	-0.513492	0.841343	-0.207244	0.421962	0.404740	1.000000	-0.040181	0.137966	0.304563	
-0.277040	0.090841	-0.153655	-0.153128	0.285090	-0.331773	-0.386892	-0.040181	1.000000	-0.865518	-0.666388	
0.479744	-0.055726	0.210815	0.336341	-0.453550	0.558081	0.602519	0.137966	-0.865518	1.000000	0.869056	
0.681945	-0.290287	0.180142	0.439383	-0.544311	0.668621	0.823640	0.304563	-0.666388	0.869056	1.000000	

Time taken for mcmc chain: 11.587500 hours
