Number of steps: 972365
Number of accepted steps: 306539
Burn-in number of steps: 12000
Accepted fraction of steps: 0.315251
Convergence Status
R[0]= 1.000548	R[1]= 1.000616	R[2]= 1.000321	R[3]= 1.001047	R[4]= 1.002128	R[5]= 1.001440	R[6]= 1.000240	R[7]= 1.000832	R[8]= 1.000453	R[9]= 1.000625	R[10]= 1.000138	
<R>= 1.000763

Mean parameters
A[0]= 1.016089 pm 0.041838
A[1]= 1.000418 pm 0.018240
A[2]= 0.829342 pm 0.085619
A[3]= 2.194614 pm 0.053224
A[4]= -0.589952 pm 0.936718
A[5]= 1.279649 pm 0.230346
A[6]= 4.062425 pm 0.418325
A[7]= 2.198834 pm 0.055086
A[8]= 0.858130 pm 1.126116
A[9]= 1.009778 pm 0.164030
A[10]= 4.149353 pm 0.328853

Best-fitting parameters
A[0]= 1.003761
A[1]= 0.994425
A[2]= 0.810213
A[3]= 2.185726
A[4]= -0.574976
A[5]= 1.222799
A[6]= 3.917236
A[7]= 2.195033
A[8]= 1.059525
A[9]= 0.917472
A[10]= 3.996426
chi2_min= 46.206710


Cross-Covariance parameters
1.000000	-0.488913	-0.676187	0.688663	-0.223937	0.364527	0.454454	0.780402	-0.052702	0.214903	0.434163	
-0.488913	1.000000	0.680843	-0.141831	0.058371	-0.029668	-0.149240	-0.188681	0.001531	0.059122	-0.121291	
-0.676187	0.680843	1.000000	-0.690681	-0.182786	0.155004	0.205236	-0.637679	-0.032080	0.080691	0.176403	
0.688663	-0.141831	-0.690681	1.000000	0.387234	-0.281266	-0.201701	0.749514	0.002129	0.070829	-0.028681	
-0.223937	0.058371	-0.182786	0.387234	1.000000	-0.958760	-0.763860	-0.034036	0.041130	-0.157839	-0.441460	
0.364527	-0.029668	0.155004	-0.281266	-0.958760	1.000000	0.860870	0.154342	-0.063364	0.227026	0.544556	
0.454454	-0.149240	0.205236	-0.201701	-0.763860	0.860870	1.000000	0.124413	-0.093942	0.299980	0.745269	
0.780402	-0.188681	-0.637679	0.749514	-0.034036	0.154342	0.124413	1.000000	0.092010	-0.116113	0.040755	
-0.052702	0.001531	-0.032080	0.002129	0.041130	-0.063364	-0.093942	0.092010	1.000000	-0.846493	-0.425137	
0.214903	0.059122	0.080691	0.070829	-0.157839	0.227026	0.299980	-0.116113	-0.846493	1.000000	0.671437	
0.434163	-0.121291	0.176403	-0.028681	-0.441460	0.544556	0.745269	0.040755	-0.425137	0.671437	1.000000	

Time taken for mcmc chain: 8.812500 hours
