Number of steps: 1052115
Number of accepted steps: 305170
Burn-in number of steps: 12000
Accepted fraction of steps: 0.290054
Convergence Status
R[0]= 1.003236	R[1]= 1.000339	R[2]= 1.002022	R[3]= 1.004537	R[4]= 1.003354	R[5]= 1.002439	R[6]= 1.001376	R[7]= 1.002208	R[8]= 1.003167	R[9]= 1.003067	R[10]= 1.001891	
<R>= 1.002512

Mean parameters
A[0]= 0.966570 pm 0.038928
A[1]= 1.003832 pm 0.022302
A[2]= 0.958478 pm 0.088035
A[3]= 2.088603 pm 0.049544
A[4]= 0.100218 pm 0.845508
A[5]= 1.167110 pm 0.160439
A[6]= 4.236532 pm 0.315682
A[7]= 2.101762 pm 0.059298
A[8]= 1.933611 pm 1.349375
A[9]= 0.949604 pm 0.132820
A[10]= 4.030826 pm 0.276285

Best-fitting parameters
A[0]= 0.951090
A[1]= 0.997117
A[2]= 0.957580
A[3]= 2.069769
A[4]= 0.068439
A[5]= 1.114598
A[6]= 4.124676
A[7]= 2.086724
A[8]= 2.318842
A[9]= 0.850481
A[10]= 3.933059
chi2_min= 43.769410


Cross-Covariance parameters
1.000000	-0.427076	-0.666260	0.784066	-0.218161	0.364969	0.465356	0.747754	-0.094970	0.199431	0.406303	
-0.427076	1.000000	0.725373	-0.066896	0.064579	0.074743	-0.097750	-0.058397	-0.068811	0.185254	-0.025394	
-0.666260	0.725373	1.000000	-0.601890	-0.075967	0.131025	0.168674	-0.531055	0.006465	0.162814	0.210720	
0.784066	-0.066896	-0.601890	1.000000	0.150711	-0.020412	0.003608	0.794083	-0.111195	0.133106	0.079317	
-0.218161	0.064579	-0.075967	0.150711	1.000000	-0.918548	-0.677655	-0.059055	0.023861	-0.175557	-0.367730	
0.364969	0.074743	0.131025	-0.020412	-0.918548	1.000000	0.819668	0.208622	-0.067016	0.294979	0.521372	
0.465356	-0.097750	0.168674	0.003608	-0.677655	0.819668	1.000000	0.148062	-0.058180	0.342594	0.753131	
0.747754	-0.058397	-0.531055	0.794083	-0.059055	0.208622	0.148062	1.000000	-0.266811	-0.049088	0.060397	
-0.094970	-0.068811	0.006465	-0.111195	0.023861	-0.067016	-0.058180	-0.266811	1.000000	-0.556490	-0.230434	
0.199431	0.185254	0.162814	0.133106	-0.175557	0.294979	0.342594	-0.049088	-0.556490	1.000000	0.647547	
0.406303	-0.025394	0.210720	0.079317	-0.367730	0.521372	0.753131	0.060397	-0.230434	0.647547	1.000000	

Time taken for mcmc chain: 10.322778 hours
