Number of steps: 1105081
Number of accepted steps: 304148
Burn-in number of steps: 12000
Accepted fraction of steps: 0.275227
Convergence Status
R[0]= 1.002586	R[1]= 1.001623	R[2]= 1.002868	R[3]= 1.004130	R[4]= 1.003599	R[5]= 1.002163	R[6]= 1.000774	R[7]= 1.001076	R[8]= 1.001493	R[9]= 1.000642	R[10]= 1.000201	
<R>= 1.001923

Mean parameters
A[0]= 1.053590 pm 0.045353
A[1]= 0.956065 pm 0.021614
A[2]= 0.776006 pm 0.085505
A[3]= 2.125500 pm 0.047083
A[4]= -1.847566 pm 0.560656
A[5]= 1.598361 pm 0.191335
A[6]= 5.055900 pm 0.611321
A[7]= 2.118304 pm 0.054280
A[8]= 0.299363 pm 1.552586
A[9]= 1.171966 pm 0.246010
A[10]= 4.320909 pm 0.501585

Best-fitting parameters
A[0]= 1.051563
A[1]= 0.957577
A[2]= 0.792257
A[3]= 2.113865
A[4]= -2.132267
A[5]= 1.682597
A[6]= 5.176929
A[7]= 2.121387
A[8]= -0.618382
A[9]= 1.250755
A[10]= 4.427016
chi2_min= 71.881780


Cross-Covariance parameters
1.000000	-0.483040	-0.555121	0.695965	-0.317748	0.488847	0.632780	0.638956	-0.160501	0.295578	0.540124	
-0.483040	1.000000	0.681871	-0.071348	0.050997	0.024041	-0.266389	-0.081611	-0.004746	0.063126	-0.159999	
-0.555121	0.681871	1.000000	-0.567156	-0.214039	0.191925	0.122158	-0.504992	-0.047057	0.125052	0.168819	
0.695965	-0.071348	-0.567156	1.000000	0.244276	-0.033238	0.032183	0.711505	-0.090919	0.161628	0.127181	
-0.317748	0.050997	-0.214039	0.244276	1.000000	-0.952112	-0.784719	-0.044652	0.097278	-0.231053	-0.474007	
0.488847	0.024041	0.191925	-0.033238	-0.952112	1.000000	0.860702	0.205255	-0.144848	0.323698	0.578672	
0.632780	-0.266389	0.122158	0.032183	-0.784719	0.860702	1.000000	0.152761	-0.183013	0.363285	0.745633	
0.638956	-0.081611	-0.504992	0.711505	-0.044652	0.205255	0.152761	1.000000	0.143824	-0.218799	-0.057040	
-0.160501	-0.004746	-0.047057	-0.090919	0.097278	-0.144848	-0.183013	0.143824	1.000000	-0.862011	-0.558720	
0.295578	0.063126	0.125052	0.161628	-0.231053	0.323698	0.363285	-0.218799	-0.862011	1.000000	0.773857	
0.540124	-0.159999	0.168819	0.127181	-0.474007	0.578672	0.745633	-0.057040	-0.558720	0.773857	1.000000	

Time taken for mcmc chain: 13.050278 hours
