Number of steps: 1201026
Number of accepted steps: 305345
Burn-in number of steps: 12000
Accepted fraction of steps: 0.254237
Convergence Status
R[0]= 1.000870	R[1]= 1.001023	R[2]= 1.000432	R[3]= 1.001514	R[4]= 1.000362	R[5]= 1.000571	R[6]= 1.000695	R[7]= 1.001457	R[8]= 1.000821	R[9]= 1.000811	R[10]= 1.000205	
<R>= 1.000797

Mean parameters
A[0]= 0.972806 pm 0.040728
A[1]= 1.002285 pm 0.022615
A[2]= 0.879460 pm 0.097345
A[3]= 2.129953 pm 0.055160
A[4]= -0.674334 pm 0.893358
A[5]= 1.247310 pm 0.221306
A[6]= 3.983559 pm 0.434059
A[7]= 2.057537 pm 0.060082
A[8]= -0.765903 pm 1.206714
A[9]= 1.320360 pm 0.266481
A[10]= 4.220250 pm 0.525130

Best-fitting parameters
A[0]= 0.972224
A[1]= 0.994814
A[2]= 0.866947
A[3]= 2.133631
A[4]= -0.818463
A[5]= 1.233204
A[6]= 3.949759
A[7]= 2.043457
A[8]= -1.279827
A[9]= 1.388845
A[10]= 4.260960
chi2_min= 56.585160


Cross-Covariance parameters
1.000000	-0.514270	-0.651844	0.668952	-0.203535	0.319286	0.390654	0.621641	-0.130913	0.238220	0.350172	
-0.514270	1.000000	0.714506	-0.131877	0.067774	-0.001011	-0.120925	-0.140610	0.029047	0.032359	-0.105483	
-0.651844	0.714506	1.000000	-0.667744	-0.238805	0.250391	0.297249	-0.598944	-0.159676	0.185847	0.256246	
0.668952	-0.131877	-0.667744	1.000000	0.431118	-0.332236	-0.286395	0.725189	0.101235	-0.029516	-0.142605	
-0.203535	0.067774	-0.238805	0.431118	1.000000	-0.961440	-0.782723	0.128784	0.233528	-0.297716	-0.487521	
0.319286	-0.001011	0.250391	-0.332236	-0.961440	1.000000	0.866625	-0.043839	-0.269990	0.369085	0.568936	
0.390654	-0.120925	0.297249	-0.286395	-0.782723	0.866625	1.000000	-0.124326	-0.358195	0.462917	0.751674	
0.621641	-0.140610	-0.598944	0.725189	0.128784	-0.043839	-0.124326	1.000000	0.457443	-0.422723	-0.322475	
-0.130913	0.029047	-0.159676	0.101235	0.233528	-0.269990	-0.358195	0.457443	1.000000	-0.945783	-0.720323	
0.238220	0.032359	0.185847	-0.029516	-0.297716	0.369085	0.462917	-0.422723	-0.945783	1.000000	0.825363	
0.350172	-0.105483	0.256246	-0.142605	-0.487521	0.568936	0.751674	-0.322475	-0.720323	0.825363	1.000000	

Time taken for mcmc chain: 11.252222 hours
