Number of steps: 807569
Number of accepted steps: 304793
Burn-in number of steps: 12000
Accepted fraction of steps: 0.377420
Convergence Status
R[0]= 1.001542	R[1]= 1.000724	R[2]= 1.002334	R[3]= 1.002827	R[4]= 1.004263	R[5]= 1.004044	R[6]= 1.001828	R[7]= 1.005574	R[8]= 1.008972	R[9]= 1.005938	R[10]= 1.003977	
<R>= 1.003820

Mean parameters
A[0]= 1.020403 pm 0.033569
A[1]= 1.008049 pm 0.019319
A[2]= 0.859674 pm 0.082097
A[3]= 2.199168 pm 0.045169
A[4]= -0.003951 pm 0.839553
A[5]= 1.184035 pm 0.179890
A[6]= 3.992135 pm 0.336522
A[7]= 2.073811 pm 0.050259
A[8]= -2.522637 pm 0.717871
A[9]= 1.860046 pm 0.231749
A[10]= 5.156890 pm 0.620296

Best-fitting parameters
A[0]= 1.029920
A[1]= 1.002035
A[2]= 0.845925
A[3]= 2.207941
A[4]= -0.203043
A[5]= 1.203137
A[6]= 4.074431
A[7]= 2.060578
A[8]= -2.886146
A[9]= 1.978698
A[10]= 5.394693
chi2_min= 45.611140


Cross-Covariance parameters
1.000000	-0.461901	-0.598074	0.668055	-0.146575	0.263848	0.367290	0.593996	-0.130118	0.260662	0.395821	
-0.461901	1.000000	0.689019	-0.061846	0.009850	0.076551	-0.053970	-0.094256	-0.017312	0.096968	-0.136537	
-0.598074	0.689019	1.000000	-0.602298	-0.215978	0.268929	0.372239	-0.501398	-0.151289	0.157191	0.190202	
0.668055	-0.061846	-0.602298	1.000000	0.381700	-0.309833	-0.255273	0.641266	0.036913	0.086193	-0.037307	
-0.146575	0.009850	-0.215978	0.381700	1.000000	-0.947967	-0.678834	0.054114	0.150411	-0.184799	-0.324632	
0.263848	0.076551	0.268929	-0.309833	-0.947967	1.000000	0.801157	0.021504	-0.197397	0.274199	0.424172	
0.367290	-0.053970	0.372239	-0.255273	-0.678834	0.801157	1.000000	-0.049849	-0.288001	0.370081	0.655029	
0.593996	-0.094256	-0.501398	0.641266	0.054114	0.021504	-0.049849	1.000000	0.475073	-0.376595	-0.240763	
-0.130118	-0.017312	-0.151289	0.036913	0.150411	-0.197397	-0.288001	0.475073	1.000000	-0.961817	-0.737847	
0.260662	0.096968	0.157191	0.086193	-0.184799	0.274199	0.370081	-0.376595	-0.961817	1.000000	0.802714	
0.395821	-0.136537	0.190202	-0.037307	-0.324632	0.424172	0.655029	-0.240763	-0.737847	0.802714	1.000000	

Time taken for mcmc chain: 7.506944 hours
