Number of steps: 1507893
Number of accepted steps: 347590
Burn-in number of steps: 12000
Accepted fraction of steps: 0.230514
Convergence Status
R[0]= 1.001853	R[1]= 1.000837	R[2]= 1.001563	R[3]= 1.001478	R[4]= 1.002250	R[5]= 1.003532	R[6]= 1.005752	R[7]= 1.001116	R[8]= 1.004123	R[9]= 1.008842	R[10]= 1.010239	
<R>= 1.003781

Mean parameters
A[0]= 1.062636 pm 0.038183
A[1]= 0.956727 pm 0.017930
A[2]= 0.850827 pm 0.081549
A[3]= 2.136041 pm 0.046099
A[4]= -1.157943 pm 0.655990
A[5]= 1.437473 pm 0.186215
A[6]= 5.015928 pm 0.521705
A[7]= 2.141205 pm 0.052620
A[8]= 1.016234 pm 1.796836
A[9]= 1.158228 pm 0.217572
A[10]= 5.019074 pm 0.498030

Best-fitting parameters
A[0]= 1.043770
A[1]= 0.959034
A[2]= 0.827956
A[3]= 2.137869
A[4]= -0.798728
A[5]= 1.310811
A[6]= 4.624535
A[7]= 2.157300
A[8]= 1.169138
A[9]= 0.981862
A[10]= 4.565860
chi2_min= 60.979300


Cross-Covariance parameters
1.000000	-0.466939	-0.516458	0.643982	-0.218683	0.370274	0.505592	0.610694	-0.156586	0.291315	0.492443	
-0.466939	1.000000	0.585918	-0.037983	0.065829	0.006288	-0.222911	-0.031644	-0.017547	0.041737	-0.174100	
-0.516458	0.585918	1.000000	-0.634970	-0.331510	0.328506	0.320568	-0.546869	0.004658	0.167349	0.247165	
0.643982	-0.037983	-0.634970	1.000000	0.410389	-0.262207	-0.199934	0.723120	-0.105780	0.081282	-0.006944	
-0.218683	0.065829	-0.331510	0.410389	1.000000	-0.960772	-0.804562	0.105065	0.060828	-0.238562	-0.461457	
0.370274	0.006288	0.328506	-0.262207	-0.960772	1.000000	0.877695	0.027472	-0.104034	0.322479	0.558315	
0.505592	-0.222911	0.320568	-0.199934	-0.804562	0.877695	1.000000	-0.025064	-0.118253	0.387872	0.727955	
0.610694	-0.031644	-0.546869	0.723120	0.105065	0.027472	-0.025064	1.000000	-0.166093	-0.115587	-0.088510	
-0.156586	-0.017547	0.004658	-0.105780	0.060828	-0.104034	-0.118253	-0.166093	1.000000	-0.753447	-0.481049	
0.291315	0.041737	0.167349	0.081282	-0.238562	0.322479	0.387872	-0.115587	-0.753447	1.000000	0.820491	
0.492443	-0.174100	0.247165	-0.006944	-0.461457	0.558315	0.727955	-0.088510	-0.481049	0.820491	1.000000	

Time taken for mcmc chain: 18.168056 hours
