Number of steps: 523089
Number of accepted steps: 302969
Burn-in number of steps: 12000
Accepted fraction of steps: 0.579192
Convergence Status
R[0]= 1.002044	R[1]= 1.000459	R[2]= 1.000085	R[3]= 1.001177	R[4]= 1.002380	R[5]= 1.002722	R[6]= 1.002390	R[7]= 1.002209	R[8]= 1.001178	R[9]= 1.001760	R[10]= 1.001943	
<R>= 1.001668

Mean parameters
A[0]= 1.241386 pm 0.073392
A[1]= 0.946693 pm 0.026731
A[2]= 0.705243 pm 0.142541
A[3]= 2.362291 pm 0.071890
A[4]= -2.282580 pm 0.646307
A[5]= 2.333248 pm 0.350973
A[6]= 7.246517 pm 1.175219
A[7]= 2.402686 pm 0.081433
A[8]= -3.572519 pm 0.420819
A[9]= 2.908434 pm 0.271401
A[10]= 8.759415 pm 1.249112

Best-fitting parameters
A[0]= 1.202621
A[1]= 0.950890
A[2]= 0.769872
A[3]= 2.322779
A[4]= -2.538702
A[5]= 2.385156
A[6]= 7.310710
A[7]= 2.359290
A[8]= -3.714414
A[9]= 2.926598
A[10]= 8.822063
chi2_min= 65.206060


Cross-Covariance parameters
1.000000	-0.403238	-0.380839	0.808404	-0.275562	0.482648	0.628859	0.843669	-0.154778	0.472798	0.660146	
-0.403238	1.000000	0.586723	-0.091342	-0.123373	0.165670	-0.139841	-0.125753	-0.327538	0.324772	-0.170837	
-0.380839	0.586723	1.000000	-0.477467	-0.403602	0.369827	0.336518	-0.310946	-0.214114	0.163651	0.183716	
0.808404	-0.091342	-0.477467	1.000000	0.026424	0.193938	0.258431	0.790525	-0.201150	0.491128	0.382094	
-0.275562	-0.123373	-0.403602	0.026424	1.000000	-0.947919	-0.783249	-0.233942	0.190872	-0.319179	-0.445463	
0.482648	0.165670	0.369827	0.193938	-0.947919	1.000000	0.871475	0.442831	-0.281601	0.494294	0.585023	
0.628859	-0.139841	0.336518	0.258431	-0.783249	0.871475	1.000000	0.477105	-0.205699	0.428425	0.744934	
0.843669	-0.125753	-0.310946	0.790525	-0.233942	0.442831	0.477105	1.000000	-0.241736	0.491024	0.564832	
-0.154778	-0.327538	-0.214114	-0.201150	0.190872	-0.281601	-0.205699	-0.241736	1.000000	-0.896821	-0.577690	
0.472798	0.324772	0.163651	0.491128	-0.319179	0.494294	0.428425	0.491024	-0.896821	1.000000	0.716484	
0.660146	-0.170837	0.183716	0.382094	-0.445463	0.585023	0.744934	0.564832	-0.577690	0.716484	1.000000	

Time taken for mcmc chain: 8.795833 hours
