Number of steps: 927315
Number of accepted steps: 323581
Burn-in number of steps: 12000
Accepted fraction of steps: 0.348944
Convergence Status
R[0]= 1.001734	R[1]= 1.003513	R[2]= 1.005417	R[3]= 1.002053	R[4]= 1.002844	R[5]= 1.002541	R[6]= 1.001424	R[7]= 1.001490	R[8]= 1.002028	R[9]= 1.000796	R[10]= 1.000437	
<R>= 1.002207

Mean parameters
A[0]= 1.008574 pm 0.043574
A[1]= 1.012928 pm 0.020126
A[2]= 0.944606 pm 0.096613
A[3]= 2.156957 pm 0.054942
A[4]= -0.238752 pm 0.832508
A[5]= 1.289246 pm 0.187554
A[6]= 4.461903 pm 0.390491
A[7]= 2.114992 pm 0.060890
A[8]= -0.685698 pm 1.110424
A[9]= 1.357264 pm 0.255652
A[10]= 4.537573 pm 0.489596

Best-fitting parameters
A[0]= 0.986716
A[1]= 1.021764
A[2]= 0.986461
A[3]= 2.142315
A[4]= -0.144823
A[5]= 1.239165
A[6]= 4.363080
A[7]= 2.105801
A[8]= -0.842844
A[9]= 1.333831
A[10]= 4.397122
chi2_min= 59.248670


Cross-Covariance parameters
1.000000	-0.502179	-0.661579	0.786947	-0.161475	0.321768	0.433731	0.697740	-0.143908	0.266128	0.390056	
-0.502179	1.000000	0.707070	-0.221517	0.024327	0.050543	-0.100322	-0.215683	0.012410	0.044763	-0.086978	
-0.661579	0.707070	1.000000	-0.710172	-0.215623	0.224154	0.254179	-0.656970	-0.145984	0.163500	0.226231	
0.786947	-0.221517	-0.710172	1.000000	0.284123	-0.150529	-0.081972	0.777505	0.033840	0.060363	0.010843	
-0.161475	0.024327	-0.215623	0.284123	1.000000	-0.939392	-0.728201	0.081272	0.188968	-0.252838	-0.412089	
0.321768	0.050543	0.224154	-0.150529	-0.939392	1.000000	0.854752	0.030733	-0.250946	0.362336	0.542517	
0.433731	-0.100322	0.254179	-0.081972	-0.728201	0.854752	1.000000	-0.015045	-0.344780	0.469185	0.746737	
0.697740	-0.215683	-0.656970	0.777505	0.081272	0.030733	-0.015045	1.000000	0.376921	-0.321467	-0.204148	
-0.143908	0.012410	-0.145984	0.033840	0.188968	-0.250946	-0.344780	0.376921	1.000000	-0.946333	-0.718289	
0.266128	0.044763	0.163500	0.060363	-0.252838	0.362336	0.469185	-0.321467	-0.946333	1.000000	0.832841	
0.390056	-0.086978	0.226231	0.010843	-0.412089	0.542517	0.746737	-0.204148	-0.718289	0.832841	1.000000	

Time taken for mcmc chain: 8.720833 hours
