Number of steps: 4948479
Number of accepted steps: 316106
Burn-in number of steps: 12000
Accepted fraction of steps: 0.063879
Convergence Status
R[0]= 1.001241	R[1]= 1.000714	R[2]= 1.000760	R[3]= 1.001719	R[4]= 1.001309	R[5]= 1.000192	R[6]= 1.000294	R[7]= 1.001694	R[8]= 1.001597	R[9]= 1.000937	R[10]= 1.000812	
<R>= 1.001024

Mean parameters
A[0]= 1.042325 pm 0.124574
A[1]= 1.032176 pm 0.034903
A[2]= 0.757001 pm 0.187394
A[3]= 2.345055 pm 0.125814
A[4]= -0.689848 pm 1.551627
A[5]= 1.492734 pm 0.600177
A[6]= 4.181086 pm 1.029191
A[7]= 2.348175 pm 0.139870
A[8]= 1.768127 pm 1.821533
A[9]= 1.121494 pm 0.368141
A[10]= 3.984312 pm 0.716395

Best-fitting parameters
A[0]= 0.974768
A[1]= 1.038309
A[2]= 0.823693
A[3]= 2.298149
A[4]= -0.869527
A[5]= 1.339163
A[6]= 3.721508
A[7]= 2.312130
A[8]= 1.739502
A[9]= 0.864728
A[10]= 3.599197
chi2_min= 72.181260


Cross-Covariance parameters
1.000000	-0.566919	-0.811579	0.868137	-0.346840	0.561400	0.698916	0.896650	-0.183518	0.444401	0.718269	
-0.566919	1.000000	0.730531	-0.342526	0.131073	-0.210700	-0.343851	-0.370858	0.041656	-0.088416	-0.316284	
-0.811579	0.730531	1.000000	-0.809717	0.032289	-0.181172	-0.250459	-0.779938	0.113790	-0.187302	-0.278427	
0.868137	-0.342526	-0.809717	1.000000	0.015357	0.181631	0.343562	0.888281	-0.170523	0.346538	0.455064	
-0.346840	0.131073	0.032289	0.015357	1.000000	-0.932288	-0.719181	-0.224917	0.078945	-0.284819	-0.511963	
0.561400	-0.210700	-0.181172	0.181631	-0.932288	1.000000	0.880499	0.421917	-0.123378	0.392918	0.685420	
0.698916	-0.343851	-0.250459	0.343562	-0.719181	0.880499	1.000000	0.499435	-0.141005	0.464970	0.857381	
0.896650	-0.370858	-0.779938	0.888281	-0.224917	0.421917	0.499435	1.000000	-0.202658	0.229178	0.494413	
-0.183518	0.041656	0.113790	-0.170523	0.078945	-0.123378	-0.141005	-0.202658	1.000000	-0.649251	-0.306854	
0.444401	-0.088416	-0.187302	0.346538	-0.284819	0.392918	0.464970	0.229178	-0.649251	1.000000	0.703318	
0.718269	-0.316284	-0.278427	0.455064	-0.511963	0.685420	0.857381	0.494413	-0.306854	0.703318	1.000000	

Time taken for mcmc chain: 2.477164 days
