Number of steps: 4744192
Number of accepted steps: 375870
Burn-in number of steps: 12000
Accepted fraction of steps: 0.079227
Convergence Status
R[0]= 1.005186	R[1]= 1.004074	R[2]= 1.005235	R[3]= 1.005170	R[4]= 1.001070	R[5]= 1.000985	R[6]= 1.000971	R[7]= 1.007029	R[8]= 1.009420	R[9]= 1.003208	R[10]= 1.001550	
<R>= 1.003991

Mean parameters
A[0]= 1.018849 pm 0.096846
A[1]= 0.990038 pm 0.043595
A[2]= 0.838439 pm 0.193981
A[3]= 2.229628 pm 0.104976
A[4]= -0.336739 pm 1.105498
A[5]= 1.364461 pm 0.366440
A[6]= 4.475632 pm 0.684718
A[7]= 2.252200 pm 0.111846
A[8]= 0.270187 pm 1.261302
A[9]= 1.168436 pm 0.330584
A[10]= 4.347714 pm 0.611293

Best-fitting parameters
A[0]= 1.007040
A[1]= 1.001133
A[2]= 0.865114
A[3]= 2.237665
A[4]= -0.623679
A[5]= 1.384876
A[6]= 4.378531
A[7]= 2.252702
A[8]= -0.151239
A[9]= 1.218390
A[10]= 4.329677
chi2_min= 59.049970


Cross-Covariance parameters
1.000000	-0.595653	-0.796589	0.870595	-0.283289	0.450489	0.605452	0.858755	-0.175187	0.356153	0.594289	
-0.595653	1.000000	0.812041	-0.343471	0.094476	-0.054496	-0.235321	-0.338021	0.111155	-0.058343	-0.235536	
-0.796589	0.812041	1.000000	-0.741979	0.035352	-0.068994	-0.130532	-0.708908	0.093982	-0.099370	-0.147799	
0.870595	-0.343471	-0.741979	1.000000	-0.021476	0.177268	0.286328	0.891822	-0.116937	0.279776	0.353040	
-0.283289	0.094476	0.035352	-0.021476	1.000000	-0.927098	-0.680734	-0.187136	0.099241	-0.204563	-0.391507	
0.450489	-0.054496	-0.068994	0.177268	-0.927098	1.000000	0.838129	0.349700	-0.133527	0.312262	0.555322	
0.605452	-0.235321	-0.130532	0.286328	-0.680734	0.838129	1.000000	0.379355	-0.183557	0.404647	0.789021	
0.858755	-0.338021	-0.708908	0.891822	-0.187136	0.349700	0.379355	1.000000	-0.017289	0.109418	0.317711	
-0.175187	0.111155	0.093982	-0.116937	0.099241	-0.133527	-0.183557	-0.017289	1.000000	-0.866231	-0.475853	
0.356153	-0.058343	-0.099370	0.279776	-0.204563	0.312262	0.404647	0.109418	-0.866231	1.000000	0.721069	
0.594289	-0.235536	-0.147799	0.353040	-0.391507	0.555322	0.789021	0.317711	-0.475853	0.721069	1.000000	

Time taken for mcmc chain: 2.473750 days
