Number of steps: 2267235
Number of accepted steps: 2000004
Burn-in number of steps: 12000
Accepted fraction of steps: 0.882134
Convergence Status
R[0]= 1.022812	R[1]= 1.039511	R[2]= 1.248803	R[3]= 1.184982	R[4]= 1.079208	R[5]= 1.421290	R[6]= 1.094976	R[7]= 1.493429	R[8]= 1.014916	R[9]= 1.406853	R[10]= 1.070063	
<R>= 1.188804

Mean parameters
A[0]= 1.001791 pm 0.227793
A[1]= 1.051318 pm 0.215439
A[2]= 1.840583 pm 1.363205
A[3]= 1.800947 pm 1.105041
A[4]= 0.125526 pm 5.153208
A[5]= 5.687662 pm 3.409736
A[6]= 11.129808 pm 5.817873
A[7]= 2.127379 pm 2.066187
A[8]= 0.076804 pm 5.700060
A[9]= 0.064780 pm 5.688401
A[10]= 10.317009 pm 5.941844

Best-fitting parameters
A[0]= 1.073616
A[1]= 1.084301
A[2]= 0.386246
A[3]= 4.589619
A[4]= 3.305635
A[5]= 9.357466
A[6]= 2.069385
A[7]= 6.575945
A[8]= 8.536571
A[9]= 6.496238
A[10]= 0.963583
chi2_min= 39699.660000


Cross-Covariance parameters
1.000000	-0.015624	-0.062686	0.151283	-0.001823	-0.089982	0.061257	-0.059325	0.012303	0.103995	-0.026554	
-0.015624	1.000000	0.077760	0.218569	-0.015654	-0.157453	0.007826	-0.106760	0.015114	0.017120	-0.026908	
-0.062686	0.077760	1.000000	-0.096119	0.046876	0.081007	0.075628	0.003957	-0.021506	0.048845	0.042826	
0.151283	0.218569	-0.096119	1.000000	0.157481	-0.093250	-0.173290	0.212101	-0.013341	-0.049250	-0.096221	
-0.001823	-0.015654	0.046876	0.157481	1.000000	-0.004821	-0.116989	0.189800	-0.000329	0.047031	-0.021775	
-0.089982	-0.157453	0.081007	-0.093250	-0.004821	1.000000	-0.094773	0.333747	0.015999	0.142973	-0.045872	
0.061257	0.007826	0.075628	-0.173290	-0.116989	-0.094773	1.000000	-0.169832	0.002367	-0.090988	0.016772	
-0.059325	-0.106760	0.003957	0.212101	0.189800	0.333747	-0.169832	1.000000	0.023463	-0.085526	-0.079332	
0.012303	0.015114	-0.021506	-0.013341	-0.000329	0.015999	0.002367	0.023463	1.000000	0.023162	-0.031407	
0.103995	0.017120	0.048845	-0.049250	0.047031	0.142973	-0.090988	-0.085526	0.023162	1.000000	0.052526	
-0.026554	-0.026908	0.042826	-0.096221	-0.021775	-0.045872	0.016772	-0.079332	-0.031407	0.052526	1.000000	

Time taken for mcmc chain: 1.808206 days
