Number of steps: 1612817
Number of accepted steps: 306265
Burn-in number of steps: 12000
Accepted fraction of steps: 0.189894
Convergence Status
R[0]= 1.001804	R[1]= 1.002063	R[2]= 1.001176	R[3]= 1.001284	R[4]= 1.004213	R[5]= 1.004034	R[6]= 1.002309	R[7]= 1.001886	R[8]= 1.010308	R[9]= 1.004308	R[10]= 1.003160	
<R>= 1.003322

Mean parameters
A[0]= 1.021174 pm 0.046420
A[1]= 0.972833 pm 0.020382
A[2]= 0.783919 pm 0.090008
A[3]= 2.155521 pm 0.052934
A[4]= -0.359145 pm 0.769707
A[5]= 1.229731 pm 0.185091
A[6]= 4.277219 pm 0.430842
A[7]= 2.094017 pm 0.061203
A[8]= -1.264234 pm 1.558449
A[9]= 1.483265 pm 0.307748
A[10]= 4.616374 pm 0.637211

Best-fitting parameters
A[0]= 1.019375
A[1]= 0.966766
A[2]= 0.771993
A[3]= 2.146986
A[4]= -0.581447
A[5]= 1.245467
A[6]= 4.222976
A[7]= 2.074244
A[8]= -2.053079
A[9]= 1.613374
A[10]= 4.718312
chi2_min= 51.748400


Cross-Covariance parameters
1.000000	-0.481535	-0.663266	0.768764	-0.244347	0.413586	0.527779	0.659463	-0.186777	0.315517	0.469354	
-0.481535	1.000000	0.690459	-0.143343	0.050252	0.016679	-0.171194	-0.140329	-0.001313	0.030469	-0.155420	
-0.663266	0.690459	1.000000	-0.671862	-0.153173	0.136231	0.145000	-0.590161	-0.079339	0.086247	0.101254	
0.768764	-0.143343	-0.671862	1.000000	0.216365	-0.053841	0.006575	0.731668	-0.058612	0.146175	0.107784	
-0.244347	0.050252	-0.153173	0.216365	1.000000	-0.943070	-0.738691	0.000549	0.167398	-0.248198	-0.401785	
0.413586	0.016679	0.136231	-0.053841	-0.943070	1.000000	0.854936	0.130443	-0.225063	0.349685	0.520246	
0.527779	-0.171194	0.145000	0.006575	-0.738691	0.854936	1.000000	0.084586	-0.295123	0.432975	0.710308	
0.659463	-0.140329	-0.590161	0.731668	0.000549	0.130443	0.084586	1.000000	0.278170	-0.292200	-0.162167	
-0.186777	-0.001313	-0.079339	-0.058612	0.167398	-0.225063	-0.295123	0.278170	1.000000	-0.903268	-0.688151	
0.315517	0.030469	0.086247	0.146175	-0.248198	0.349685	0.432975	-0.292200	-0.903268	1.000000	0.841811	
0.469354	-0.155420	0.101254	0.107784	-0.401785	0.520246	0.710308	-0.162167	-0.688151	0.841811	1.000000	

Time taken for mcmc chain: 16.008056 hours
