Number of steps: 2171588
Number of accepted steps: 312094
Burn-in number of steps: 12000
Accepted fraction of steps: 0.143717
Convergence Status
R[0]= 1.001581	R[1]= 1.001764	R[2]= 1.002899	R[3]= 1.003220	R[4]= 1.011130	R[5]= 1.006349	R[6]= 1.002420	R[7]= 1.000322	R[8]= 1.002477	R[9]= 1.001325	R[10]= 1.000621	
<R>= 1.003101

Mean parameters
A[0]= 0.989303 pm 0.059209
A[1]= 1.010380 pm 0.030121
A[2]= 0.880304 pm 0.145186
A[3]= 2.236140 pm 0.083584
A[4]= -0.730034 pm 1.288637
A[5]= 1.389024 pm 0.461466
A[6]= 3.820893 pm 0.696996
A[7]= 2.193990 pm 0.088653
A[8]= -0.731521 pm 2.119107
A[9]= 1.594498 pm 0.507310
A[10]= 4.802491 pm 0.845897

Best-fitting parameters
A[0]= 0.983782
A[1]= 1.001265
A[2]= 0.858905
A[3]= 2.250058
A[4]= -0.454588
A[5]= 1.200096
A[6]= 3.652398
A[7]= 2.191624
A[8]= -1.306063
A[9]= 1.567448
A[10]= 4.645607
chi2_min= 47.925590


Cross-Covariance parameters
1.000000	-0.431018	-0.582348	0.665356	-0.205866	0.324533	0.362913	0.697179	-0.091252	0.221805	0.385442	
-0.431018	1.000000	0.649698	-0.098325	0.009965	0.018927	-0.038811	-0.115606	-0.106934	0.103835	-0.056729	
-0.582348	0.649698	1.000000	-0.680183	-0.279692	0.288962	0.418620	-0.591878	-0.160467	0.219678	0.296341	
0.665356	-0.098325	-0.680183	1.000000	0.401477	-0.342864	-0.304086	0.737404	0.019702	-0.012789	-0.104131	
-0.205866	0.009965	-0.279692	0.401477	1.000000	-0.953344	-0.734066	0.056071	0.129110	-0.257596	-0.452227	
0.324533	0.018927	0.288962	-0.342864	-0.953344	1.000000	0.843198	0.024095	-0.169279	0.325178	0.549663	
0.362913	-0.038811	0.418620	-0.304086	-0.734066	0.843198	1.000000	-0.062651	-0.223644	0.419941	0.739252	
0.697179	-0.115606	-0.591878	0.737404	0.056071	0.024095	-0.062651	1.000000	0.090183	-0.238667	-0.134471	
-0.091252	-0.106934	-0.160467	0.019702	0.129110	-0.169279	-0.223644	0.090183	1.000000	-0.815068	-0.577567	
0.221805	0.103835	0.219678	-0.012789	-0.257596	0.325178	0.419941	-0.238667	-0.815068	1.000000	0.819031	
0.385442	-0.056729	0.296341	-0.104131	-0.452227	0.549663	0.739252	-0.134471	-0.577567	0.819031	1.000000	

Time taken for mcmc chain: 22.541111 hours
