Number of steps: 801486
Number of accepted steps: 304668
Burn-in number of steps: 12000
Accepted fraction of steps: 0.380129
Convergence Status
R[0]= 1.000808	R[1]= 1.000433	R[2]= 1.001391	R[3]= 1.000800	R[4]= 1.006034	R[5]= 1.006497	R[6]= 1.004202	R[7]= 1.001117	R[8]= 1.005442	R[9]= 1.004466	R[10]= 1.003638	
<R>= 1.003166

Mean parameters
A[0]= 1.015499 pm 0.037231
A[1]= 1.004275 pm 0.020377
A[2]= 0.856796 pm 0.086842
A[3]= 2.175682 pm 0.049443
A[4]= -0.238310 pm 0.880079
A[5]= 1.249652 pm 0.198702
A[6]= 4.037552 pm 0.380506
A[7]= 2.097329 pm 0.053597
A[8]= -0.505016 pm 0.977871
A[9]= 1.358122 pm 0.222602
A[10]= 4.321909 pm 0.438956

Best-fitting parameters
A[0]= 1.009638
A[1]= 1.007268
A[2]= 0.867361
A[3]= 2.173131
A[4]= -0.233530
A[5]= 1.229748
A[6]= 3.999457
A[7]= 2.086014
A[8]= -0.990841
A[9]= 1.438619
A[10]= 4.327592
chi2_min= 71.548870


Cross-Covariance parameters
1.000000	-0.478383	-0.617277	0.662759	-0.181603	0.300055	0.396818	0.635798	-0.120648	0.236131	0.382023	
-0.478383	1.000000	0.693581	-0.064841	0.063917	0.015409	-0.110764	-0.121654	0.029710	0.071447	-0.091372	
-0.617277	0.693581	1.000000	-0.618399	-0.209646	0.248642	0.317073	-0.573241	-0.129516	0.178242	0.256618	
0.662759	-0.064841	-0.618399	1.000000	0.399778	-0.315327	-0.261244	0.705517	0.060575	0.034683	-0.078012	
-0.181603	0.063917	-0.209646	0.399778	1.000000	-0.952520	-0.731177	0.078198	0.154340	-0.211373	-0.397704	
0.300055	0.015409	0.248642	-0.315327	-0.952520	1.000000	0.839491	-0.000634	-0.193403	0.295257	0.504495	
0.396818	-0.110764	0.317073	-0.261244	-0.731177	0.839491	1.000000	-0.074037	-0.284696	0.397553	0.720859	
0.635798	-0.121654	-0.573241	0.705517	0.078198	-0.000634	-0.074037	1.000000	0.409139	-0.361711	-0.236045	
-0.120648	0.029710	-0.129516	0.060575	0.154340	-0.193403	-0.284696	0.409139	1.000000	-0.943463	-0.674379	
0.236131	0.071447	0.178242	0.034683	-0.211373	0.295257	0.397553	-0.361711	-0.943463	1.000000	0.787524	
0.382023	-0.091372	0.256618	-0.078012	-0.397704	0.504495	0.720859	-0.236045	-0.674379	0.787524	1.000000	

Time taken for mcmc chain: 7.086667 hours
