Number of steps: 1155796
Number of accepted steps: 323584
Burn-in number of steps: 12000
Accepted fraction of steps: 0.279966
Convergence Status
R[0]= 1.002343	R[1]= 1.000911	R[2]= 1.002565	R[3]= 1.001793	R[4]= 1.001388	R[5]= 1.002794	R[6]= 1.003253	R[7]= 1.001645	R[8]= 1.001002	R[9]= 1.001740	R[10]= 1.003751	
<R>= 1.002108

Mean parameters
A[0]= 1.060444 pm 0.046301
A[1]= 0.976854 pm 0.018809
A[2]= 0.753175 pm 0.086642
A[3]= 2.184883 pm 0.051486
A[4]= -0.089401 pm 0.877700
A[5]= 1.231739 pm 0.199057
A[6]= 4.140934 pm 0.425810
A[7]= 2.154313 pm 0.059315
A[8]= -0.374436 pm 1.242003
A[9]= 1.295646 pm 0.258427
A[10]= 4.416906 pm 0.515920

Best-fitting parameters
A[0]= 1.055766
A[1]= 0.977319
A[2]= 0.746476
A[3]= 2.198516
A[4]= 0.058845
A[5]= 1.157706
A[6]= 3.980842
A[7]= 2.165782
A[8]= -0.779706
A[9]= 1.318344
A[10]= 4.344636
chi2_min= 48.098680


Cross-Covariance parameters
1.000000	-0.531270	-0.690097	0.732442	-0.232155	0.392221	0.504371	0.685697	-0.104133	0.234676	0.432170	
-0.531270	1.000000	0.678604	-0.168459	0.084756	-0.044239	-0.209578	-0.174093	0.049456	-0.017214	-0.198834	
-0.690097	0.678604	1.000000	-0.701369	-0.131157	0.109843	0.142207	-0.623027	-0.099288	0.094624	0.114145	
0.732442	-0.168459	-0.701369	1.000000	0.277261	-0.147047	-0.076798	0.741576	0.057643	0.036390	0.013023	
-0.232155	0.084756	-0.131157	0.277261	1.000000	-0.945262	-0.721717	0.009571	0.176647	-0.241523	-0.414104	
0.392221	-0.044239	0.109843	-0.147047	-0.945262	1.000000	0.845440	0.113748	-0.203947	0.312928	0.522573	
0.504371	-0.209578	0.142207	-0.076798	-0.721717	0.845440	1.000000	0.073800	-0.268781	0.393763	0.714681	
0.685697	-0.174093	-0.623027	0.741576	0.009571	0.113748	0.073800	1.000000	0.392138	-0.348436	-0.166766	
-0.104133	0.049456	-0.099288	0.057643	0.176647	-0.203947	-0.268781	0.392138	1.000000	-0.938470	-0.683511	
0.234676	-0.017214	0.094624	0.036390	-0.241523	0.312928	0.393763	-0.348436	-0.938470	1.000000	0.811253	
0.432170	-0.198834	0.114145	0.013023	-0.414104	0.522573	0.714681	-0.166766	-0.683511	0.811253	1.000000	

Time taken for mcmc chain: 12.184722 hours
