Number of steps: 2353029
Number of accepted steps: 600000
Burn-in number of steps: 12000
Accepted fraction of steps: 0.254990
Convergence Status
R[0]= 1.019322	R[1]= 1.010566	R[2]= 1.018010	R[3]= 1.024142	R[4]= 1.013044	R[5]= 1.010632	R[6]= 1.010092	R[7]= 1.020819	R[8]= 1.018764	R[9]= 1.020819	R[10]= 1.014512	
<R>= 1.016429

Mean parameters
A[0]= 1.013568 pm 0.216447
A[1]= 0.996696 pm 0.041588
A[2]= 0.885705 pm 0.282650
A[3]= 2.178782 pm 0.222463
A[4]= -0.331357 pm 1.611824
A[5]= 1.415250 pm 0.631569
A[6]= 4.636484 pm 1.451273
A[7]= 2.232101 pm 0.234740
A[8]= -2.427781 pm 1.091579
A[9]= 2.064684 pm 0.696161
A[10]= 6.120833 pm 2.232795

Best-fitting parameters
A[0]= 0.818610
A[1]= 1.004936
A[2]= 1.049453
A[3]= 1.998286
A[4]= 0.487028
A[5]= 0.843244
A[6]= 3.451363
A[7]= 2.021294
A[8]= -1.561812
A[9]= 1.396482
A[10]= 4.120284
chi2_min= 68.468310


Cross-Covariance parameters
1.000000	-0.751316	-0.880271	0.962834	-0.635116	0.805795	0.840448	0.971568	-0.645020	0.858023	0.901599	
-0.751316	1.000000	0.841740	-0.693892	0.419222	-0.503875	-0.555794	-0.700294	0.420549	-0.545976	-0.628846	
-0.880271	0.841740	1.000000	-0.916703	0.430934	-0.536754	-0.530698	-0.892334	0.449820	-0.644591	-0.649335	
0.962834	-0.693892	-0.916703	1.000000	-0.538394	0.676475	0.703829	0.970516	-0.578621	0.797210	0.800613	
-0.635116	0.419222	0.430934	-0.538394	1.000000	-0.892427	-0.771894	-0.599564	0.483462	-0.611610	-0.661507	
0.805795	-0.503875	-0.536754	0.676475	-0.892427	1.000000	0.944496	0.755489	-0.614489	0.778858	0.846800	
0.840448	-0.555794	-0.530698	0.703829	-0.771894	0.944496	1.000000	0.769736	-0.641492	0.809790	0.915071	
0.971568	-0.700294	-0.892334	0.970516	-0.599564	0.755489	0.769736	1.000000	-0.541522	0.775254	0.826529	
-0.645020	0.420549	0.449820	-0.578621	0.483462	-0.614489	-0.641492	-0.541522	1.000000	-0.930977	-0.794185	
0.858023	-0.545976	-0.644591	0.797210	-0.611610	0.778858	0.809790	0.775254	-0.930977	1.000000	0.934448	
0.901599	-0.628846	-0.649335	0.800613	-0.661507	0.846800	0.915071	0.826529	-0.794185	0.934448	1.000000	

Time taken for mcmc chain: 1.723113 days
