Number of steps: 6956562
Number of accepted steps: 305647
Burn-in number of steps: 12000
Accepted fraction of steps: 0.043937
Convergence Status
R[0]= 1.000293	R[1]= 1.000122	R[2]= 1.000322	R[3]= 1.001345	R[4]= 1.001566	R[5]= 1.000669	R[6]= 1.000599	R[7]= 1.000667	R[8]= 1.000022	R[9]= 1.000091	R[10]= 1.000666	
<R>= 1.000578

Mean parameters
A[0]= 1.023148 pm 0.120284
A[1]= 0.908257 pm 0.044128
A[2]= 0.709490 pm 0.180037
A[3]= 2.144450 pm 0.106496
A[4]= -1.420440 pm 0.977893
A[5]= 1.549943 pm 0.413412
A[6]= 4.751707 pm 1.144182
A[7]= 2.152107 pm 0.117546
A[8]= 1.163308 pm 1.849211
A[9]= 1.063151 pm 0.352615
A[10]= 4.470932 pm 0.911429

Best-fitting parameters
A[0]= 0.965648
A[1]= 0.913634
A[2]= 0.767131
A[3]= 2.081104
A[4]= -1.689984
A[5]= 1.550197
A[6]= 4.358094
A[7]= 2.118686
A[8]= 2.707674
A[9]= 0.760611
A[10]= 4.045834
chi2_min= 59.692900


Cross-Covariance parameters
1.000000	-0.556506	-0.750749	0.876490	-0.346680	0.577673	0.799505	0.832319	-0.155121	0.429672	0.761623	
-0.556506	1.000000	0.789299	-0.273415	0.020277	-0.037078	-0.371498	-0.234792	0.008398	0.006162	-0.326373	
-0.750749	0.789299	1.000000	-0.679307	-0.023597	-0.099172	-0.318392	-0.635515	0.069337	-0.057539	-0.291102	
0.876490	-0.273415	-0.679307	1.000000	-0.096626	0.359645	0.538824	0.882203	-0.166217	0.384924	0.569844	
-0.346680	0.020277	-0.023597	-0.096626	1.000000	-0.925763	-0.671748	-0.249670	0.073281	-0.314169	-0.460452	
0.577673	-0.037078	-0.099172	0.359645	-0.925763	1.000000	0.836410	0.483245	-0.123821	0.453222	0.648427	
0.799505	-0.371498	-0.318392	0.538824	-0.671748	0.836410	1.000000	0.551529	-0.132767	0.505596	0.856875	
0.832319	-0.234792	-0.635515	0.882203	-0.249670	0.483245	0.551529	1.000000	-0.250198	0.252945	0.492925	
-0.155121	0.008398	0.069337	-0.166217	0.073281	-0.123821	-0.132767	-0.250198	1.000000	-0.642892	-0.336173	
0.429672	0.006162	-0.057539	0.384924	-0.314169	0.453222	0.505596	0.252945	-0.642892	1.000000	0.772466	
0.761623	-0.326373	-0.291102	0.569844	-0.460452	0.648427	0.856875	0.492925	-0.336173	0.772466	1.000000	

Time taken for mcmc chain: 3.817917 days
