Number of steps: 1116877
Number of accepted steps: 306929
Burn-in number of steps: 12000
Accepted fraction of steps: 0.274810
Convergence Status
R[0]= 1.002634	R[1]= 1.001159	R[2]= 1.000359	R[3]= 1.000843	R[4]= 1.003130	R[5]= 1.003809	R[6]= 1.004109	R[7]= 1.000100	R[8]= 1.005073	R[9]= 1.005641	R[10]= 1.004326	
<R>= 1.002835

Mean parameters
A[0]= 1.028346 pm 0.064754
A[1]= 0.999865 pm 0.023471
A[2]= 0.956236 pm 0.103691
A[3]= 2.144174 pm 0.063122
A[4]= -0.975983 pm 0.968255
A[5]= 1.441584 pm 0.263854
A[6]= 4.869151 pm 0.664677
A[7]= 2.082202 pm 0.068714
A[8]= -1.726576 pm 0.882382
A[9]= 1.650277 pm 0.274605
A[10]= 5.254789 pm 0.806876

Best-fitting parameters
A[0]= 1.011613
A[1]= 1.000691
A[2]= 1.001347
A[3]= 2.113153
A[4]= -1.219389
A[5]= 1.469526
A[6]= 4.911333
A[7]= 2.046012
A[8]= -2.218203
A[9]= 1.752102
A[10]= 5.386533
chi2_min= 59.507530


Cross-Covariance parameters
1.000000	-0.584435	-0.624505	0.788747	-0.450818	0.620579	0.731778	0.774552	-0.341798	0.535133	0.692964	
-0.584435	1.000000	0.714889	-0.304663	0.201410	-0.191440	-0.365391	-0.314762	0.152825	-0.145536	-0.361060	
-0.624505	0.714889	1.000000	-0.717013	-0.074763	0.020951	-0.030387	-0.657486	-0.058042	0.003081	-0.046984	
0.788747	-0.304663	-0.717013	1.000000	0.037918	0.143432	0.240278	0.825933	-0.095748	0.277473	0.292088	
-0.450818	0.201410	-0.074763	0.037918	1.000000	-0.944759	-0.794526	-0.171286	0.370324	-0.460923	-0.589163	
0.620579	-0.191440	0.020951	0.143432	-0.944759	1.000000	0.908414	0.330072	-0.423631	0.571469	0.712205	
0.731778	-0.365391	-0.030387	0.240278	-0.794526	0.908414	1.000000	0.352078	-0.480955	0.636494	0.852615	
0.774552	-0.314762	-0.657486	0.825933	-0.171286	0.330072	0.352078	1.000000	0.147270	0.045318	0.215475	
-0.341798	0.152825	-0.058042	-0.095748	0.370324	-0.423631	-0.480955	0.147270	1.000000	-0.947615	-0.751093	
0.535133	-0.145536	0.003081	0.277473	-0.460923	0.571469	0.636494	0.045318	-0.947615	1.000000	0.868375	
0.692964	-0.361060	-0.046984	0.292088	-0.589163	0.712205	0.852615	0.215475	-0.751093	0.868375	1.000000	

Time taken for mcmc chain: 11.726667 hours
