Number of steps: 951219
Number of accepted steps: 304723
Burn-in number of steps: 12000
Accepted fraction of steps: 0.320350
Convergence Status
R[0]= 1.001878	R[1]= 1.000087	R[2]= 1.000964	R[3]= 1.001507	R[4]= 1.002523	R[5]= 1.001363	R[6]= 1.001215	R[7]= 1.003353	R[8]= 1.000486	R[9]= 1.000325	R[10]= 1.000828	
<R>= 1.001321

Mean parameters
A[0]= 1.104376 pm 0.040115
A[1]= 0.995092 pm 0.019154
A[2]= 0.756089 pm 0.082849
A[3]= 2.282274 pm 0.046655
A[4]= -0.117834 pm 0.973613
A[5]= 1.306726 pm 0.213201
A[6]= 4.483842 pm 0.406637
A[7]= 2.221830 pm 0.052390
A[8]= -0.371901 pm 1.124414
A[9]= 1.404430 pm 0.249215
A[10]= 4.731246 pm 0.497603

Best-fitting parameters
A[0]= 1.099284
A[1]= 0.995722
A[2]= 0.766620
A[3]= 2.276575
A[4]= -0.364795
A[5]= 1.322503
A[6]= 4.463978
A[7]= 2.214175
A[8]= -0.925171
A[9]= 1.471615
A[10]= 4.706368
chi2_min= 63.861460


Cross-Covariance parameters
1.000000	-0.480547	-0.628902	0.681119	-0.202188	0.329824	0.481619	0.618491	-0.132541	0.253251	0.424609	
-0.480547	1.000000	0.683449	-0.078045	0.017522	0.045345	-0.140825	-0.081597	0.018919	0.047407	-0.136137	
-0.628902	0.683449	1.000000	-0.612003	-0.153927	0.182721	0.214319	-0.535889	-0.098312	0.129682	0.170494	
0.681119	-0.078045	-0.612003	1.000000	0.307944	-0.228748	-0.142581	0.679566	0.008274	0.079356	0.015160	
-0.202188	0.017522	-0.153927	0.307944	1.000000	-0.944929	-0.707005	-0.001422	0.113766	-0.183016	-0.326160	
0.329824	0.045345	0.182721	-0.228748	-0.944929	1.000000	0.831110	0.085563	-0.155674	0.265466	0.435976	
0.481619	-0.140825	0.214319	-0.142581	-0.707005	0.831110	1.000000	0.034037	-0.242969	0.371012	0.669537	
0.618491	-0.081597	-0.535889	0.679566	-0.001422	0.085563	0.034037	1.000000	0.383533	-0.348038	-0.206658	
-0.132541	0.018919	-0.098312	0.008274	0.113766	-0.155674	-0.242969	0.383533	1.000000	-0.941510	-0.690550	
0.253251	0.047407	0.129682	0.079356	-0.183016	0.265466	0.371012	-0.348038	-0.941510	1.000000	0.811950	
0.424609	-0.136137	0.170494	0.015160	-0.326160	0.435976	0.669537	-0.206658	-0.690550	0.811950	1.000000	

Time taken for mcmc chain: 10.223611 hours
