Number of steps: 1821754
Number of accepted steps: 314674
Burn-in number of steps: 12000
Accepted fraction of steps: 0.172731
Convergence Status
R[0]= 1.008512	R[1]= 1.002682	R[2]= 1.002426	R[3]= 1.004607	R[4]= 1.002715	R[5]= 1.004346	R[6]= 1.007509	R[7]= 1.004269	R[8]= 1.001830	R[9]= 1.002425	R[10]= 1.006094	
<R>= 1.004310

Mean parameters
A[0]= 0.979305 pm 0.043959
A[1]= 1.009106 pm 0.021616
A[2]= 0.888706 pm 0.093444
A[3]= 2.149836 pm 0.053998
A[4]= 0.268176 pm 1.134492
A[5]= 1.139658 pm 0.210936
A[6]= 3.965874 pm 0.357161
A[7]= 2.091894 pm 0.060273
A[8]= 0.703224 pm 1.584936
A[9]= 1.129978 pm 0.222095
A[10]= 4.130237 pm 0.389245

Best-fitting parameters
A[0]= 0.972382
A[1]= 1.008475
A[2]= 0.886619
A[3]= 2.153195
A[4]= 0.299780
A[5]= 1.080644
A[6]= 3.880053
A[7]= 2.104934
A[8]= 0.130323
A[9]= 1.109002
A[10]= 4.079715
chi2_min= 42.211900


Cross-Covariance parameters
1.000000	-0.466935	-0.695538	0.786533	-0.234113	0.369611	0.468098	0.760325	-0.130103	0.244021	0.418699	
-0.466935	1.000000	0.750061	-0.181398	-0.033789	0.089361	-0.035674	-0.174199	-0.029016	0.103358	-0.031005	
-0.695538	0.750061	1.000000	-0.671522	-0.121217	0.131758	0.167535	-0.601509	-0.023416	0.091351	0.135919	
0.786533	-0.181398	-0.671522	1.000000	0.135076	-0.067950	-0.010973	0.779431	-0.069310	0.123210	0.089441	
-0.234113	-0.033789	-0.121217	0.135076	1.000000	-0.920727	-0.702865	-0.094746	0.100167	-0.198215	-0.383088	
0.369611	0.089361	0.131758	-0.067950	-0.920727	1.000000	0.849288	0.195576	-0.137902	0.291273	0.518364	
0.468098	-0.035674	0.167535	-0.010973	-0.702865	0.849288	1.000000	0.160424	-0.175372	0.368762	0.715509	
0.760325	-0.174199	-0.601509	0.779431	-0.094746	0.195576	0.160424	1.000000	0.035532	-0.139620	0.000057	
-0.130103	-0.029016	-0.023416	-0.069310	0.100167	-0.137902	-0.175372	0.035532	1.000000	-0.829168	-0.542531	
0.244021	0.103358	0.091351	0.123210	-0.198215	0.291273	0.368762	-0.139620	-0.829168	1.000000	0.774857	
0.418699	-0.031005	0.135919	0.089441	-0.383088	0.518364	0.715509	0.000057	-0.542531	0.774857	1.000000	

Time taken for mcmc chain: 17.406667 hours
