Number of steps: 1340463
Number of accepted steps: 316605
Burn-in number of steps: 12000
Accepted fraction of steps: 0.236191
Convergence Status
R[0]= 1.000804	R[1]= 1.001444	R[2]= 1.003134	R[3]= 1.000652	R[4]= 1.002504	R[5]= 1.002547	R[6]= 1.004833	R[7]= 1.003422	R[8]= 1.000567	R[9]= 1.001488	R[10]= 1.003548	
<R>= 1.002267

Mean parameters
A[0]= 1.065462 pm 0.057221
A[1]= 0.994935 pm 0.029363
A[2]= 0.723319 pm 0.134576
A[3]= 2.304340 pm 0.072780
A[4]= -0.597318 pm 1.206886
A[5]= 1.498773 pm 0.426720
A[6]= 4.342993 pm 0.737128
A[7]= 2.295914 pm 0.079703
A[8]= -0.418956 pm 1.727560
A[9]= 1.474818 pm 0.504169
A[10]= 4.384074 pm 0.780289

Best-fitting parameters
A[0]= 1.037916
A[1]= 1.005879
A[2]= 0.787109
A[3]= 2.287466
A[4]= -0.731490
A[5]= 1.467514
A[6]= 4.273272
A[7]= 2.288180
A[8]= -0.281574
A[9]= 1.287638
A[10]= 4.103721
chi2_min= 45.834880


Cross-Covariance parameters
1.000000	-0.440884	-0.568905	0.653724	-0.188274	0.313074	0.416968	0.602662	-0.154189	0.260570	0.402639	
-0.440884	1.000000	0.649196	-0.053442	-0.019675	0.070520	-0.068398	-0.032307	0.026794	0.017325	-0.085297	
-0.568905	0.649196	1.000000	-0.622344	-0.253436	0.281046	0.359900	-0.520155	-0.077760	0.139503	0.291842	
0.653724	-0.053442	-0.622344	1.000000	0.359024	-0.290523	-0.231792	0.689723	0.001339	0.037306	-0.071549	
-0.188274	-0.019675	-0.253436	0.359024	1.000000	-0.949136	-0.727444	0.044023	0.108966	-0.192423	-0.375512	
0.313074	0.070520	0.281046	-0.290523	-0.949136	1.000000	0.844145	0.031354	-0.160690	0.275172	0.492881	
0.416968	-0.068398	0.359900	-0.231792	-0.727444	0.844145	1.000000	-0.044948	-0.234006	0.375900	0.713937	
0.602662	-0.032307	-0.520155	0.689723	0.044023	0.031354	-0.044948	1.000000	0.281106	-0.342595	-0.217353	
-0.154189	0.026794	-0.077760	0.001339	0.108966	-0.160690	-0.234006	0.281106	1.000000	-0.897117	-0.607183	
0.260570	0.017325	0.139503	0.037306	-0.192423	0.275172	0.375900	-0.342595	-0.897117	1.000000	0.782115	
0.402639	-0.085297	0.291842	-0.071549	-0.375512	0.492881	0.713937	-0.217353	-0.607183	0.782115	1.000000	

Time taken for mcmc chain: 13.848611 hours
