Number of steps: 3850984
Number of accepted steps: 335868
Burn-in number of steps: 12000
Accepted fraction of steps: 0.087216
Convergence Status
R[0]= 1.001029	R[1]= 1.001039	R[2]= 1.001577	R[3]= 1.000429	R[4]= 1.001564	R[5]= 1.001614	R[6]= 1.001767	R[7]= 1.001089	R[8]= 1.001390	R[9]= 1.000871	R[10]= 1.000430	
<R>= 1.001163

Mean parameters
A[0]= 1.006077 pm 0.066188
A[1]= 1.006927 pm 0.038043
A[2]= 0.887799 pm 0.158146
A[3]= 2.252244 pm 0.079974
A[4]= -1.031263 pm 1.139972
A[5]= 1.553463 pm 0.433642
A[6]= 4.690376 pm 0.812993
A[7]= 2.170344 pm 0.088673
A[8]= -1.537316 pm 2.127621
A[9]= 1.972048 pm 0.525514
A[10]= 5.092900 pm 0.972344

Best-fitting parameters
A[0]= 1.014370
A[1]= 1.010877
A[2]= 0.910588
A[3]= 2.243840
A[4]= -1.720743
A[5]= 1.786880
A[6]= 4.900372
A[7]= 2.150624
A[8]= -2.924500
A[9]= 2.411170
A[10]= 5.703901
chi2_min= 60.999220


Cross-Covariance parameters
1.000000	-0.439773	-0.551826	0.715648	-0.294942	0.417091	0.533586	0.673441	-0.197896	0.359658	0.535161	
-0.439773	1.000000	0.712800	-0.069205	0.007105	0.061751	-0.104905	-0.073921	-0.032814	0.083511	-0.130026	
-0.551826	0.712800	1.000000	-0.579940	-0.232665	0.259236	0.259221	-0.489030	-0.033281	0.127356	0.167133	
0.715648	-0.069205	-0.579940	1.000000	0.205221	-0.098383	-0.037573	0.743102	-0.124876	0.191414	0.103319	
-0.294942	0.007105	-0.232665	0.205221	1.000000	-0.951153	-0.768771	-0.039950	0.128545	-0.287780	-0.478663	
0.417091	0.061751	0.259236	-0.098383	-0.951153	1.000000	0.872204	0.143280	-0.172188	0.375582	0.580979	
0.533586	-0.104905	0.259221	-0.037573	-0.768771	0.872204	1.000000	0.114122	-0.197870	0.433454	0.757049	
0.673441	-0.073921	-0.489030	0.743102	-0.039950	0.143280	0.114122	1.000000	-0.061565	-0.086990	0.020947	
-0.197896	-0.032814	-0.033281	-0.124876	0.128545	-0.172188	-0.197870	-0.061565	1.000000	-0.760867	-0.508472	
0.359658	0.083511	0.127356	0.191414	-0.287780	0.375582	0.433454	-0.086990	-0.760867	1.000000	0.793671	
0.535161	-0.130026	0.167133	0.103319	-0.478663	0.580979	0.757049	0.020947	-0.508472	0.793671	1.000000	

Time taken for mcmc chain: 1.717407 days
