Number of steps: 1316435
Number of accepted steps: 309520
Burn-in number of steps: 12000
Accepted fraction of steps: 0.235120
Convergence Status
R[0]= 1.002549	R[1]= 1.004904	R[2]= 1.005004	R[3]= 1.001561	R[4]= 1.003602	R[5]= 1.002644	R[6]= 1.001094	R[7]= 1.000134	R[8]= 1.001218	R[9]= 1.002772	R[10]= 1.001819	
<R>= 1.002482

Mean parameters
A[0]= 0.996734 pm 0.044285
A[1]= 1.013218 pm 0.020232
A[2]= 0.844395 pm 0.095185
A[3]= 2.182189 pm 0.055200
A[4]= -0.109150 pm 0.939312
A[5]= 1.202689 pm 0.199778
A[6]= 3.999637 pm 0.355649
A[7]= 2.120167 pm 0.061800
A[8]= 0.297298 pm 1.416879
A[9]= 1.178208 pm 0.243302
A[10]= 3.916088 pm 0.395327

Best-fitting parameters
A[0]= 0.993011
A[1]= 1.016528
A[2]= 0.845575
A[3]= 2.196561
A[4]= -0.001007
A[5]= 1.148123
A[6]= 3.923890
A[7]= 2.144938
A[8]= 0.663820
A[9]= 1.046071
A[10]= 3.732240
chi2_min= 44.901540


Cross-Covariance parameters
1.000000	-0.540239	-0.738087	0.786823	-0.180778	0.321463	0.404945	0.732328	-0.089119	0.195399	0.325957	
-0.540239	1.000000	0.737205	-0.249322	0.042096	0.006535	-0.108032	-0.245091	-0.017829	0.059422	-0.058852	
-0.738087	0.737205	1.000000	-0.726395	-0.128136	0.115698	0.179722	-0.664726	-0.093169	0.112536	0.198865	
0.786823	-0.249322	-0.726395	1.000000	0.262681	-0.159427	-0.103057	0.771180	0.017140	0.051256	-0.015420	
-0.180778	0.042096	-0.128136	0.262681	1.000000	-0.941770	-0.712879	0.012586	0.126514	-0.187876	-0.367320	
0.321463	0.006535	0.115698	-0.159427	-0.941770	1.000000	0.833429	0.092136	-0.171186	0.273079	0.481627	
0.404945	-0.108032	0.179722	-0.103057	-0.712879	0.833429	1.000000	0.034462	-0.234185	0.364567	0.708244	
0.732328	-0.245091	-0.664726	0.771180	0.012586	0.092136	0.034462	1.000000	0.276636	-0.308590	-0.183353	
-0.089119	-0.017829	-0.093169	0.017140	0.126514	-0.171186	-0.234185	0.276636	1.000000	-0.903286	-0.611221	
0.195399	0.059422	0.112536	0.051256	-0.187876	0.273079	0.364567	-0.308590	-0.903286	1.000000	0.766958	
0.325957	-0.058852	0.198865	-0.015420	-0.367320	0.481627	0.708244	-0.183353	-0.611221	0.766958	1.000000	

Time taken for mcmc chain: 12.215000 hours
