Number of steps: 1884726
Number of accepted steps: 304302
Burn-in number of steps: 12000
Accepted fraction of steps: 0.161457
Convergence Status
R[0]= 1.003921	R[1]= 1.004268	R[2]= 1.001703	R[3]= 1.002613	R[4]= 1.005502	R[5]= 1.005798	R[6]= 1.005246	R[7]= 1.003241	R[8]= 1.000826	R[9]= 1.002658	R[10]= 1.003332	
<R>= 1.003555

Mean parameters
A[0]= 1.080801 pm 0.109401
A[1]= 0.986482 pm 0.034800
A[2]= 0.945307 pm 0.156204
A[3]= 2.249332 pm 0.102170
A[4]= -1.092276 pm 1.208526
A[5]= 1.728162 pm 0.467080
A[6]= 5.875165 pm 1.192477
A[7]= 2.251180 pm 0.117328
A[8]= -3.265882 pm 0.538474
A[9]= 2.567478 pm 0.358079
A[10]= 7.278432 pm 1.453479

Best-fitting parameters
A[0]= 1.031096
A[1]= 0.982891
A[2]= 0.961418
A[3]= 2.198618
A[4]= -1.193624
A[5]= 1.624772
A[6]= 5.443011
A[7]= 2.180114
A[8]= -3.202022
A[9]= 2.442227
A[10]= 6.536959
chi2_min= 57.379730


Cross-Covariance parameters
1.000000	-0.497689	-0.555808	0.891314	-0.481193	0.682465	0.819969	0.923500	-0.334498	0.664170	0.834498	
-0.497689	1.000000	0.721982	-0.281764	0.090555	-0.094324	-0.307109	-0.322611	-0.115522	0.038445	-0.349532	
-0.555808	0.721982	1.000000	-0.600639	-0.062337	0.012473	-0.086071	-0.520745	-0.055482	-0.075414	-0.186610	
0.891314	-0.281764	-0.600639	1.000000	-0.259323	0.457371	0.573913	0.897678	-0.324895	0.637522	0.645236	
-0.481193	0.090555	-0.062337	-0.259323	1.000000	-0.917025	-0.746631	-0.427086	0.268818	-0.443789	-0.548808	
0.682465	-0.094324	0.012473	0.457371	-0.917025	1.000000	0.907160	0.628212	-0.371643	0.625155	0.729063	
0.819969	-0.307109	-0.086071	0.573913	-0.746631	0.907160	1.000000	0.712481	-0.362990	0.646397	0.867680	
0.923500	-0.322611	-0.520745	0.897678	-0.427086	0.628212	0.712481	1.000000	-0.302827	0.614411	0.734623	
-0.334498	-0.115522	-0.055482	-0.324895	0.268818	-0.371643	-0.362990	-0.302827	1.000000	-0.889555	-0.608885	
0.664170	0.038445	-0.075414	0.637522	-0.443789	0.625155	0.646397	0.614411	-0.889555	1.000000	0.815848	
0.834498	-0.349532	-0.186610	0.645236	-0.548808	0.729063	0.867680	0.734623	-0.608885	0.815848	1.000000	

Time taken for mcmc chain: 1.034468 days
