Number of steps: 1402729
Number of accepted steps: 330226
Burn-in number of steps: 12000
Accepted fraction of steps: 0.235417
Convergence Status
R[0]= 1.000099	R[1]= 1.000958	R[2]= 1.002930	R[3]= 1.001835	R[4]= 1.003754	R[5]= 1.002786	R[6]= 1.002108	R[7]= 1.001663	R[8]= 1.001326	R[9]= 1.000505	R[10]= 1.002109	
<R>= 1.001825

Mean parameters
A[0]= 1.063729 pm 0.045981
A[1]= 1.002597 pm 0.030891
A[2]= 0.767227 pm 0.147226
A[3]= 2.297095 pm 0.071227
A[4]= -1.847658 pm 1.327943
A[5]= 1.912251 pm 0.550981
A[6]= 4.821050 pm 1.094882
A[7]= 2.303996 pm 0.072551
A[8]= -1.093130 pm 1.547176
A[9]= 1.759705 pm 0.534528
A[10]= 5.028576 pm 1.046428

Best-fitting parameters
A[0]= 1.063979
A[1]= 0.989104
A[2]= 0.817218
A[3]= 2.233154
A[4]= -2.717849
A[5]= 2.264617
A[6]= 5.530892
A[7]= 2.243590
A[8]= -1.857698
A[9]= 1.978522
A[10]= 5.476006
chi2_min= 47.430600


Cross-Covariance parameters
1.000000	-0.452746	-0.325588	0.370031	-0.245050	0.331212	0.449173	0.397684	-0.187096	0.284230	0.436241	
-0.452746	1.000000	0.571270	0.022185	-0.031890	0.077278	-0.083634	0.042330	0.011366	0.052126	-0.096093	
-0.325588	0.571270	1.000000	-0.609417	-0.484848	0.524495	0.574741	-0.495188	-0.288099	0.377956	0.503778	
0.370031	0.022185	-0.609417	1.000000	0.611867	-0.572259	-0.500349	0.642469	0.196550	-0.191404	-0.337433	
-0.245050	-0.031890	-0.484848	0.611867	1.000000	-0.968524	-0.803205	0.232744	0.290216	-0.381079	-0.554444	
0.331212	0.077278	0.524495	-0.572259	-0.968524	1.000000	0.877437	-0.188160	-0.326698	0.439425	0.624772	
0.449173	-0.083634	0.574741	-0.500349	-0.803205	0.877437	1.000000	-0.266313	-0.405847	0.527366	0.798086	
0.397684	0.042330	-0.495188	0.642469	0.232744	-0.188160	-0.266313	1.000000	0.456071	-0.479574	-0.397046	
-0.187096	0.011366	-0.288099	0.196550	0.290216	-0.326698	-0.405847	0.456071	1.000000	-0.938523	-0.713101	
0.284230	0.052126	0.377956	-0.191404	-0.381079	0.439425	0.527366	-0.479574	-0.938523	1.000000	0.835917	
0.436241	-0.096093	0.503778	-0.337433	-0.554444	0.624772	0.798086	-0.397046	-0.713101	0.835917	1.000000	

Time taken for mcmc chain: 15.253333 hours
