Number of steps: 1322871
Number of accepted steps: 307029
Burn-in number of steps: 12000
Accepted fraction of steps: 0.232093
Convergence Status
R[0]= 1.000668	R[1]= 1.000467	R[2]= 1.000511	R[3]= 1.001163	R[4]= 1.001343	R[5]= 1.001348	R[6]= 1.000745	R[7]= 1.000322	R[8]= 1.000352	R[9]= 1.001504	R[10]= 1.001662	
<R>= 1.000917

Mean parameters
A[0]= 1.103697 pm 0.087459
A[1]= 0.975949 pm 0.034684
A[2]= 0.719136 pm 0.154158
A[3]= 2.286106 pm 0.086165
A[4]= -1.713423 pm 1.061863
A[5]= 1.889442 pm 0.468595
A[6]= 5.248108 pm 1.097217
A[7]= 2.353646 pm 0.091178
A[8]= -0.221704 pm 1.632225
A[9]= 1.452348 pm 0.502275
A[10]= 4.580226 pm 0.930242

Best-fitting parameters
A[0]= 1.060368
A[1]= 0.986449
A[2]= 0.811221
A[3]= 2.209260
A[4]= -2.295810
A[5]= 2.089634
A[6]= 5.362276
A[7]= 2.333779
A[8]= 0.023000
A[9]= 1.242841
A[10]= 4.330600
chi2_min= 46.806910


Cross-Covariance parameters
1.000000	-0.525601	-0.608287	0.771028	-0.326422	0.496954	0.664139	0.725286	-0.219429	0.413745	0.631228	
-0.525601	1.000000	0.704744	-0.189170	0.051109	-0.038106	-0.266531	-0.173121	0.041519	-0.033236	-0.221263	
-0.608287	0.704744	1.000000	-0.632989	-0.173262	0.126120	0.055037	-0.584635	-0.031405	0.053007	0.060852	
0.771028	-0.189170	-0.632989	1.000000	0.139065	0.040373	0.182665	0.790637	-0.117072	0.247276	0.273554	
-0.326422	0.051109	-0.173262	0.139065	1.000000	-0.954575	-0.755550	-0.087400	0.167795	-0.308503	-0.489010	
0.496954	-0.038106	0.126120	0.040373	-0.954575	1.000000	0.866727	0.239846	-0.220192	0.410667	0.618905	
0.664139	-0.266531	0.055037	0.182665	-0.755550	0.866727	1.000000	0.256613	-0.278508	0.499246	0.810897	
0.725286	-0.173121	-0.584635	0.790637	-0.087400	0.239846	0.256613	1.000000	0.094636	-0.047821	0.145100	
-0.219429	0.041519	-0.031405	-0.117072	0.167795	-0.220192	-0.278508	0.094636	1.000000	-0.870400	-0.566381	
0.413745	-0.033236	0.053007	0.247276	-0.308503	0.410667	0.499246	-0.047821	-0.870400	1.000000	0.799545	
0.631228	-0.221263	0.060852	0.273554	-0.489010	0.618905	0.810897	0.145100	-0.566381	0.799545	1.000000	

Time taken for mcmc chain: 15.829167 hours
