Number of steps: 1132661
Number of accepted steps: 321510
Burn-in number of steps: 12000
Accepted fraction of steps: 0.283854
Convergence Status
R[0]= 1.000148	R[1]= 1.002154	R[2]= 1.002282	R[3]= 1.000639	R[4]= 1.004953	R[5]= 1.004301	R[6]= 1.002337	R[7]= 1.000714	R[8]= 1.000789	R[9]= 1.001810	R[10]= 1.001459	
<R>= 1.001962

Mean parameters
A[0]= 1.005227 pm 0.037708
A[1]= 0.980551 pm 0.022578
A[2]= 0.862735 pm 0.089850
A[3]= 2.087813 pm 0.048661
A[4]= -1.006708 pm 0.767585
A[5]= 1.373487 pm 0.200158
A[6]= 4.441370 pm 0.463525
A[7]= 2.083790 pm 0.053814
A[8]= 1.616524 pm 1.280787
A[9]= 1.017500 pm 0.132830
A[10]= 4.121700 pm 0.314277

Best-fitting parameters
A[0]= 0.989494
A[1]= 0.984710
A[2]= 0.884902
A[3]= 2.079633
A[4]= -0.912224
A[5]= 1.319295
A[6]= 4.294331
A[7]= 2.087111
A[8]= 2.399225
A[9]= 0.904061
A[10]= 3.975685
chi2_min= 45.022640


Cross-Covariance parameters
1.000000	-0.482378	-0.619655	0.625742	-0.210459	0.329021	0.426881	0.694500	-0.057605	0.155143	0.384140	
-0.482378	1.000000	0.697045	-0.034177	0.037264	0.061185	-0.142483	-0.071573	-0.038277	0.210251	-0.058882	
-0.619655	0.697045	1.000000	-0.600911	-0.254293	0.275876	0.273552	-0.533430	0.003043	0.216477	0.306777	
0.625742	-0.034177	-0.600911	1.000000	0.425738	-0.300453	-0.276740	0.733656	-0.048187	0.047307	-0.128783	
-0.210459	0.037264	-0.254293	0.425738	1.000000	-0.957544	-0.799907	0.037386	0.031417	-0.210026	-0.507730	
0.329021	0.061185	0.275876	-0.300453	-0.957544	1.000000	0.869512	0.089887	-0.055907	0.294971	0.595198	
0.426881	-0.142483	0.273552	-0.276740	-0.799907	0.869512	1.000000	0.022930	-0.038190	0.300276	0.767954	
0.694500	-0.071573	-0.533430	0.733656	0.037386	0.089887	0.022930	1.000000	-0.154240	-0.101572	-0.039132	
-0.057605	-0.038277	0.003043	-0.048187	0.031417	-0.055907	-0.038190	-0.154240	1.000000	-0.647718	-0.229538	
0.155143	0.210251	0.216477	0.047307	-0.210026	0.294971	0.300276	-0.101572	-0.647718	1.000000	0.601727	
0.384140	-0.058882	0.306777	-0.128783	-0.507730	0.595198	0.767954	-0.039132	-0.229538	0.601727	1.000000	

Time taken for mcmc chain: 10.440556 hours
