Number of steps: 965289
Number of accepted steps: 311771
Burn-in number of steps: 12000
Accepted fraction of steps: 0.322982
Convergence Status
R[0]= 1.004788	R[1]= 1.001828	R[2]= 1.001461	R[3]= 1.000678	R[4]= 1.003016	R[5]= 1.003751	R[6]= 1.004315	R[7]= 1.002076	R[8]= 1.001972	R[9]= 1.004416	R[10]= 1.005240	
<R>= 1.003049

Mean parameters
A[0]= 1.017154 pm 0.055964
A[1]= 0.969959 pm 0.026010
A[2]= 0.852276 pm 0.099704
A[3]= 2.104159 pm 0.054391
A[4]= -1.713880 pm 0.684693
A[5]= 1.541917 pm 0.231937
A[6]= 4.814126 pm 0.737361
A[7]= 2.111062 pm 0.058708
A[8]= -0.164172 pm 1.238883
A[9]= 1.194669 pm 0.236237
A[10]= 4.610030 pm 0.596902

Best-fitting parameters
A[0]= 1.012698
A[1]= 0.957184
A[2]= 0.841591
A[3]= 2.076503
A[4]= -2.014466
A[5]= 1.597005
A[6]= 4.910761
A[7]= 2.094360
A[8]= -0.638108
A[9]= 1.204409
A[10]= 4.622046
chi2_min= 77.427760


Cross-Covariance parameters
1.000000	-0.563985	-0.584109	0.679099	-0.399918	0.555746	0.701856	0.707798	-0.234887	0.397105	0.653231	
-0.563985	1.000000	0.706088	-0.122866	0.163677	-0.113830	-0.373171	-0.164580	0.095300	-0.046071	-0.309728	
-0.584109	0.706088	1.000000	-0.604265	-0.183475	0.144880	0.030558	-0.553862	-0.073232	0.105559	0.046862	
0.679099	-0.122866	-0.604265	1.000000	0.223373	-0.018051	0.074935	0.783589	-0.024456	0.150620	0.158734	
-0.399918	0.163677	-0.183475	0.223373	1.000000	-0.958946	-0.814533	-0.079858	0.278214	-0.391776	-0.601599	
0.555746	-0.113830	0.144880	-0.018051	-0.958946	1.000000	0.886480	0.250987	-0.309083	0.476766	0.696083	
0.701856	-0.373171	0.030558	0.074935	-0.814533	0.886480	1.000000	0.248087	-0.351585	0.515758	0.841243	
0.707798	-0.164580	-0.553862	0.783589	-0.079858	0.250987	0.248087	1.000000	0.154329	-0.076554	0.122093	
-0.234887	0.095300	-0.073232	-0.024456	0.278214	-0.309083	-0.351585	0.154329	1.000000	-0.903772	-0.637838	
0.397105	-0.046071	0.105559	0.150620	-0.391776	0.476766	0.515758	-0.076554	-0.903772	1.000000	0.806890	
0.653231	-0.309728	0.046862	0.158734	-0.601599	0.696083	0.841243	0.122093	-0.637838	0.806890	1.000000	

Time taken for mcmc chain: 9.893611 hours
