Number of steps: 1473988
Number of accepted steps: 410375
Burn-in number of steps: 12000
Accepted fraction of steps: 0.278411
Convergence Status
R[0]= 1.003613	R[1]= 1.000261	R[2]= 1.002295	R[3]= 1.004047	R[4]= 1.004450	R[5]= 1.004143	R[6]= 1.003769	R[7]= 1.003055	R[8]= 1.002348	R[9]= 1.002717	R[10]= 1.003752	
<R>= 1.003132

Mean parameters
A[0]= 0.987279 pm 0.071302
A[1]= 0.955216 pm 0.030352
A[2]= 0.814957 pm 0.148855
A[3]= 2.167479 pm 0.078754
A[4]= -1.905285 pm 0.861346
A[5]= 1.752039 pm 0.384246
A[6]= 4.940129 pm 0.961953
A[7]= 2.148887 pm 0.085608
A[8]= -1.670731 pm 1.100365
A[9]= 1.732035 pm 0.429365
A[10]= 5.100529 pm 1.056726

Best-fitting parameters
A[0]= 1.005912
A[1]= 0.943834
A[2]= 0.849402
A[3]= 2.153486
A[4]= -2.470211
A[5]= 1.996526
A[6]= 5.685707
A[7]= 2.145501
A[8]= -2.023143
A[9]= 1.855254
A[10]= 5.561226
chi2_min= 76.705990


Cross-Covariance parameters
1.000000	-0.482600	-0.540970	0.789771	-0.325160	0.507521	0.621424	0.762337	-0.208879	0.395726	0.566117	
-0.482600	1.000000	0.675029	-0.223784	-0.010935	0.019256	-0.176147	-0.213541	-0.006009	0.023394	-0.162851	
-0.540970	0.675029	1.000000	-0.644620	-0.236509	0.184754	0.203940	-0.590213	-0.190522	0.168159	0.191137	
0.789771	-0.223784	-0.644620	1.000000	0.123682	0.063123	0.149420	0.802392	-0.036524	0.193368	0.199966	
-0.325160	-0.010935	-0.236509	0.123682	1.000000	-0.954561	-0.751406	-0.099874	0.262608	-0.360706	-0.494498	
0.507521	0.019256	0.184754	0.063123	-0.954561	1.000000	0.858039	0.264116	-0.308175	0.454748	0.608316	
0.621424	-0.176147	0.203940	0.149420	-0.751406	0.858039	1.000000	0.240858	-0.387722	0.542174	0.801810	
0.762337	-0.213541	-0.590213	0.802392	-0.099874	0.264116	0.240858	1.000000	0.193908	-0.050466	0.109210	
-0.208879	-0.006009	-0.190522	-0.036524	0.262608	-0.308175	-0.387722	0.193908	1.000000	-0.942817	-0.708937	
0.395726	0.023394	0.168159	0.193368	-0.360706	0.454748	0.542174	-0.050466	-0.942817	1.000000	0.839007	
0.566117	-0.162851	0.191137	0.199966	-0.494498	0.608316	0.801810	0.109210	-0.708937	0.839007	1.000000	

Time taken for mcmc chain: 16.627500 hours
