Number of steps: 908507
Number of accepted steps: 305098
Burn-in number of steps: 12000
Accepted fraction of steps: 0.335823
Convergence Status
R[0]= 1.000682	R[1]= 1.000630	R[2]= 1.000067	R[3]= 1.000668	R[4]= 1.002972	R[5]= 1.001034	R[6]= 1.000746	R[7]= 1.000329	R[8]= 1.000865	R[9]= 1.001113	R[10]= 1.000899	
<R>= 1.000910

Mean parameters
A[0]= 1.038413 pm 0.032284
A[1]= 0.991322 pm 0.023889
A[2]= 0.738103 pm 0.084055
A[3]= 2.190416 pm 0.044188
A[4]= 0.028821 pm 0.943155
A[5]= 1.199416 pm 0.193613
A[6]= 3.693205 pm 0.340835
A[7]= 2.203431 pm 0.047787
A[8]= 0.123603 pm 1.058872
A[9]= 1.164255 pm 0.207129
A[10]= 3.932351 pm 0.365121

Best-fitting parameters
A[0]= 1.027464
A[1]= 0.989112
A[2]= 0.726059
A[3]= 2.201689
A[4]= 0.678465
A[5]= 1.032201
A[6]= 3.463548
A[7]= 2.194071
A[8]= -0.256082
A[9]= 1.177665
A[10]= 3.839662
chi2_min= 75.756500


Cross-Covariance parameters
1.000000	-0.513112	-0.660095	0.536596	-0.137402	0.208130	0.304981	0.534357	-0.078252	0.141354	0.300405	
-0.513112	1.000000	0.751609	0.077074	0.062764	0.058953	-0.084838	0.044129	0.044654	0.081726	-0.083764	
-0.660095	0.751609	1.000000	-0.452732	-0.140420	0.228643	0.312303	-0.395664	-0.055606	0.152731	0.247013	
0.536596	0.077074	-0.452732	1.000000	0.464202	-0.416371	-0.382387	0.634005	0.050906	0.009952	-0.169429	
-0.137402	0.062764	-0.140420	0.464202	1.000000	-0.945242	-0.666165	0.065271	0.081673	-0.130878	-0.326119	
0.208130	0.058953	0.228643	-0.416371	-0.945242	1.000000	0.777334	0.007825	-0.102652	0.198372	0.419796	
0.304981	-0.084838	0.312303	-0.382387	-0.666165	0.777334	1.000000	-0.118075	-0.181716	0.288602	0.682375	
0.534357	0.044129	-0.395664	0.634005	0.065271	0.007825	-0.118075	1.000000	0.402293	-0.414634	-0.300160	
-0.078252	0.044654	-0.055606	0.050906	0.081673	-0.102652	-0.181716	0.402293	1.000000	-0.927933	-0.587099	
0.141354	0.081726	0.152731	0.009952	-0.130878	0.198372	0.288602	-0.414634	-0.927933	1.000000	0.715260	
0.300405	-0.083764	0.247013	-0.169429	-0.326119	0.419796	0.682375	-0.300160	-0.587099	0.715260	1.000000	

Time taken for mcmc chain: 8.517500 hours
