Number of steps: 851432
Number of accepted steps: 310455
Burn-in number of steps: 12000
Accepted fraction of steps: 0.364627
Convergence Status
R[0]= 1.003004	R[1]= 1.000301	R[2]= 1.000353	R[3]= 1.002316	R[4]= 1.002075	R[5]= 1.003372	R[6]= 1.002566	R[7]= 1.003194	R[8]= 1.000087	R[9]= 1.000740	R[10]= 1.000670	
<R>= 1.001698

Mean parameters
A[0]= 1.043138 pm 0.044673
A[1]= 0.935778 pm 0.021397
A[2]= 0.791288 pm 0.083762
A[3]= 2.083700 pm 0.046365
A[4]= -0.965341 pm 0.747689
A[5]= 1.356085 pm 0.201274
A[6]= 4.790744 pm 0.579948
A[7]= 2.059160 pm 0.050730
A[8]= -1.736650 pm 0.700779
A[9]= 1.530873 pm 0.207695
A[10]= 5.389335 pm 0.696446

Best-fitting parameters
A[0]= 1.035100
A[1]= 0.932549
A[2]= 0.796758
A[3]= 2.075590
A[4]= -0.895463
A[5]= 1.305165
A[6]= 4.655728
A[7]= 2.038363
A[8]= -1.824390
A[9]= 1.535103
A[10]= 5.355365
chi2_min= 53.418520


Cross-Covariance parameters
1.000000	-0.447534	-0.480911	0.651309	-0.328859	0.479494	0.627752	0.667323	-0.211821	0.388110	0.597267	
-0.447534	1.000000	0.651544	-0.019340	0.043029	0.049276	-0.210886	-0.050676	0.007110	0.075726	-0.233235	
-0.480911	0.651544	1.000000	-0.553938	-0.272359	0.284113	0.227971	-0.462896	-0.176994	0.194130	0.150948	
0.651309	-0.019340	-0.553938	1.000000	0.275225	-0.099313	-0.033356	0.720680	-0.003961	0.162860	0.096900	
-0.328859	0.043029	-0.272359	0.275225	1.000000	-0.950671	-0.793449	-0.060555	0.239514	-0.330915	-0.491109	
0.479494	0.049276	0.284113	-0.099313	-0.950671	1.000000	0.877487	0.212140	-0.285224	0.435880	0.585521	
0.627752	-0.210886	0.227971	-0.033356	-0.793449	0.877487	1.000000	0.186112	-0.347466	0.487792	0.766320	
0.667323	-0.050676	-0.462896	0.720680	-0.060555	0.212140	0.186112	1.000000	0.284364	-0.118339	0.027920	
-0.211821	0.007110	-0.176994	-0.003961	0.239514	-0.285224	-0.347466	0.284364	1.000000	-0.946400	-0.722476	
0.388110	0.075726	0.194130	0.162860	-0.330915	0.435880	0.487792	-0.118339	-0.946400	1.000000	0.820718	
0.597267	-0.233235	0.150948	0.096900	-0.491109	0.585521	0.766320	0.027920	-0.722476	0.820718	1.000000	

Time taken for mcmc chain: 10.705278 hours
