Number of steps: 1331719
Number of accepted steps: 303139
Burn-in number of steps: 12000
Accepted fraction of steps: 0.227630
Convergence Status
R[0]= 1.003374	R[1]= 1.000157	R[2]= 1.001503	R[3]= 1.002621	R[4]= 1.000984	R[5]= 1.001185	R[6]= 1.001703	R[7]= 1.002338	R[8]= 1.002717	R[9]= 1.002105	R[10]= 1.002498	
<R>= 1.001926

Mean parameters
A[0]= 1.112538 pm 0.053794
A[1]= 0.967897 pm 0.019064
A[2]= 0.661798 pm 0.086286
A[3]= 2.266179 pm 0.055368
A[4]= 0.640840 pm 1.302906
A[5]= 1.140828 pm 0.228954
A[6]= 4.206516 pm 0.433502
A[7]= 2.197337 pm 0.057755
A[8]= -0.382152 pm 1.024183
A[9]= 1.365222 pm 0.234751
A[10]= 4.728568 pm 0.534994

Best-fitting parameters
A[0]= 1.095793
A[1]= 0.966054
A[2]= 0.657538
A[3]= 2.263148
A[4]= 1.331759
A[5]= 0.969357
A[6]= 3.919310
A[7]= 2.195481
A[8]= -0.198648
A[9]= 1.257007
A[10]= 4.416009
chi2_min= 69.293670


Cross-Covariance parameters
1.000000	-0.500357	-0.721737	0.796034	-0.274259	0.415268	0.599735	0.740078	-0.201422	0.381224	0.575658	
-0.500357	1.000000	0.698191	-0.175237	0.017208	0.005532	-0.200596	-0.179005	0.060577	-0.017784	-0.228556	
-0.721737	0.698191	1.000000	-0.686495	-0.002671	0.007812	-0.017663	-0.624420	0.014012	-0.050604	-0.078041	
0.796034	-0.175237	-0.686495	1.000000	0.014888	0.026813	0.149005	0.769444	-0.084402	0.244354	0.264421	
-0.274259	0.017208	-0.002671	0.014888	1.000000	-0.909439	-0.648216	-0.147922	0.133348	-0.220027	-0.320910	
0.415268	0.005532	0.007812	0.026813	-0.909439	1.000000	0.828152	0.237239	-0.193274	0.328672	0.474209	
0.599735	-0.200596	-0.017663	0.149005	-0.648216	0.828152	1.000000	0.263522	-0.265868	0.430494	0.716208	
0.740078	-0.179005	-0.624420	0.769444	-0.147922	0.237239	0.263522	1.000000	0.231371	-0.107706	0.081496	
-0.201422	0.060577	0.014012	-0.084402	0.133348	-0.193274	-0.265868	0.231371	1.000000	-0.933117	-0.674390	
0.381224	-0.017784	-0.050604	0.244354	-0.220027	0.328672	0.430494	-0.107706	-0.933117	1.000000	0.817046	
0.575658	-0.228556	-0.078041	0.264421	-0.320910	0.474209	0.716208	0.081496	-0.674390	0.817046	1.000000	

Time taken for mcmc chain: 15.704167 hours
