Number of steps: 1065497
Number of accepted steps: 307491
Burn-in number of steps: 12000
Accepted fraction of steps: 0.288589
Convergence Status
R[0]= 1.002941	R[1]= 1.003185	R[2]= 1.003152	R[3]= 1.001397	R[4]= 1.001797	R[5]= 1.002403	R[6]= 1.003855	R[7]= 1.001589	R[8]= 1.004017	R[9]= 1.001335	R[10]= 1.001148	
<R>= 1.002438

Mean parameters
A[0]= 1.007408 pm 0.049212
A[1]= 0.993186 pm 0.017698
A[2]= 0.807457 pm 0.090415
A[3]= 2.187218 pm 0.058707
A[4]= 0.077938 pm 0.849572
A[5]= 1.094553 pm 0.178733
A[6]= 3.738703 pm 0.306210
A[7]= 2.171666 pm 0.063053
A[8]= 1.062555 pm 1.120486
A[9]= 1.018036 pm 0.152834
A[10]= 3.903071 pm 0.291836

Best-fitting parameters
A[0]= 0.983181
A[1]= 0.996853
A[2]= 0.831800
A[3]= 2.180831
A[4]= 0.477212
A[5]= 0.973630
A[6]= 3.584040
A[7]= 2.159987
A[8]= 1.247860
A[9]= 0.931281
A[10]= 3.815667
chi2_min= 50.629160


Cross-Covariance parameters
1.000000	-0.524325	-0.798895	0.846149	-0.189690	0.370596	0.452677	0.847365	-0.099830	0.281264	0.451878	
-0.524325	1.000000	0.708272	-0.263339	0.051008	-0.041216	-0.154244	-0.272125	0.006640	0.026723	-0.141371	
-0.798895	0.708272	1.000000	-0.765768	-0.036704	-0.035971	0.047140	-0.722149	0.030661	-0.064941	0.002636	
0.846149	-0.263339	-0.765768	1.000000	0.168283	-0.018145	0.055990	0.833013	-0.080885	0.229932	0.196736	
-0.189690	0.051008	-0.036704	0.168283	1.000000	-0.941934	-0.639911	-0.104860	0.025914	-0.102849	-0.304029	
0.370596	-0.041216	-0.035971	-0.018145	-0.941934	1.000000	0.778824	0.267768	-0.055412	0.192848	0.440017	
0.452677	-0.154244	0.047140	0.055990	-0.639911	0.778824	1.000000	0.230712	-0.090415	0.279778	0.708596	
0.847365	-0.272125	-0.722149	0.833013	-0.104860	0.267768	0.230712	1.000000	-0.004155	0.015686	0.170033	
-0.099830	0.006640	0.030661	-0.080885	0.025914	-0.055412	-0.090415	-0.004155	1.000000	-0.820746	-0.389504	
0.281264	0.026723	-0.064941	0.229932	-0.102849	0.192848	0.279778	0.015686	-0.820746	1.000000	0.637542	
0.451878	-0.141371	0.002636	0.196736	-0.304029	0.440017	0.708596	0.170033	-0.389504	0.637542	1.000000	

Time taken for mcmc chain: 9.748333 hours
