Number of steps: 2375594
Number of accepted steps: 308813
Burn-in number of steps: 12000
Accepted fraction of steps: 0.129994
Convergence Status
R[0]= 1.001039	R[1]= 1.000774	R[2]= 1.001369	R[3]= 1.001553	R[4]= 1.000424	R[5]= 1.000536	R[6]= 1.000148	R[7]= 1.001313	R[8]= 1.001109	R[9]= 1.000263	R[10]= 1.000477	
<R>= 1.000819

Mean parameters
A[0]= 1.001159 pm 0.066809
A[1]= 0.995174 pm 0.029884
A[2]= 0.748183 pm 0.140093
A[3]= 2.290721 pm 0.082221
A[4]= 0.164161 pm 1.205121
A[5]= 1.151104 pm 0.343090
A[6]= 3.737542 pm 0.481827
A[7]= 2.271948 pm 0.090454
A[8]= 0.234853 pm 1.633763
A[9]= 1.233612 pm 0.420148
A[10]= 3.758469 pm 0.556712

Best-fitting parameters
A[0]= 0.979959
A[1]= 0.993416
A[2]= 0.730310
A[3]= 2.296378
A[4]= 0.370221
A[5]= 0.963718
A[6]= 3.429459
A[7]= 2.288871
A[8]= 0.426989
A[9]= 0.985289
A[10]= 3.347408
chi2_min= 79.875980


Cross-Covariance parameters
1.000000	-0.469313	-0.754565	0.822453	-0.192573	0.329110	0.406119	0.751164	-0.090035	0.232245	0.367507	
-0.469313	1.000000	0.703227	-0.168343	-0.014752	0.042930	-0.061187	-0.119709	0.053973	-0.031479	-0.097692	
-0.754565	0.703227	1.000000	-0.704620	-0.049037	0.036600	0.153655	-0.626884	-0.017159	0.002655	0.116035	
0.822453	-0.168343	-0.704620	1.000000	0.102986	-0.035812	0.008503	0.798810	-0.013088	0.116432	0.084817	
-0.192573	-0.014752	-0.049037	0.102986	1.000000	-0.925100	-0.601333	-0.086621	0.048729	-0.129900	-0.276160	
0.329110	0.042930	0.036600	-0.035812	-0.925100	1.000000	0.758802	0.183626	-0.080904	0.201230	0.400216	
0.406119	-0.061187	0.153655	0.008503	-0.601333	0.758802	1.000000	0.099590	-0.160580	0.317710	0.693035	
0.751164	-0.119709	-0.626884	0.798810	-0.086621	0.183626	0.099590	1.000000	0.205530	-0.214588	-0.066343	
-0.090035	0.053973	-0.017159	-0.013088	0.048729	-0.080904	-0.160580	0.205530	1.000000	-0.887009	-0.533418	
0.232245	-0.031479	0.002655	0.116432	-0.129900	0.201230	0.317710	-0.214588	-0.887009	1.000000	0.721603	
0.367507	-0.097692	0.116035	0.084817	-0.276160	0.400216	0.693035	-0.066343	-0.533418	0.721603	1.000000	

Time taken for mcmc chain: 1.013206 days
