Number of steps: 872435
Number of accepted steps: 308261
Burn-in number of steps: 12000
Accepted fraction of steps: 0.353334
Convergence Status
R[0]= 1.000517	R[1]= 1.001325	R[2]= 1.000661	R[3]= 1.002787	R[4]= 1.001583	R[5]= 1.000704	R[6]= 1.000979	R[7]= 1.001334	R[8]= 1.002038	R[9]= 1.001066	R[10]= 1.000789	
<R>= 1.001253

Mean parameters
A[0]= 1.055621 pm 0.053061
A[1]= 0.981664 pm 0.019583
A[2]= 0.835026 pm 0.093419
A[3]= 2.142581 pm 0.054382
A[4]= -1.056904 pm 0.791796
A[5]= 1.497280 pm 0.233135
A[6]= 4.830736 pm 0.647574
A[7]= 2.116168 pm 0.061755
A[8]= -1.822298 pm 0.939874
A[9]= 1.671717 pm 0.282018
A[10]= 5.147863 pm 0.792803

Best-fitting parameters
A[0]= 1.035560
A[1]= 0.982154
A[2]= 0.819365
A[3]= 2.133849
A[4]= -0.992030
A[5]= 1.433110
A[6]= 4.520236
A[7]= 2.105246
A[8]= -1.771497
A[9]= 1.603957
A[10]= 4.819732
chi2_min= 60.780210


Cross-Covariance parameters
1.000000	-0.559551	-0.551193	0.699150	-0.371639	0.539450	0.636858	0.665541	-0.245403	0.418581	0.588186	
-0.559551	1.000000	0.630675	-0.213213	0.156717	-0.133489	-0.307965	-0.218477	0.093685	-0.088835	-0.296754	
-0.551193	0.630675	1.000000	-0.707946	-0.237135	0.190718	0.179580	-0.621022	-0.186730	0.149078	0.154923	
0.699150	-0.213213	-0.707946	1.000000	0.254636	-0.078329	-0.006948	0.755010	0.052125	0.090041	0.071269	
-0.371639	0.156717	-0.237135	0.254636	1.000000	-0.956561	-0.821089	0.000404	0.340524	-0.419249	-0.579139	
0.539450	-0.133489	0.190718	-0.078329	-0.956561	1.000000	0.908583	0.145452	-0.379551	0.505080	0.675807	
0.636858	-0.307965	0.179580	-0.006948	-0.821089	0.908583	1.000000	0.131224	-0.437817	0.565911	0.811851	
0.665541	-0.218477	-0.621022	0.755010	0.000404	0.145452	0.131224	1.000000	0.373622	-0.231336	-0.051934	
-0.245403	0.093685	-0.186730	0.052125	0.340524	-0.379551	-0.437817	0.373622	1.000000	-0.956890	-0.751374	
0.418581	-0.088835	0.149078	0.090041	-0.419249	0.505080	0.565911	-0.231336	-0.956890	1.000000	0.854436	
0.588186	-0.296754	0.154923	0.071269	-0.579139	0.675807	0.811851	-0.051934	-0.751374	0.854436	1.000000	

Time taken for mcmc chain: 9.696944 hours
