Number of steps: 877709
Number of accepted steps: 308301
Burn-in number of steps: 12000
Accepted fraction of steps: 0.351257
Convergence Status
R[0]= 1.000900	R[1]= 1.000432	R[2]= 1.002641	R[3]= 1.001320	R[4]= 1.001746	R[5]= 1.001553	R[6]= 1.000976	R[7]= 1.001116	R[8]= 1.001768	R[9]= 1.001723	R[10]= 1.001166	
<R>= 1.001395

Mean parameters
A[0]= 0.980310 pm 0.035875
A[1]= 1.021412 pm 0.019954
A[2]= 0.913213 pm 0.090146
A[3]= 2.142536 pm 0.052152
A[4]= -0.642080 pm 0.858516
A[5]= 1.298964 pm 0.216517
A[6]= 4.013724 pm 0.414435
A[7]= 2.104855 pm 0.057988
A[8]= -0.848762 pm 1.087596
A[9]= 1.361253 pm 0.259309
A[10]= 4.233324 pm 0.486243

Best-fitting parameters
A[0]= 0.978662
A[1]= 1.021685
A[2]= 0.919817
A[3]= 2.143182
A[4]= -0.596939
A[5]= 1.268045
A[6]= 3.965743
A[7]= 2.087388
A[8]= -1.248523
A[9]= 1.428246
A[10]= 4.217003
chi2_min= 51.172750


Cross-Covariance parameters
1.000000	-0.482758	-0.600237	0.629101	-0.178111	0.294208	0.356889	0.591801	-0.107116	0.210794	0.328352	
-0.482758	1.000000	0.674967	-0.104854	0.056151	0.013604	-0.085297	-0.112752	0.042910	0.024636	-0.087363	
-0.600237	0.674967	1.000000	-0.667295	-0.279852	0.300760	0.389068	-0.588112	-0.187085	0.224759	0.336926	
0.629101	-0.104854	-0.667295	1.000000	0.494482	-0.408161	-0.366411	0.705318	0.149951	-0.094510	-0.218514	
-0.178111	0.056151	-0.279852	0.494482	1.000000	-0.963423	-0.772908	0.163615	0.226505	-0.291068	-0.489046	
0.294208	0.013604	0.300760	-0.408161	-0.963423	1.000000	0.858934	-0.088518	-0.258260	0.357147	0.571730	
0.356889	-0.085297	0.389068	-0.366411	-0.772908	0.858934	1.000000	-0.179643	-0.353024	0.459554	0.762432	
0.591801	-0.112752	-0.588112	0.705318	0.163615	-0.088518	-0.179643	1.000000	0.517748	-0.487297	-0.369510	
-0.107116	0.042910	-0.187085	0.149951	0.226505	-0.258260	-0.353024	0.517748	1.000000	-0.954477	-0.708133	
0.210794	0.024636	0.224759	-0.094510	-0.291068	0.357147	0.459554	-0.487297	-0.954477	1.000000	0.810790	
0.328352	-0.087363	0.336926	-0.218514	-0.489046	0.571730	0.762432	-0.369510	-0.708133	0.810790	1.000000	

Time taken for mcmc chain: 8.370000 hours
