Number of steps: 2212496
Number of accepted steps: 2000004
Burn-in number of steps: 12000
Accepted fraction of steps: 0.903958
Convergence Status
R[0]= 1.007378	R[1]= 1.110576	R[2]= 1.027627	R[3]= 1.981450	R[4]= 1.023471	R[5]= 2.716678	R[6]= 1.001169	R[7]= 1.155652	R[8]= 1.011220	R[9]= 1.358928	R[10]= 1.021992	
<R>= 1.310558

Mean parameters
A[0]= 1.006637 pm 0.221674
A[1]= 1.070092 pm 0.211570
A[2]= 2.160432 pm 1.788942
A[3]= 2.001930 pm 1.347134
A[4]= -0.182942 pm 5.053713
A[5]= 4.876876 pm 3.897295
A[6]= 10.543598 pm 5.926714
A[7]= 2.320676 pm 1.635314
A[8]= -0.321565 pm 5.690269
A[9]= -0.020734 pm 5.491765
A[10]= 9.977724 pm 5.807998

Best-fitting parameters
A[0]= 0.814844
A[1]= 1.371813
A[2]= 5.889235
A[3]= 4.987746
A[4]= 4.439291
A[5]= -5.699953
A[6]= 0.345550
A[7]= 1.155296
A[8]= -9.300068
A[9]= 6.447291
A[10]= 17.358740
chi2_min= 39313.900000


Cross-Covariance parameters
1.000000	-0.067877	-0.026120	0.133236	0.110295	0.032592	0.017385	0.160289	-0.017475	-0.053719	-0.026687	
-0.067877	1.000000	0.106327	0.390507	0.017739	-0.266245	-0.132022	0.178953	-0.022987	0.022456	-0.025156	
-0.026120	0.106327	1.000000	-0.159935	0.078263	0.119795	-0.140566	-0.105753	-0.016500	-0.249543	0.052108	
0.133236	0.390507	-0.159935	1.000000	0.026332	-0.757202	0.001022	-0.110758	-0.075648	-0.048202	-0.013704	
0.110295	0.017739	0.078263	0.026332	1.000000	-0.181192	-0.172058	-0.063257	0.041058	0.040142	-0.012398	
0.032592	-0.266245	0.119795	-0.757202	-0.181192	1.000000	0.177853	-0.041877	0.042169	0.032509	-0.024685	
0.017385	-0.132022	-0.140566	0.001022	-0.172058	0.177853	1.000000	-0.153316	0.004802	0.049359	-0.078634	
0.160289	0.178953	-0.105753	-0.110758	-0.063257	-0.041877	-0.153316	1.000000	0.007744	-0.235233	-0.004575	
-0.017475	-0.022987	-0.016500	-0.075648	0.041058	0.042169	0.004802	0.007744	1.000000	-0.056096	-0.034127	
-0.053719	0.022456	-0.249543	-0.048202	0.040142	0.032509	0.049359	-0.235233	-0.056096	1.000000	0.053271	
-0.026687	-0.025156	0.052108	-0.013704	-0.012398	-0.024685	-0.078634	-0.004575	-0.034127	0.053271	1.000000	

Time taken for mcmc chain: 1.878935 days
