Number of steps: 1635673
Number of accepted steps: 310937
Burn-in number of steps: 12000
Accepted fraction of steps: 0.190097
Convergence Status
R[0]= 1.000788	R[1]= 1.001826	R[2]= 1.000191	R[3]= 1.000568	R[4]= 1.002092	R[5]= 1.001568	R[6]= 1.001235	R[7]= 1.000831	R[8]= 1.001465	R[9]= 1.001066	R[10]= 1.001125	
<R>= 1.001160

Mean parameters
A[0]= 1.012081 pm 0.103630
A[1]= 1.038681 pm 0.038528
A[2]= 0.915586 pm 0.184149
A[3]= 2.271077 pm 0.110416
A[4]= -0.971702 pm 1.422605
A[5]= 1.676626 pm 0.538288
A[6]= 4.825305 pm 1.023138
A[7]= 2.223296 pm 0.116906
A[8]= -1.564351 pm 1.449247
A[9]= 1.978176 pm 0.578807
A[10]= 5.110963 pm 1.194312

Best-fitting parameters
A[0]= 1.017197
A[1]= 1.036102
A[2]= 0.966129
A[3]= 2.244048
A[4]= -2.059495
A[5]= 2.038389
A[6]= 5.328708
A[7]= 2.202736
A[8]= -2.189141
A[9]= 2.208833
A[10]= 5.628937
chi2_min= 63.115090


Cross-Covariance parameters
1.000000	-0.515064	-0.664564	0.857820	-0.456388	0.617152	0.708683	0.831382	-0.321338	0.534517	0.678996	
-0.515064	1.000000	0.742090	-0.302057	0.094748	-0.091503	-0.229858	-0.291033	0.104394	-0.101264	-0.262167	
-0.664564	0.742090	1.000000	-0.717509	-0.007955	-0.035187	-0.044323	-0.668401	-0.012268	-0.053169	-0.072649	
0.857820	-0.302057	-0.717509	1.000000	-0.139386	0.281659	0.349522	0.872026	-0.158972	0.355848	0.381006	
-0.456388	0.094748	-0.007955	-0.139386	1.000000	-0.931985	-0.757081	-0.276181	0.319854	-0.437957	-0.548841	
0.617152	-0.091503	-0.035187	0.281659	-0.931985	1.000000	0.896112	0.417643	-0.375421	0.548139	0.686847	
0.708683	-0.229858	-0.044323	0.349522	-0.757081	0.896112	1.000000	0.418440	-0.437789	0.625884	0.844960	
0.831382	-0.291033	-0.668401	0.872026	-0.276181	0.417643	0.418440	1.000000	0.041776	0.149182	0.306350	
-0.321338	0.104394	-0.012268	-0.158972	0.319854	-0.375421	-0.437789	0.041776	1.000000	-0.925624	-0.695070	
0.534517	-0.101264	-0.053169	0.355848	-0.437957	0.548139	0.625884	0.149182	-0.925624	1.000000	0.854149	
0.678996	-0.262167	-0.072649	0.381006	-0.548841	0.686847	0.844960	0.306350	-0.695070	0.854149	1.000000	

Time taken for mcmc chain: 19.794722 hours
