Number of steps: 1137127
Number of accepted steps: 306663
Burn-in number of steps: 12000
Accepted fraction of steps: 0.269682
Convergence Status
R[0]= 1.000813	R[1]= 1.000204	R[2]= 1.001094	R[3]= 1.001527	R[4]= 1.003821	R[5]= 1.002369	R[6]= 1.001233	R[7]= 1.001163	R[8]= 1.002880	R[9]= 1.001855	R[10]= 1.000884	
<R>= 1.001622

Mean parameters
A[0]= 1.071552 pm 0.060573
A[1]= 0.985669 pm 0.024499
A[2]= 0.694831 pm 0.098045
A[3]= 2.206040 pm 0.056234
A[4]= -0.773327 pm 0.980330
A[5]= 1.412522 pm 0.264854
A[6]= 4.233246 pm 0.631371
A[7]= 2.172769 pm 0.063246
A[8]= -0.954813 pm 1.198521
A[9]= 1.482370 pm 0.316967
A[10]= 4.381880 pm 0.757776

Best-fitting parameters
A[0]= 1.042763
A[1]= 0.985965
A[2]= 0.750145
A[3]= 2.167844
A[4]= -1.030235
A[5]= 1.420220
A[6]= 4.215830
A[7]= 2.127866
A[8]= -1.595376
A[9]= 1.574598
A[10]= 4.450842
chi2_min= 57.354340


Cross-Covariance parameters
1.000000	-0.589197	-0.672857	0.683558	-0.388298	0.544227	0.688763	0.626327	-0.271176	0.431041	0.629918	
-0.589197	1.000000	0.746167	-0.183287	0.174225	-0.154951	-0.344596	-0.186346	0.114057	-0.103704	-0.313239	
-0.672857	0.746167	1.000000	-0.638103	-0.029945	-0.004293	-0.054656	-0.579265	-0.048975	0.016510	-0.042770	
0.683558	-0.183287	-0.638103	1.000000	0.221531	-0.065465	0.070176	0.699148	-0.030506	0.161626	0.166850	
-0.388298	0.174225	-0.029945	0.221531	1.000000	-0.950314	-0.751520	-0.076371	0.256025	-0.338685	-0.492401	
0.544227	-0.154951	-0.004293	-0.065465	-0.950314	1.000000	0.869247	0.196879	-0.315453	0.441444	0.615143	
0.688763	-0.344596	-0.054656	0.070176	-0.751520	0.869247	1.000000	0.181041	-0.409734	0.547978	0.807944	
0.626327	-0.186346	-0.579265	0.699148	-0.076371	0.196879	0.181041	1.000000	0.371519	-0.254622	-0.037671	
-0.271176	0.114057	-0.048975	-0.030506	0.256025	-0.315453	-0.409734	0.371519	1.000000	-0.949092	-0.717394	
0.431041	-0.103704	0.016510	0.161626	-0.338685	0.441444	0.547978	-0.254622	-0.949092	1.000000	0.841000	
0.629918	-0.313239	-0.042770	0.166850	-0.492401	0.615143	0.807944	-0.037671	-0.717394	0.841000	1.000000	

Time taken for mcmc chain: 11.983333 hours
