Number of steps: 2466928
Number of accepted steps: 2000004
Burn-in number of steps: 12000
Accepted fraction of steps: 0.810727
Convergence Status
R[0]= 1.065040	R[1]= 1.047194	R[2]= 1.810605	R[3]= 2.030794	R[4]= 1.168288	R[5]= 1.511994	R[6]= 1.718803	R[7]= 1.340130	R[8]= 1.008928	R[9]= 1.089812	R[10]= 1.103664	
<R>= 1.354114

Mean parameters
A[0]= 0.958448 pm 0.214931
A[1]= 1.055804 pm 0.219980
A[2]= 3.818056 pm 3.424493
A[3]= 3.991949 pm 3.290166
A[4]= 1.787388 pm 5.289851
A[5]= 1.412697 pm 6.264355
A[6]= 9.252249 pm 6.905886
A[7]= 2.673644 pm 1.756498
A[8]= 0.955585 pm 5.689695
A[9]= 3.772756 pm 3.712018
A[10]= 8.707385 pm 6.171814

Best-fitting parameters
A[0]= 0.841501
A[1]= 0.841553
A[2]= 9.981573
A[3]= 9.994137
A[4]= 9.481403
A[5]= -5.849026
A[6]= 0.101834
A[7]= 3.279911
A[8]= 7.372604
A[9]= 2.667564
A[10]= 0.152142
chi2_min= 39030.510000


Cross-Covariance parameters
1.000000	-0.131520	-0.264192	-0.188543	-0.078384	0.166849	0.268005	0.051306	-0.049819	0.013706	-0.005512	
-0.131520	1.000000	0.169481	0.218376	0.065223	-0.264716	-0.203382	-0.095546	0.084383	0.128614	0.048057	
-0.264192	0.169481	1.000000	0.822005	0.367320	-0.740494	-0.557002	-0.346310	-0.063518	0.154331	-0.229909	
-0.188543	0.218376	0.822005	1.000000	0.454349	-0.868929	-0.784493	-0.237733	-0.029088	0.191272	-0.232757	
-0.078384	0.065223	0.367320	0.454349	1.000000	-0.418549	-0.406624	-0.090302	-0.040914	0.076918	-0.111905	
0.166849	-0.264716	-0.740494	-0.868929	-0.418549	1.000000	0.717739	0.431487	0.005322	-0.193947	0.138517	
0.268005	-0.203382	-0.557002	-0.784493	-0.406624	0.717739	1.000000	0.270152	-0.039446	-0.283237	0.109777	
0.051306	-0.095546	-0.346310	-0.237733	-0.090302	0.431487	0.270152	1.000000	0.069902	-0.376991	-0.012896	
-0.049819	0.084383	-0.063518	-0.029088	-0.040914	0.005322	-0.039446	0.069902	1.000000	-0.250583	0.104558	
0.013706	0.128614	0.154331	0.191272	0.076918	-0.193947	-0.283237	-0.376991	-0.250583	1.000000	0.220691	
-0.005512	0.048057	-0.229909	-0.232757	-0.111905	0.138517	0.109777	-0.012896	0.104558	0.220691	1.000000	

Time taken for mcmc chain: 2.451308 days
