Number of steps: 982239
Number of accepted steps: 306623
Burn-in number of steps: 12000
Accepted fraction of steps: 0.312167
Convergence Status
R[0]= 1.003309	R[1]= 1.002918	R[2]= 1.004171	R[3]= 1.001786	R[4]= 1.006443	R[5]= 1.006059	R[6]= 1.006087	R[7]= 1.003564	R[8]= 1.001669	R[9]= 1.002235	R[10]= 1.003430	
<R>= 1.003788

Mean parameters
A[0]= 1.083002 pm 0.043414
A[1]= 0.966140 pm 0.020903
A[2]= 0.704362 pm 0.084254
A[3]= 2.211471 pm 0.046643
A[4]= -0.551401 pm 0.934895
A[5]= 1.328946 pm 0.229000
A[6]= 4.502151 pm 0.542621
A[7]= 2.179632 pm 0.057715
A[8]= -1.188584 pm 1.085803
A[9]= 1.437361 pm 0.291758
A[10]= 4.448092 pm 0.671602

Best-fitting parameters
A[0]= 1.069448
A[1]= 0.972814
A[2]= 0.726208
A[3]= 2.207141
A[4]= -0.613155
A[5]= 1.314756
A[6]= 4.455079
A[7]= 2.170812
A[8]= -1.442549
A[9]= 1.464298
A[10]= 4.304718
chi2_min= 48.058700


Cross-Covariance parameters
1.000000	-0.521356	-0.565244	0.586603	-0.311049	0.436350	0.572932	0.506462	-0.192740	0.306148	0.492481	
-0.521356	1.000000	0.665286	-0.032719	0.107134	-0.046206	-0.242200	-0.041672	0.087676	-0.042429	-0.232481	
-0.565244	0.665286	1.000000	-0.585987	-0.179621	0.202654	0.201722	-0.510489	-0.175922	0.188246	0.199520	
0.586603	-0.032719	-0.585987	1.000000	0.346153	-0.244395	-0.173202	0.658849	0.116807	-0.029660	-0.082301	
-0.311049	0.107134	-0.179621	0.346153	1.000000	-0.951967	-0.769124	0.057811	0.250127	-0.314075	-0.470783	
0.436350	-0.046206	0.202654	-0.244395	-0.951967	1.000000	0.870665	0.026159	-0.294580	0.391173	0.565988	
0.572932	-0.242200	0.201722	-0.173202	-0.769124	0.870665	1.000000	-0.033055	-0.393196	0.492142	0.761038	
0.506462	-0.041672	-0.510489	0.658849	0.057811	0.026159	-0.033055	1.000000	0.548402	-0.484876	-0.308354	
-0.192740	0.087676	-0.175922	0.116807	0.250127	-0.294580	-0.393196	0.548402	1.000000	-0.963707	-0.749230	
0.306148	-0.042429	0.188246	-0.029660	-0.314075	0.391173	0.492142	-0.484876	-0.963707	1.000000	0.837180	
0.492481	-0.232481	0.199520	-0.082301	-0.470783	0.565988	0.761038	-0.308354	-0.749230	0.837180	1.000000	

Time taken for mcmc chain: 11.496667 hours
