Number of steps: 1225056
Number of accepted steps: 309355
Burn-in number of steps: 12000
Accepted fraction of steps: 0.252523
Convergence Status
R[0]= 1.001507	R[1]= 1.001821	R[2]= 1.002137	R[3]= 1.000783	R[4]= 1.001788	R[5]= 1.002841	R[6]= 1.001643	R[7]= 1.000301	R[8]= 1.005489	R[9]= 1.002717	R[10]= 1.001759	
<R>= 1.002072

Mean parameters
A[0]= 0.968842 pm 0.048592
A[1]= 0.982745 pm 0.029518
A[2]= 0.909280 pm 0.128244
A[3]= 2.146992 pm 0.064930
A[4]= -0.749565 pm 0.982626
A[5]= 1.452850 pm 0.315850
A[6]= 4.701679 pm 0.593038
A[7]= 2.123414 pm 0.074446
A[8]= 1.215331 pm 1.659319
A[9]= 1.086729 pm 0.287363
A[10]= 4.027925 pm 0.467893

Best-fitting parameters
A[0]= 0.962348
A[1]= 0.983409
A[2]= 0.891541
A[3]= 2.148647
A[4]= -0.773841
A[5]= 1.406948
A[6]= 4.467662
A[7]= 2.145521
A[8]= 1.199526
A[9]= 0.908899
A[10]= 3.752880
chi2_min= 53.896850


Cross-Covariance parameters
1.000000	-0.436292	-0.591728	0.712965	-0.204054	0.320646	0.420262	0.679262	-0.074190	0.176179	0.332915	
-0.436292	1.000000	0.670241	-0.055449	0.009383	0.081747	-0.089339	-0.083063	-0.021104	0.140171	-0.010671	
-0.591728	0.670241	1.000000	-0.603867	-0.196303	0.242328	0.304009	-0.549528	-0.026131	0.183980	0.366062	
0.712965	-0.055449	-0.603867	1.000000	0.238200	-0.161293	-0.138596	0.738811	-0.037441	0.063659	-0.072651	
-0.204054	0.009383	-0.196303	0.238200	1.000000	-0.941612	-0.734621	0.008081	0.076236	-0.197511	-0.402422	
0.320646	0.081747	0.242328	-0.161293	-0.941612	1.000000	0.844516	0.084150	-0.092735	0.268331	0.511132	
0.420262	-0.089339	0.304009	-0.138596	-0.734621	0.844516	1.000000	0.015299	-0.106848	0.319508	0.733851	
0.679262	-0.083063	-0.549528	0.738811	0.008081	0.084150	0.015299	1.000000	-0.078820	-0.173090	-0.111118	
-0.074190	-0.021104	-0.026131	-0.037441	0.076236	-0.092735	-0.106848	-0.078820	1.000000	-0.708404	-0.344385	
0.176179	0.140171	0.183980	0.063659	-0.197511	0.268331	0.319508	-0.173090	-0.708404	1.000000	0.663986	
0.332915	-0.010671	0.366062	-0.072651	-0.402422	0.511132	0.733851	-0.111118	-0.344385	0.663986	1.000000	

Time taken for mcmc chain: 12.168889 hours
