Number of steps: 2393423
Number of accepted steps: 398580
Burn-in number of steps: 12000
Accepted fraction of steps: 0.166531
Convergence Status
R[0]= 1.002666	R[1]= 1.001252	R[2]= 1.001488	R[3]= 1.002160	R[4]= 1.011673	R[5]= 1.006365	R[6]= 1.003205	R[7]= 1.001830	R[8]= 1.000322	R[9]= 1.000973	R[10]= 1.001828	
<R>= 1.003069

Mean parameters
A[0]= 1.155214 pm 0.126463
A[1]= 0.972633 pm 0.029636
A[2]= 0.524761 pm 0.173509
A[3]= 2.376522 pm 0.114597
A[4]= -1.217445 pm 1.540990
A[5]= 1.831595 pm 0.589696
A[6]= 4.951792 pm 1.233051
A[7]= 2.473064 pm 0.126579
A[8]= 0.525673 pm 1.205987
A[9]= 1.145174 pm 0.360324
A[10]= 4.116572 pm 0.789059

Best-fitting parameters
A[0]= 1.052615
A[1]= 0.991030
A[2]= 0.613660
A[3]= 2.298174
A[4]= -1.443653
A[5]= 1.686729
A[6]= 4.111407
A[7]= 2.394826
A[8]= 0.419385
A[9]= 0.993352
A[10]= 3.500169
chi2_min= 53.194720


Cross-Covariance parameters
1.000000	-0.618838	-0.806579	0.879371	-0.391689	0.592961	0.724431	0.900579	-0.138099	0.431975	0.709006	
-0.618838	1.000000	0.729468	-0.423594	0.136966	-0.207223	-0.381861	-0.418402	0.096654	-0.184009	-0.380461	
-0.806579	0.729468	1.000000	-0.821654	0.081148	-0.210168	-0.269446	-0.786947	0.060639	-0.196102	-0.260346	
0.879371	-0.423594	-0.821654	1.000000	-0.077187	0.257265	0.401465	0.886486	-0.089057	0.327578	0.463257	
-0.391689	0.136966	0.081148	-0.077187	1.000000	-0.922504	-0.725549	-0.295946	0.093303	-0.274235	-0.494700	
0.592961	-0.207223	-0.210168	0.257265	-0.922504	1.000000	0.886677	0.485417	-0.123627	0.374342	0.659519	
0.724431	-0.381861	-0.269446	0.401465	-0.725549	0.886677	1.000000	0.543914	-0.156774	0.454505	0.839909	
0.900579	-0.418402	-0.786947	0.886486	-0.295946	0.485417	0.543914	1.000000	0.021003	0.185834	0.483858	
-0.138099	0.096654	0.060639	-0.089057	0.093303	-0.123627	-0.156774	0.021003	1.000000	-0.860868	-0.384776	
0.431975	-0.184009	-0.196102	0.327578	-0.274235	0.374342	0.454505	0.185834	-0.860868	1.000000	0.694604	
0.709006	-0.380461	-0.260346	0.463257	-0.494700	0.659519	0.839909	0.483858	-0.384776	0.694604	1.000000	

Time taken for mcmc chain: 1.252396 days
