Number of steps: 936500
Number of accepted steps: 307240
Burn-in number of steps: 12000
Accepted fraction of steps: 0.328073
Convergence Status
R[0]= 1.000595	R[1]= 1.000867	R[2]= 1.001420	R[3]= 1.000392	R[4]= 1.001308	R[5]= 1.001618	R[6]= 1.001486	R[7]= 1.000691	R[8]= 1.004684	R[9]= 1.002175	R[10]= 1.001138	
<R>= 1.001489

Mean parameters
A[0]= 0.969718 pm 0.041946
A[1]= 1.004344 pm 0.023316
A[2]= 0.985772 pm 0.101807
A[3]= 2.101293 pm 0.054040
A[4]= -0.417693 pm 0.817690
A[5]= 1.217921 pm 0.187331
A[6]= 4.192427 pm 0.375706
A[7]= 2.058519 pm 0.058934
A[8]= -1.423321 pm 0.953120
A[9]= 1.465903 pm 0.244554
A[10]= 4.783720 pm 0.538060

Best-fitting parameters
A[0]= 0.982909
A[1]= 1.002153
A[2]= 0.977283
A[3]= 2.110530
A[4]= -0.822662
A[5]= 1.302977
A[6]= 4.346206
A[7]= 2.055010
A[8]= -1.964232
A[9]= 1.611028
A[10]= 4.988966
chi2_min= 54.628630


Cross-Covariance parameters
1.000000	-0.555911	-0.694655	0.739211	-0.203488	0.321430	0.393547	0.690417	-0.151149	0.265401	0.397394	
-0.555911	1.000000	0.739400	-0.197170	0.099973	-0.013134	-0.139278	-0.221996	0.032154	0.035395	-0.157143	
-0.694655	0.739400	1.000000	-0.685919	-0.153418	0.182293	0.240625	-0.637867	-0.130667	0.140317	0.152739	
0.739211	-0.197170	-0.685919	1.000000	0.317256	-0.211276	-0.181179	0.763880	0.049997	0.058369	-0.020427	
-0.203488	0.099973	-0.153418	0.317256	1.000000	-0.949069	-0.744137	0.063574	0.211418	-0.256128	-0.424150	
0.321430	-0.013134	0.182293	-0.211276	-0.949069	1.000000	0.847774	0.030453	-0.262854	0.352378	0.525782	
0.393547	-0.139278	0.240625	-0.181179	-0.744137	0.847774	1.000000	-0.048464	-0.357886	0.451113	0.726016	
0.690417	-0.221996	-0.637867	0.763880	0.063574	0.030453	-0.048464	1.000000	0.387871	-0.310106	-0.203622	
-0.151149	0.032154	-0.130667	0.049997	0.211418	-0.262854	-0.357886	0.387871	1.000000	-0.952594	-0.748598	
0.265401	0.035395	0.140317	0.058369	-0.256128	0.352378	0.451113	-0.310106	-0.952594	1.000000	0.835691	
0.397394	-0.157143	0.152739	-0.020427	-0.424150	0.525782	0.726016	-0.203622	-0.748598	0.835691	1.000000	

Time taken for mcmc chain: 9.136389 hours
