Number of steps: 1128612
Number of accepted steps: 305462
Burn-in number of steps: 12000
Accepted fraction of steps: 0.270653
Convergence Status
R[0]= 1.002164	R[1]= 1.000421	R[2]= 1.001149	R[3]= 1.002282	R[4]= 1.001951	R[5]= 1.002140	R[6]= 1.005143	R[7]= 1.000477	R[8]= 1.003204	R[9]= 1.005333	R[10]= 1.007512	
<R>= 1.002889

Mean parameters
A[0]= 1.087237 pm 0.077724
A[1]= 0.946574 pm 0.029054
A[2]= 0.644833 pm 0.137639
A[3]= 2.277681 pm 0.080470
A[4]= -0.901155 pm 1.001769
A[5]= 1.516747 pm 0.393823
A[6]= 4.638019 pm 0.833843
A[7]= 2.231527 pm 0.087343
A[8]= 0.650636 pm 1.646901
A[9]= 1.265692 pm 0.370195
A[10]= 4.166337 pm 0.685839

Best-fitting parameters
A[0]= 1.039221
A[1]= 0.955691
A[2]= 0.702687
A[3]= 2.247323
A[4]= -0.710666
A[5]= 1.348464
A[6]= 4.269748
A[7]= 2.208017
A[8]= 1.142875
A[9]= 1.018521
A[10]= 3.834051
chi2_min= 80.743820


Cross-Covariance parameters
1.000000	-0.502930	-0.676736	0.769910	-0.257467	0.430744	0.583051	0.751888	-0.114812	0.292580	0.528273	
-0.502930	1.000000	0.659690	-0.151424	0.042632	-0.038066	-0.248554	-0.153829	0.012847	0.017213	-0.193837	
-0.676736	0.659690	1.000000	-0.686475	-0.153751	0.092910	0.061986	-0.624606	-0.008708	0.033377	0.085380	
0.769910	-0.151424	-0.686475	1.000000	0.195193	-0.036681	0.078976	0.794450	-0.066347	0.175264	0.162050	
-0.257467	0.042632	-0.153751	0.195193	1.000000	-0.955622	-0.748492	-0.063599	0.081066	-0.208078	-0.435079	
0.430744	-0.038066	0.092910	-0.036681	-0.955622	1.000000	0.858785	0.211508	-0.106992	0.287890	0.555151	
0.583051	-0.248554	0.061986	0.078976	-0.748492	0.858785	1.000000	0.217907	-0.146753	0.361289	0.762406	
0.751888	-0.153829	-0.624606	0.794450	-0.063599	0.211508	0.217907	1.000000	0.035660	-0.070264	0.108535	
-0.114812	0.012847	-0.008708	-0.066347	0.081066	-0.106992	-0.146753	0.035660	1.000000	-0.822249	-0.436527	
0.292580	0.017213	0.033377	0.175264	-0.208078	0.287890	0.361289	-0.070264	-0.822249	1.000000	0.703146	
0.528273	-0.193837	0.085380	0.162050	-0.435079	0.555151	0.762406	0.108535	-0.436527	0.703146	1.000000	

Time taken for mcmc chain: 13.723056 hours
