Number of steps: 1125103
Number of accepted steps: 390938
Burn-in number of steps: 12000
Accepted fraction of steps: 0.347469
Convergence Status
R[0]= 1.001199	R[1]= 1.000535	R[2]= 1.000627	R[3]= 1.000360	R[4]= 1.006108	R[5]= 1.003931	R[6]= 1.001917	R[7]= 1.000991	R[8]= 1.001116	R[9]= 1.000730	R[10]= 1.000675	
<R>= 1.001654

Mean parameters
A[0]= 1.063920 pm 0.094640
A[1]= 1.003755 pm 0.028876
A[2]= 0.900762 pm 0.156802
A[3]= 2.281799 pm 0.096582
A[4]= -1.323060 pm 1.128645
A[5]= 1.752528 pm 0.486837
A[6]= 5.262167 pm 1.072283
A[7]= 2.207998 pm 0.105871
A[8]= -1.185758 pm 1.407250
A[9]= 1.847099 pm 0.518808
A[10]= 5.073416 pm 1.064768

Best-fitting parameters
A[0]= 1.036200
A[1]= 1.003354
A[2]= 0.953115
A[3]= 2.233871
A[4]= -1.962286
A[5]= 1.921749
A[6]= 5.377200
A[7]= 2.179635
A[8]= -1.436994
A[9]= 1.799181
A[10]= 4.914448
chi2_min= 72.349890


Cross-Covariance parameters
1.000000	-0.534215	-0.596202	0.840335	-0.439841	0.617937	0.709039	0.810415	-0.255607	0.466809	0.640087	
-0.534215	1.000000	0.663546	-0.316081	0.149055	-0.168281	-0.294742	-0.332916	0.076404	-0.087127	-0.258283	
-0.596202	0.663546	1.000000	-0.716696	-0.098741	0.034304	0.042784	-0.677923	-0.087325	0.045971	0.066107	
0.840335	-0.316081	-0.716696	1.000000	-0.044179	0.219487	0.308766	0.846476	-0.097806	0.276297	0.314893	
-0.439841	0.149055	-0.098741	-0.044179	1.000000	-0.948418	-0.784358	-0.201990	0.280769	-0.400301	-0.560589	
0.617937	-0.168281	0.034304	0.219487	-0.948418	1.000000	0.906558	0.356184	-0.327780	0.500151	0.690155	
0.709039	-0.294742	0.042784	0.308766	-0.784358	0.906558	1.000000	0.369364	-0.380332	0.572904	0.832661	
0.810415	-0.332916	-0.677923	0.846476	-0.201990	0.356184	0.369364	1.000000	0.120897	0.034109	0.223139	
-0.255607	0.076404	-0.087325	-0.097806	0.280769	-0.327780	-0.380332	0.120897	1.000000	-0.923136	-0.670237	
0.466809	-0.087127	0.045971	0.276297	-0.400301	0.500151	0.572904	0.034109	-0.923136	1.000000	0.839795	
0.640087	-0.258283	0.066107	0.314893	-0.560589	0.690155	0.832661	0.223139	-0.670237	0.839795	1.000000	

Time taken for mcmc chain: 12.595000 hours
