Number of steps: 966304
Number of accepted steps: 307124
Burn-in number of steps: 12000
Accepted fraction of steps: 0.317834
Convergence Status
R[0]= 1.000552	R[1]= 1.001001	R[2]= 1.001225	R[3]= 1.001033	R[4]= 1.000207	R[5]= 1.000328	R[6]= 1.000318	R[7]= 1.001672	R[8]= 1.000456	R[9]= 1.000344	R[10]= 1.000167	
<R>= 1.000664

Mean parameters
A[0]= 1.058023 pm 0.054338
A[1]= 1.028808 pm 0.023201
A[2]= 0.893973 pm 0.098692
A[3]= 2.226983 pm 0.056433
A[4]= -0.602429 pm 0.956037
A[5]= 1.447918 pm 0.250047
A[6]= 4.508254 pm 0.508639
A[7]= 2.174384 pm 0.063014
A[8]= -2.284621 pm 0.853793
A[9]= 1.880199 pm 0.290242
A[10]= 5.364031 pm 0.758765

Best-fitting parameters
A[0]= 1.041911
A[1]= 1.028913
A[2]= 0.917341
A[3]= 2.205084
A[4]= -0.803696
A[5]= 1.457061
A[6]= 4.456104
A[7]= 2.148882
A[8]= -2.529350
A[9]= 1.919757
A[10]= 5.407578
chi2_min= 48.724510


Cross-Covariance parameters
1.000000	-0.501331	-0.626792	0.738644	-0.360107	0.526336	0.652168	0.720455	-0.258494	0.435477	0.620322	
-0.501331	1.000000	0.742455	-0.166650	0.126616	-0.073050	-0.221006	-0.191428	0.053110	-0.015353	-0.249423	
-0.626792	0.742455	1.000000	-0.626754	-0.059137	0.048412	0.042375	-0.568892	-0.090047	0.052949	-0.017003	
0.738644	-0.166650	-0.626754	1.000000	0.176155	-0.012569	0.101211	0.746565	-0.048127	0.213042	0.213858	
-0.360107	0.126616	-0.059137	0.176155	1.000000	-0.943023	-0.745763	-0.125124	0.250964	-0.321535	-0.462899	
0.526336	-0.073050	0.048412	-0.012569	-0.943023	1.000000	0.872645	0.266713	-0.313643	0.438853	0.592522	
0.652168	-0.221006	0.042375	0.101211	-0.745763	0.872645	1.000000	0.265355	-0.401773	0.536901	0.779653	
0.720455	-0.191428	-0.568892	0.746565	-0.125124	0.266713	0.265355	1.000000	0.292296	-0.119131	0.077410	
-0.258494	0.053110	-0.090047	-0.048127	0.250964	-0.313643	-0.401773	0.292296	1.000000	-0.956072	-0.750455	
0.435477	-0.015353	0.052949	0.213042	-0.321535	0.438853	0.536901	-0.119131	-0.956072	1.000000	0.849718	
0.620322	-0.249423	-0.017003	0.213858	-0.462899	0.592522	0.779653	0.077410	-0.750455	0.849718	1.000000	

Time taken for mcmc chain: 9.511389 hours
