Number of steps: 911050
Number of accepted steps: 306875
Burn-in number of steps: 12000
Accepted fraction of steps: 0.336837
Convergence Status
R[0]= 1.002268	R[1]= 1.000152	R[2]= 1.001044	R[3]= 1.001860	R[4]= 1.001409	R[5]= 1.001756	R[6]= 1.003057	R[7]= 1.001104	R[8]= 1.001405	R[9]= 1.001279	R[10]= 1.001701	
<R>= 1.001549

Mean parameters
A[0]= 1.021506 pm 0.034642
A[1]= 0.977979 pm 0.018923
A[2]= 0.894386 pm 0.077861
A[3]= 2.134936 pm 0.042672
A[4]= 0.080615 pm 0.734453
A[5]= 1.181562 pm 0.148080
A[6]= 4.482500 pm 0.330909
A[7]= 2.066938 pm 0.050530
A[8]= -0.827692 pm 1.069935
A[9]= 1.409852 pm 0.234442
A[10]= 4.768506 pm 0.483315

Best-fitting parameters
A[0]= 1.013247
A[1]= 0.979759
A[2]= 0.912798
A[3]= 2.134806
A[4]= 0.169419
A[5]= 1.139334
A[6]= 4.425953
A[7]= 2.054435
A[8]= -0.994422
A[9]= 1.402063
A[10]= 4.661686
chi2_min= 46.957950


Cross-Covariance parameters
1.000000	-0.432957	-0.577414	0.725046	-0.173789	0.325787	0.482952	0.597217	-0.113300	0.232938	0.401161	
-0.432957	1.000000	0.676723	-0.031389	0.029616	0.097967	-0.114648	-0.042634	0.018005	0.069468	-0.115161	
-0.577414	0.676723	1.000000	-0.566525	-0.162433	0.231939	0.267057	-0.502540	-0.136906	0.180323	0.219760	
0.725046	-0.031389	-0.566525	1.000000	0.235728	-0.111139	-0.050450	0.688544	0.036244	0.074286	0.027259	
-0.173789	0.029616	-0.162433	0.235728	1.000000	-0.927687	-0.659683	0.035329	0.138759	-0.186557	-0.309253	
0.325787	0.097967	0.231939	-0.111139	-0.927687	1.000000	0.804235	0.074152	-0.185371	0.289792	0.438392	
0.482952	-0.114648	0.267057	-0.050450	-0.659683	0.804235	1.000000	0.009907	-0.269339	0.387657	0.677700	
0.597217	-0.042634	-0.502540	0.688544	0.035329	0.074152	0.009907	1.000000	0.436316	-0.391270	-0.258847	
-0.113300	0.018005	-0.136906	0.036244	0.138759	-0.185371	-0.269339	0.436316	1.000000	-0.943288	-0.719014	
0.232938	0.069468	0.180323	0.074286	-0.186557	0.289792	0.387657	-0.391270	-0.943288	1.000000	0.827222	
0.401161	-0.115161	0.219760	0.027259	-0.309253	0.438392	0.677700	-0.258847	-0.719014	0.827222	1.000000	

Time taken for mcmc chain: 8.803333 hours
