Number of steps: 1751108
Number of accepted steps: 305130
Burn-in number of steps: 12000
Accepted fraction of steps: 0.174250
Convergence Status
R[0]= 1.001528	R[1]= 1.005501	R[2]= 1.001952	R[3]= 1.000500	R[4]= 1.000807	R[5]= 1.000664	R[6]= 1.001177	R[7]= 1.000713	R[8]= 1.001927	R[9]= 1.001211	R[10]= 1.000999	
<R>= 1.001544

Mean parameters
A[0]= 1.110949 pm 0.080699
A[1]= 0.947774 pm 0.028154
A[2]= 0.750666 pm 0.139970
A[3]= 2.242616 pm 0.082057
A[4]= -2.583299 pm 0.480356
A[5]= 2.245411 pm 0.288790
A[6]= 6.338923 pm 1.006559
A[7]= 2.312787 pm 0.089140
A[8]= 0.733101 pm 1.145503
A[9]= 1.150189 pm 0.269877
A[10]= 4.847848 pm 0.619371

Best-fitting parameters
A[0]= 1.116294
A[1]= 0.937540
A[2]= 0.744452
A[3]= 2.246084
A[4]= -2.597751
A[5]= 2.239986
A[6]= 6.514880
A[7]= 2.319568
A[8]= 0.865423
A[9]= 1.041432
A[10]= 4.823782
chi2_min= 58.078720


Cross-Covariance parameters
1.000000	-0.495949	-0.633773	0.891317	-0.294402	0.564374	0.689462	0.812914	-0.119782	0.362156	0.641211	
-0.495949	1.000000	0.664716	-0.250683	-0.113415	0.075425	-0.281618	-0.198008	0.055151	-0.018429	-0.232158	
-0.633773	0.664716	1.000000	-0.636823	-0.165216	0.017907	-0.021406	-0.624492	0.028977	0.013623	0.032992	
0.891317	-0.250683	-0.636823	1.000000	-0.131060	0.413047	0.450785	0.855042	-0.089089	0.300683	0.444066	
-0.294402	-0.113415	-0.165216	-0.131060	1.000000	-0.928917	-0.706226	-0.205577	0.056998	-0.252002	-0.429757	
0.564374	0.075425	0.017907	0.413047	-0.928917	1.000000	0.825452	0.460796	-0.091088	0.363967	0.595432	
0.689462	-0.281618	-0.021406	0.450785	-0.706226	0.825452	1.000000	0.394431	-0.123974	0.414051	0.806865	
0.812914	-0.198008	-0.624492	0.855042	-0.205577	0.460796	0.394431	1.000000	-0.011039	0.086599	0.312548	
-0.119782	0.055151	0.028977	-0.089089	0.056998	-0.091088	-0.123974	-0.011039	1.000000	-0.829590	-0.386012	
0.362156	-0.018429	0.013623	0.300683	-0.252002	0.363967	0.414051	0.086599	-0.829590	1.000000	0.699729	
0.641211	-0.232158	0.032992	0.444066	-0.429757	0.595432	0.806865	0.312548	-0.386012	0.699729	1.000000	

Time taken for mcmc chain: 23.576389 hours
