Number of steps: 947987
Number of accepted steps: 302163
Burn-in number of steps: 12000
Accepted fraction of steps: 0.318742
Convergence Status
R[0]= 1.002203	R[1]= 1.002638	R[2]= 1.006095	R[3]= 1.003901	R[4]= 1.002511	R[5]= 1.001806	R[6]= 1.002003	R[7]= 1.007313	R[8]= 1.007268	R[9]= 1.004095	R[10]= 1.002129	
<R>= 1.003815

Mean parameters
A[0]= 1.064071 pm 0.055254
A[1]= 1.010673 pm 0.030317
A[2]= 0.803438 pm 0.129414
A[3]= 2.294771 pm 0.067643
A[4]= -0.871595 pm 1.231025
A[5]= 1.645439 pm 0.424819
A[6]= 4.769516 pm 0.705727
A[7]= 2.353038 pm 0.074313
A[8]= 0.916283 pm 1.355638
A[9]= 1.174036 pm 0.300549
A[10]= 4.420938 pm 0.524332

Best-fitting parameters
A[0]= 1.038418
A[1]= 1.020296
A[2]= 0.874404
A[3]= 2.247492
A[4]= -1.526629
A[5]= 1.820414
A[6]= 4.839960
A[7]= 2.344893
A[8]= 1.005698
A[9]= 1.047902
A[10]= 4.317275
chi2_min= 73.649800


Cross-Covariance parameters
1.000000	-0.441958	-0.567666	0.647858	-0.214546	0.338954	0.472808	0.685867	-0.110029	0.239730	0.456245	
-0.441958	1.000000	0.681094	-0.031123	0.011189	0.053500	-0.103618	-0.036246	0.035460	0.066643	-0.081407	
-0.567666	0.681094	1.000000	-0.568941	-0.204654	0.236065	0.277139	-0.494793	-0.016763	0.149955	0.278173	
0.647858	-0.031123	-0.568941	1.000000	0.323867	-0.252634	-0.173967	0.716900	-0.020488	0.063906	-0.023664	
-0.214546	0.011189	-0.204654	0.323867	1.000000	-0.943869	-0.738929	-0.025967	0.056256	-0.175303	-0.403056	
0.338954	0.053500	0.236065	-0.252634	-0.943869	1.000000	0.854244	0.129151	-0.083383	0.252200	0.518904	
0.472808	-0.103618	0.277139	-0.173967	-0.738929	0.854244	1.000000	0.091417	-0.125549	0.339973	0.745997	
0.685867	-0.036246	-0.494793	0.716900	-0.025967	0.129151	0.091417	1.000000	0.043743	-0.139259	0.010762	
-0.110029	0.035460	-0.016763	-0.020488	0.056256	-0.083383	-0.125549	0.043743	1.000000	-0.823876	-0.407285	
0.239730	0.066643	0.149955	0.063906	-0.175303	0.252200	0.339973	-0.139259	-0.823876	1.000000	0.676179	
0.456245	-0.081407	0.278173	-0.023664	-0.403056	0.518904	0.745997	0.010762	-0.407285	0.676179	1.000000	

Time taken for mcmc chain: 9.572778 hours
