Number of steps: 1510805
Number of accepted steps: 315637
Burn-in number of steps: 12000
Accepted fraction of steps: 0.208920
Convergence Status
R[0]= 1.000525	R[1]= 1.000147	R[2]= 1.001079	R[3]= 1.000669	R[4]= 1.000486	R[5]= 1.000866	R[6]= 1.001501	R[7]= 1.001244	R[8]= 1.003998	R[9]= 1.003265	R[10]= 1.002835	
<R>= 1.001511

Mean parameters
A[0]= 0.960020 pm 0.103918
A[1]= 0.992964 pm 0.026141
A[2]= 0.946459 pm 0.133648
A[3]= 2.076333 pm 0.095572
A[4]= -1.354866 pm 0.842000
A[5]= 1.398477 pm 0.312765
A[6]= 4.453524 pm 0.939246
A[7]= 2.001636 pm 0.100353
A[8]= -1.611361 pm 1.117073
A[9]= 1.526888 pm 0.349568
A[10]= 4.645449 pm 1.071668

Best-fitting parameters
A[0]= 0.888409
A[1]= 1.008543
A[2]= 1.043057
A[3]= 2.009767
A[4]= -1.228198
A[5]= 1.280446
A[6]= 4.047187
A[7]= 1.924639
A[8]= -1.818896
A[9]= 1.469552
A[10]= 4.147386
chi2_min= 61.855500


Cross-Covariance parameters
1.000000	-0.725875	-0.791201	0.907159	-0.636117	0.816295	0.852200	0.877283	-0.469984	0.715822	0.821699	
-0.725875	1.000000	0.784473	-0.567954	0.455200	-0.513317	-0.594568	-0.554331	0.330016	-0.436798	-0.569245	
-0.791201	0.784473	1.000000	-0.851855	0.268004	-0.414938	-0.412112	-0.817478	0.187723	-0.363156	-0.394423	
0.907159	-0.567954	-0.851855	1.000000	-0.333540	0.560212	0.595724	0.913042	-0.319488	0.563386	0.600133	
-0.636117	0.455200	0.268004	-0.333540	1.000000	-0.947929	-0.823230	-0.425527	0.474090	-0.614783	-0.712760	
0.816295	-0.513317	-0.414938	0.560212	-0.947929	1.000000	0.933616	0.618012	-0.526953	0.727668	0.839531	
0.852200	-0.594568	-0.412112	0.595724	-0.823230	0.933616	1.000000	0.609715	-0.547798	0.754620	0.925162	
0.877283	-0.554331	-0.817478	0.913042	-0.425527	0.618012	0.609715	1.000000	-0.112545	0.379758	0.524418	
-0.469984	0.330016	0.187723	-0.319488	0.474090	-0.526953	-0.547798	-0.112545	1.000000	-0.924027	-0.715183	
0.715822	-0.436798	-0.363156	0.563386	-0.614783	0.727668	0.754620	0.379758	-0.924027	1.000000	0.888076	
0.821699	-0.569245	-0.394423	0.600133	-0.712760	0.839531	0.925162	0.524418	-0.715183	0.888076	1.000000	

Time taken for mcmc chain: 18.244722 hours
