Number of steps: 1030077
Number of accepted steps: 303705
Burn-in number of steps: 12000
Accepted fraction of steps: 0.294837
Convergence Status
R[0]= 1.006296	R[1]= 1.001581	R[2]= 1.000724	R[3]= 1.005168	R[4]= 1.006155	R[5]= 1.007336	R[6]= 1.008269	R[7]= 1.005030	R[8]= 1.005967	R[9]= 1.003834	R[10]= 1.004856	
<R>= 1.005020

Mean parameters
A[0]= 1.114636 pm 0.075149
A[1]= 0.949691 pm 0.032799
A[2]= 0.636220 pm 0.149203
A[3]= 2.291547 pm 0.076015
A[4]= -1.882305 pm 0.866641
A[5]= 1.930886 pm 0.404506
A[6]= 5.529627 pm 1.081508
A[7]= 2.284281 pm 0.085529
A[8]= -0.879767 pm 1.597637
A[9]= 1.640798 pm 0.531701
A[10]= 4.777914 pm 1.068928

Best-fitting parameters
A[0]= 1.099098
A[1]= 0.954671
A[2]= 0.704544
A[3]= 2.256733
A[4]= -2.327949
A[5]= 2.117877
A[6]= 5.940350
A[7]= 2.225232
A[8]= -2.244382
A[9]= 2.085669
A[10]= 5.330454
chi2_min= 39.520210


Cross-Covariance parameters
1.000000	-0.476520	-0.536627	0.761900	-0.261995	0.433702	0.600027	0.653806	-0.192652	0.332468	0.527729	
-0.476520	1.000000	0.666146	-0.139513	-0.064565	0.097237	-0.180881	-0.094715	-0.004088	0.042850	-0.137053	
-0.536627	0.666146	1.000000	-0.590294	-0.295405	0.262179	0.214073	-0.536463	-0.167560	0.194106	0.231991	
0.761900	-0.139513	-0.590294	1.000000	0.173963	0.010520	0.114852	0.743815	-0.050080	0.161106	0.167009	
-0.261995	-0.064565	-0.295405	0.173963	1.000000	-0.956649	-0.758780	-0.024417	0.203971	-0.295822	-0.455988	
0.433702	0.097237	0.262179	0.010520	-0.956649	1.000000	0.852436	0.171122	-0.256563	0.387319	0.565940	
0.600027	-0.180881	0.214073	0.114852	-0.758780	0.852436	1.000000	0.132887	-0.336463	0.477840	0.770361	
0.653806	-0.094715	-0.536463	0.743815	-0.024417	0.171122	0.132887	1.000000	0.270556	-0.223965	-0.056939	
-0.192652	-0.004088	-0.167560	-0.050080	0.203971	-0.256563	-0.336463	0.270556	1.000000	-0.926577	-0.674887	
0.332468	0.042850	0.194106	0.161106	-0.295822	0.387319	0.477840	-0.223965	-0.926577	1.000000	0.821512	
0.527729	-0.137053	0.231991	0.167009	-0.455988	0.565940	0.770361	-0.056939	-0.674887	0.821512	1.000000	

Time taken for mcmc chain: 13.875833 hours
