Number of steps: 16937781
Number of accepted steps: 600000
Burn-in number of steps: 12000
Accepted fraction of steps: 0.035424
Convergence Status
R[0]= 1.006519	R[1]= 1.004136	R[2]= 1.003002	R[3]= 1.003613	R[4]= 1.014926	R[5]= 1.010185	R[6]= 1.006231	R[7]= 1.003702	R[8]= 1.005645	R[9]= 1.007411	R[10]= 1.006587	
<R>= 1.006542

Mean parameters
A[0]= 1.037944 pm 0.149688
A[1]= 1.001729 pm 0.059098
A[2]= 0.864774 pm 0.241428
A[3]= 2.239421 pm 0.131963
A[4]= -1.712949 pm 1.261127
A[5]= 1.915961 pm 0.603408
A[6]= 5.207293 pm 1.520819
A[7]= 2.231123 pm 0.143602
A[8]= -2.343164 pm 1.534691
A[9]= 2.173524 pm 0.605795
A[10]= 5.748516 pm 1.698450

Best-fitting parameters
A[0]= 1.042993
A[1]= 0.983294
A[2]= 0.844252
A[3]= 2.214485
A[4]= -2.274633
A[5]= 2.080474
A[6]= 5.304762
A[7]= 2.216587
A[8]= -2.779650
A[9]= 2.285691
A[10]= 6.058328
chi2_min= 61.972810


Cross-Covariance parameters
1.000000	-0.685844	-0.748072	0.888380	-0.568469	0.718187	0.827061	0.897635	-0.350834	0.610670	0.820326	
-0.685844	1.000000	0.851514	-0.469345	0.273716	-0.278355	-0.469020	-0.488831	0.120544	-0.187953	-0.477392	
-0.748072	0.851514	1.000000	-0.726916	0.163483	-0.226035	-0.327304	-0.695211	0.084069	-0.197448	-0.356042	
0.888380	-0.469345	-0.726916	1.000000	-0.308122	0.493962	0.578515	0.913273	-0.270883	0.528900	0.612467	
-0.568469	0.273716	0.163483	-0.308122	1.000000	-0.942698	-0.773158	-0.448007	0.382551	-0.556137	-0.654410	
0.718187	-0.278355	-0.226035	0.493962	-0.942698	1.000000	0.892836	0.615545	-0.428437	0.667711	0.783311	
0.827061	-0.469020	-0.327304	0.578515	-0.773158	0.892836	1.000000	0.660110	-0.406679	0.654229	0.905117	
0.897635	-0.488831	-0.695211	0.913273	-0.448007	0.615545	0.660110	1.000000	-0.186641	0.421579	0.624012	
-0.350834	0.120544	0.084069	-0.270883	0.382551	-0.428437	-0.406679	-0.186641	1.000000	-0.851060	-0.583253	
0.610670	-0.187953	-0.197448	0.528900	-0.556137	0.667711	0.654229	0.421579	-0.851060	1.000000	0.816602	
0.820326	-0.477392	-0.356042	0.612467	-0.654410	0.783311	0.905117	0.624012	-0.583253	0.816602	1.000000	

Time taken for mcmc chain: 10.555845 days
