Number of steps: 1101874
Number of accepted steps: 304854
Burn-in number of steps: 12000
Accepted fraction of steps: 0.276669
Convergence Status
R[0]= 1.002399	R[1]= 1.000484	R[2]= 1.000793	R[3]= 1.001961	R[4]= 1.000355	R[5]= 1.000217	R[6]= 1.000530	R[7]= 1.005511	R[8]= 1.004446	R[9]= 1.001428	R[10]= 1.000908	
<R>= 1.001730

Mean parameters
A[0]= 1.023302 pm 0.032665
A[1]= 0.963706 pm 0.019745
A[2]= 0.839491 pm 0.078673
A[3]= 2.108820 pm 0.044326
A[4]= -0.851342 pm 0.819109
A[5]= 1.339716 pm 0.199262
A[6]= 4.585415 pm 0.457758
A[7]= 2.106720 pm 0.049995
A[8]= 1.704636 pm 1.303970
A[9]= 0.964335 pm 0.131572
A[10]= 4.201737 pm 0.315955

Best-fitting parameters
A[0]= 1.018441
A[1]= 0.959433
A[2]= 0.833580
A[3]= 2.105100
A[4]= -0.953302
A[5]= 1.327049
A[6]= 4.543326
A[7]= 2.106579
A[8]= 2.014405
A[9]= 0.879611
A[10]= 4.170607
chi2_min= 40.694850


Cross-Covariance parameters
1.000000	-0.430429	-0.541136	0.573186	-0.194923	0.303737	0.424210	0.616829	-0.073381	0.170636	0.396317	
-0.430429	1.000000	0.642567	0.033319	0.022500	0.080038	-0.135057	0.042006	-0.046308	0.159546	-0.086450	
-0.541136	0.642567	1.000000	-0.575906	-0.300511	0.341390	0.348496	-0.463802	0.008878	0.219882	0.346385	
0.573186	0.033319	-0.575906	1.000000	0.470999	-0.373933	-0.340588	0.691713	-0.080062	0.022835	-0.166183	
-0.194923	0.022500	-0.300511	0.470999	1.000000	-0.958060	-0.796407	0.070154	0.000282	-0.186704	-0.473008	
0.303737	0.080038	0.341390	-0.373933	-0.958060	1.000000	0.868974	0.038961	-0.023022	0.260066	0.557540	
0.424210	-0.135057	0.348496	-0.340588	-0.796407	0.868974	1.000000	-0.035665	-0.014708	0.294771	0.747465	
0.616829	0.042006	-0.463802	0.691713	0.070154	0.038961	-0.035665	1.000000	-0.208694	-0.139868	-0.098472	
-0.073381	-0.046308	0.008878	-0.080062	0.000282	-0.023022	-0.014708	-0.208694	1.000000	-0.635733	-0.230689	
0.170636	0.159546	0.219882	0.022835	-0.186704	0.260066	0.294771	-0.139868	-0.635733	1.000000	0.637330	
0.396317	-0.086450	0.346385	-0.166183	-0.473008	0.557540	0.747465	-0.098472	-0.230689	0.637330	1.000000	

Time taken for mcmc chain: 11.061944 hours
