Number of steps: 943828
Number of accepted steps: 310521
Burn-in number of steps: 12000
Accepted fraction of steps: 0.329002
Convergence Status
R[0]= 1.001530	R[1]= 1.002072	R[2]= 1.000059	R[3]= 1.004238	R[4]= 1.003175	R[5]= 1.001487	R[6]= 1.002340	R[7]= 1.001924	R[8]= 1.001090	R[9]= 1.000166	R[10]= 1.002048	
<R>= 1.001830

Mean parameters
A[0]= 1.023461 pm 0.047386
A[1]= 0.984354 pm 0.026268
A[2]= 0.804960 pm 0.097830
A[3]= 2.173566 pm 0.052292
A[4]= -0.517330 pm 0.818807
A[5]= 1.277859 pm 0.204218
A[6]= 4.348858 pm 0.458048
A[7]= 2.126030 pm 0.056952
A[8]= 0.128654 pm 1.226365
A[9]= 1.185438 pm 0.216372
A[10]= 4.276782 pm 0.439973

Best-fitting parameters
A[0]= 1.004063
A[1]= 0.989517
A[2]= 0.834920
A[3]= 2.168046
A[4]= -0.242494
A[5]= 1.181713
A[6]= 4.188512
A[7]= 2.099270
A[8]= -0.439873
A[9]= 1.234084
A[10]= 4.218124
chi2_min= 70.971900


Cross-Covariance parameters
1.000000	-0.546690	-0.691717	0.688103	-0.266284	0.398702	0.554252	0.701996	-0.156132	0.266541	0.503634	
-0.546690	1.000000	0.762761	-0.076850	0.116147	-0.030336	-0.250921	-0.134955	0.045298	0.050831	-0.194112	
-0.691717	0.762761	1.000000	-0.576186	-0.098276	0.112249	0.044602	-0.548863	-0.009392	0.075705	0.044957	
0.688103	-0.076850	-0.576186	1.000000	0.284102	-0.133457	-0.051541	0.760894	-0.052486	0.146090	0.090055	
-0.266284	0.116147	-0.098276	0.284102	1.000000	-0.950894	-0.761774	-0.037772	0.106772	-0.186339	-0.421420	
0.398702	-0.030336	0.112249	-0.133457	-0.950894	1.000000	0.857415	0.171942	-0.146273	0.280554	0.529477	
0.554252	-0.250921	0.044602	-0.051541	-0.761774	0.857415	1.000000	0.151719	-0.203116	0.349149	0.728938	
0.701996	-0.134955	-0.548863	0.760894	-0.037772	0.171942	0.151719	1.000000	0.179946	-0.169748	-0.004303	
-0.156132	0.045298	-0.009392	-0.052486	0.106772	-0.146273	-0.203116	0.179946	1.000000	-0.897558	-0.589182	
0.266541	0.050831	0.075705	0.146090	-0.186339	0.280554	0.349149	-0.169748	-0.897558	1.000000	0.755674	
0.503634	-0.194112	0.044957	0.090055	-0.421420	0.529477	0.728938	-0.004303	-0.589182	0.755674	1.000000	

Time taken for mcmc chain: 9.225278 hours
