Number of steps: 1083421
Number of accepted steps: 306723
Burn-in number of steps: 12000
Accepted fraction of steps: 0.283106
Convergence Status
R[0]= 1.001125	R[1]= 1.000317	R[2]= 1.001253	R[3]= 1.003010	R[4]= 1.000534	R[5]= 1.000971	R[6]= 1.000452	R[7]= 1.001679	R[8]= 1.000956	R[9]= 1.000164	R[10]= 1.000127	
<R>= 1.000963

Mean parameters
A[0]= 1.060627 pm 0.053632
A[1]= 0.989716 pm 0.019118
A[2]= 0.836130 pm 0.095251
A[3]= 2.169841 pm 0.058781
A[4]= -0.447278 pm 0.842474
A[5]= 1.367938 pm 0.201086
A[6]= 4.713977 pm 0.452699
A[7]= 2.168458 pm 0.065129
A[8]= 1.188995 pm 1.327347
A[9]= 1.080987 pm 0.173955
A[10]= 4.122532 pm 0.344109

Best-fitting parameters
A[0]= 1.045015
A[1]= 0.985990
A[2]= 0.847596
A[3]= 2.149571
A[4]= -0.499720
A[5]= 1.334743
A[6]= 4.663667
A[7]= 2.162986
A[8]= 1.911862
A[9]= 0.935318
A[10]= 4.031664
chi2_min= 57.456670


Cross-Covariance parameters
1.000000	-0.546132	-0.740188	0.824551	-0.240731	0.432014	0.564179	0.823587	-0.130357	0.284828	0.502341	
-0.546132	1.000000	0.711223	-0.279085	0.084064	-0.057547	-0.242912	-0.284361	0.021164	0.025622	-0.171926	
-0.740188	0.711223	1.000000	-0.754809	-0.099315	0.031941	0.000726	-0.695724	0.045535	-0.012056	0.049486	
0.824551	-0.279085	-0.754809	1.000000	0.172488	0.009993	0.111531	0.833215	-0.103666	0.198303	0.176080	
-0.240731	0.084064	-0.099315	0.172488	1.000000	-0.940242	-0.752220	-0.080078	0.060916	-0.175142	-0.435896	
0.432014	-0.057547	0.031941	0.009993	-0.940242	1.000000	0.875016	0.260360	-0.092249	0.267377	0.570430	
0.564179	-0.242912	0.000726	0.111531	-0.752220	0.875016	1.000000	0.284808	-0.108724	0.318291	0.755532	
0.823587	-0.284361	-0.695724	0.833215	-0.080078	0.260360	0.284808	1.000000	-0.050027	-0.005063	0.168321	
-0.130357	0.021164	0.045535	-0.103666	0.060916	-0.092249	-0.108724	-0.050027	1.000000	-0.801080	-0.378092	
0.284828	0.025622	-0.012056	0.198303	-0.175142	0.267377	0.318291	-0.005063	-0.801080	1.000000	0.651206	
0.502341	-0.171926	0.049486	0.176080	-0.435896	0.570430	0.755532	0.168321	-0.378092	0.651206	1.000000	

Time taken for mcmc chain: 11.092222 hours
