Number of steps: 1717952
Number of accepted steps: 305972
Burn-in number of steps: 12000
Accepted fraction of steps: 0.178103
Convergence Status
R[0]= 1.001619	R[1]= 1.002035	R[2]= 1.000066	R[3]= 1.001952	R[4]= 1.004730	R[5]= 1.003170	R[6]= 1.000888	R[7]= 1.002433	R[8]= 1.003399	R[9]= 1.001800	R[10]= 1.000471	
<R>= 1.002051

Mean parameters
A[0]= 0.994534 pm 0.057480
A[1]= 1.020516 pm 0.031449
A[2]= 0.753346 pm 0.134840
A[3]= 2.296060 pm 0.082818
A[4]= -0.137351 pm 1.696745
A[5]= 1.256168 pm 0.511177
A[6]= 3.377958 pm 0.603827
A[7]= 2.298083 pm 0.086387
A[8]= -0.148102 pm 1.475057
A[9]= 1.179427 pm 0.454748
A[10]= 3.382270 pm 0.577845

Best-fitting parameters
A[0]= 0.974762
A[1]= 1.023686
A[2]= 0.771606
A[3]= 2.292501
A[4]= -0.516249
A[5]= 1.213818
A[6]= 3.269386
A[7]= 2.327319
A[8]= 0.217760
A[9]= 0.912465
A[10]= 3.189817
chi2_min= 35.275500


Cross-Covariance parameters
1.000000	-0.410623	-0.659496	0.645624	-0.188793	0.281526	0.309529	0.669242	-0.111797	0.212729	0.298980	
-0.410623	1.000000	0.682268	-0.017558	-0.002778	0.018793	-0.007852	-0.052399	0.009100	0.036656	0.001320	
-0.659496	0.682268	1.000000	-0.606800	-0.153631	0.173189	0.352080	-0.554933	-0.063269	0.096365	0.321917	
0.645624	-0.017558	-0.606800	1.000000	0.355678	-0.372012	-0.325324	0.689539	0.018763	0.022792	-0.157861	
-0.188793	-0.002778	-0.153631	0.355678	1.000000	-0.933681	-0.655382	-0.003452	0.106548	-0.170810	-0.366484	
0.281526	0.018793	0.173189	-0.372012	-0.933681	1.000000	0.786456	0.044268	-0.135174	0.225628	0.474628	
0.309529	-0.007852	0.352080	-0.325324	-0.655382	0.786456	1.000000	-0.071148	-0.203842	0.329593	0.750177	
0.669242	-0.052399	-0.554933	0.689539	-0.003452	0.044268	-0.071148	1.000000	0.328058	-0.353883	-0.204860	
-0.111797	0.009100	-0.063269	0.018763	0.106548	-0.135174	-0.203842	0.328058	1.000000	-0.921814	-0.495198	
0.212729	0.036656	0.096365	0.022792	-0.170810	0.225628	0.329593	-0.353883	-0.921814	1.000000	0.650829	
0.298980	0.001320	0.321917	-0.157861	-0.366484	0.474628	0.750177	-0.204860	-0.495198	0.650829	1.000000	

Time taken for mcmc chain: 16.935556 hours
