Number of steps: 1114277
Number of accepted steps: 304887
Burn-in number of steps: 12000
Accepted fraction of steps: 0.273619
Convergence Status
R[0]= 1.002420	R[1]= 1.001563	R[2]= 1.001659	R[3]= 1.001454	R[4]= 1.002225	R[5]= 1.002117	R[6]= 1.002544	R[7]= 1.001577	R[8]= 1.000854	R[9]= 1.000808	R[10]= 1.001739	
<R>= 1.001724

Mean parameters
A[0]= 1.033978 pm 0.058615
A[1]= 0.962341 pm 0.024727
A[2]= 0.795764 pm 0.100398
A[3]= 2.120210 pm 0.058131
A[4]= -0.962813 pm 0.811428
A[5]= 1.368395 pm 0.228207
A[6]= 4.495069 pm 0.587246
A[7]= 2.142354 pm 0.064213
A[8]= -0.364778 pm 1.088986
A[9]= 1.189846 pm 0.235942
A[10]= 4.415686 pm 0.550409

Best-fitting parameters
A[0]= 1.006253
A[1]= 0.960995
A[2]= 0.812677
A[3]= 2.078666
A[4]= -1.181221
A[5]= 1.373246
A[6]= 4.378870
A[7]= 2.115212
A[8]= -0.408992
A[9]= 1.129562
A[10]= 4.206663
chi2_min= 59.441990


Cross-Covariance parameters
1.000000	-0.561654	-0.693849	0.744404	-0.357751	0.520368	0.654264	0.750525	-0.201032	0.363231	0.601251	
-0.561654	1.000000	0.733990	-0.193990	0.128985	-0.087101	-0.316523	-0.196002	0.107538	-0.066225	-0.297328	
-0.693849	0.733990	1.000000	-0.676347	-0.083564	0.034109	-0.041544	-0.616787	-0.030049	0.023537	-0.036904	
0.744404	-0.193990	-0.676347	1.000000	0.177298	0.011948	0.102096	0.801884	-0.016767	0.150859	0.177396	
-0.357751	0.128985	-0.083564	0.177298	1.000000	-0.952057	-0.786400	-0.111495	0.223233	-0.325902	-0.524684	
0.520368	-0.087101	0.034109	0.011948	-0.952057	1.000000	0.879660	0.279366	-0.256181	0.411314	0.628184	
0.654264	-0.316523	-0.041544	0.102096	-0.786400	0.879660	1.000000	0.269981	-0.321558	0.482136	0.803993	
0.750525	-0.196002	-0.616787	0.801884	-0.111495	0.279366	0.269981	1.000000	0.218411	-0.107006	0.106575	
-0.201032	0.107538	-0.030049	-0.016767	0.223233	-0.256181	-0.321558	0.218411	1.000000	-0.930198	-0.651009	
0.363231	-0.066225	0.023537	0.150859	-0.325902	0.411314	0.482136	-0.107006	-0.930198	1.000000	0.800109	
0.601251	-0.297328	-0.036904	0.177396	-0.524684	0.628184	0.803993	0.106575	-0.651009	0.800109	1.000000	

Time taken for mcmc chain: 11.997500 hours
