Number of steps: 9534408
Number of accepted steps: 314769
Burn-in number of steps: 12000
Accepted fraction of steps: 0.033014
Convergence Status
R[0]= 1.002219	R[1]= 1.001202	R[2]= 1.001836	R[3]= 1.003319	R[4]= 1.003634	R[5]= 1.001810	R[6]= 1.001847	R[7]= 1.001472	R[8]= 1.000326	R[9]= 1.001955	R[10]= 1.002072	
<R>= 1.001972

Mean parameters
A[0]= 0.895948 pm 0.117262
A[1]= 1.050161 pm 0.039543
A[2]= 1.047593 pm 0.208423
A[3]= 2.137016 pm 0.147299
A[4]= 0.266265 pm 2.073139
A[5]= 1.192900 pm 0.558440
A[6]= 3.619699 pm 0.738107
A[7]= 2.086852 pm 0.148316
A[8]= -0.166907 pm 1.589595
A[9]= 1.395070 pm 0.482490
A[10]= 4.053983 pm 0.808228

Best-fitting parameters
A[0]= 0.775268
A[1]= 1.067683
A[2]= 1.238599
A[3]= 1.997206
A[4]= 1.859224
A[5]= 0.679651
A[6]= 3.247132
A[7]= 1.926237
A[8]= -0.443633
A[9]= 1.220858
A[10]= 3.710110
chi2_min= 67.361670


Cross-Covariance parameters
1.000000	-0.477517	-0.801976	0.896527	-0.544033	0.649702	0.662597	0.907729	-0.272874	0.551320	0.655692	
-0.477517	1.000000	0.744162	-0.309691	0.139441	-0.153134	-0.154659	-0.340306	0.089931	-0.096045	-0.177515	
-0.801976	0.744162	1.000000	-0.798069	0.284326	-0.283550	-0.178802	-0.794692	0.096812	-0.228840	-0.211664	
0.896527	-0.309691	-0.798069	1.000000	-0.399978	0.369436	0.376580	0.915856	-0.173242	0.420676	0.423526	
-0.544033	0.139441	0.284326	-0.399978	1.000000	-0.851199	-0.659051	-0.466015	0.222314	-0.403145	-0.494596	
0.649702	-0.153134	-0.283550	0.369436	-0.851199	1.000000	0.856177	0.515492	-0.296186	0.526340	0.674752	
0.662597	-0.154659	-0.178802	0.376580	-0.659051	0.856177	1.000000	0.454689	-0.347939	0.610938	0.854064	
0.907729	-0.340306	-0.794692	0.915856	-0.466015	0.515492	0.454689	1.000000	-0.077979	0.293254	0.400260	
-0.272874	0.089931	0.096812	-0.173242	0.222314	-0.296186	-0.347939	-0.077979	1.000000	-0.854036	-0.585735	
0.551320	-0.096045	-0.228840	0.420676	-0.403145	0.526340	0.610938	0.293254	-0.854036	1.000000	0.835487	
0.655692	-0.177515	-0.211664	0.423526	-0.494596	0.674752	0.854064	0.400260	-0.585735	0.835487	1.000000	

Time taken for mcmc chain: 6.760185 days
