Number of steps: 919710
Number of accepted steps: 344921
Burn-in number of steps: 12000
Accepted fraction of steps: 0.375032
Convergence Status
R[0]= 1.000370	R[1]= 1.000337	R[2]= 1.000021	R[3]= 1.000439	R[4]= 1.004842	R[5]= 1.004690	R[6]= 1.001534	R[7]= 1.002296	R[8]= 1.002480	R[9]= 1.002212	R[10]= 1.001501	
<R>= 1.001884

Mean parameters
A[0]= 1.006537 pm 0.037673
A[1]= 1.002735 pm 0.020103
A[2]= 0.849271 pm 0.089641
A[3]= 2.193624 pm 0.048849
A[4]= 0.275414 pm 0.891580
A[5]= 1.103825 pm 0.170657
A[6]= 3.972446 pm 0.326677
A[7]= 2.102154 pm 0.061539
A[8]= -1.415319 pm 1.046261
A[9]= 1.495503 pm 0.291419
A[10]= 4.228567 pm 0.579070

Best-fitting parameters
A[0]= 1.011727
A[1]= 0.998755
A[2]= 0.823891
A[3]= 2.214766
A[4]= 0.484060
A[5]= 1.031242
A[6]= 3.882188
A[7]= 2.125813
A[8]= -1.231689
A[9]= 1.403839
A[10]= 4.085888
chi2_min= 81.567430


Cross-Covariance parameters
1.000000	-0.534415	-0.685255	0.742889	-0.132676	0.249636	0.343156	0.555532	-0.108500	0.205743	0.301996	
-0.534415	1.000000	0.706138	-0.162716	0.047797	0.025817	-0.102135	-0.121057	0.043536	0.001161	-0.126448	
-0.685255	0.706138	1.000000	-0.674365	-0.161200	0.204655	0.306457	-0.593227	-0.200380	0.199836	0.248292	
0.742889	-0.162716	-0.674365	1.000000	0.293556	-0.233106	-0.199177	0.694658	0.119282	-0.030312	-0.099975	
-0.132676	0.047797	-0.161200	0.293556	1.000000	-0.935458	-0.655438	0.118106	0.193818	-0.224392	-0.343983	
0.249636	0.025817	0.204655	-0.233106	-0.935458	1.000000	0.794810	-0.065916	-0.255982	0.318746	0.456692	
0.343156	-0.102135	0.306457	-0.199177	-0.655438	0.794810	1.000000	-0.192882	-0.406538	0.478250	0.713023	
0.555532	-0.121057	-0.593227	0.694658	0.118106	-0.065916	-0.192882	1.000000	0.599138	-0.549372	-0.436998	
-0.108500	0.043536	-0.200380	0.119282	0.193818	-0.255982	-0.406538	0.599138	1.000000	-0.970266	-0.775660	
0.205743	0.001161	0.199836	-0.030312	-0.224392	0.318746	0.478250	-0.549372	-0.970266	1.000000	0.846853	
0.301996	-0.126448	0.248292	-0.099975	-0.343983	0.456692	0.713023	-0.436998	-0.775660	0.846853	1.000000	

Time taken for mcmc chain: 8.224167 hours
