Number of steps: 1905150
Number of accepted steps: 303203
Burn-in number of steps: 12000
Accepted fraction of steps: 0.159149
Convergence Status
R[0]= 1.000878	R[1]= 1.000575	R[2]= 1.000263	R[3]= 1.000280	R[4]= 1.000504	R[5]= 1.000922	R[6]= 1.000656	R[7]= 1.002061	R[8]= 1.001743	R[9]= 1.001930	R[10]= 1.000550	
<R>= 1.000942

Mean parameters
A[0]= 1.059130 pm 0.076099
A[1]= 0.977177 pm 0.033632
A[2]= 0.715820 pm 0.143237
A[3]= 2.275736 pm 0.078413
A[4]= -1.396162 pm 1.167954
A[5]= 1.710222 pm 0.476847
A[6]= 4.720451 pm 0.969428
A[7]= 2.275624 pm 0.087399
A[8]= 0.603301 pm 1.620314
A[9]= 1.260569 pm 0.368803
A[10]= 4.570834 pm 0.724505

Best-fitting parameters
A[0]= 1.047570
A[1]= 0.971624
A[2]= 0.734549
A[3]= 2.246934
A[4]= -1.643608
A[5]= 1.746250
A[6]= 4.717860
A[7]= 2.271327
A[8]= 0.761761
A[9]= 1.090370
A[10]= 4.395478
chi2_min= 64.110270


Cross-Covariance parameters
1.000000	-0.489046	-0.599356	0.704127	-0.339315	0.492989	0.644967	0.745366	-0.120985	0.310327	0.594635	
-0.489046	1.000000	0.695680	-0.110504	0.037105	-0.019580	-0.224478	-0.119587	-0.004479	0.033089	-0.189611	
-0.599356	0.695680	1.000000	-0.611544	-0.161121	0.126375	0.086511	-0.542041	-0.032864	0.087982	0.091647	
0.704127	-0.110504	-0.611544	1.000000	0.199771	-0.055146	0.068034	0.769534	-0.049348	0.141447	0.159014	
-0.339315	0.037105	-0.161121	0.199771	1.000000	-0.955342	-0.757090	-0.139656	0.100817	-0.260907	-0.487225	
0.492989	-0.019580	0.126375	-0.055146	-0.955342	1.000000	0.864442	0.278913	-0.130412	0.337847	0.601951	
0.644967	-0.224478	0.086511	0.068034	-0.757090	0.864442	1.000000	0.283933	-0.158036	0.399460	0.790655	
0.745366	-0.119587	-0.542041	0.769534	-0.139656	0.278913	0.283933	1.000000	0.002399	-0.028717	0.175397	
-0.120985	-0.004479	-0.032864	-0.049348	0.100817	-0.130412	-0.158036	0.002399	1.000000	-0.817500	-0.462252	
0.310327	0.033089	0.087982	0.141447	-0.260907	0.337847	0.399460	-0.028717	-0.817500	1.000000	0.742617	
0.594635	-0.189611	0.091647	0.159014	-0.487225	0.601951	0.790655	0.175397	-0.462252	0.742617	1.000000	

Time taken for mcmc chain: 21.447500 hours
