Number of steps: 1729677
Number of accepted steps: 359887
Burn-in number of steps: 12000
Accepted fraction of steps: 0.208066
Convergence Status
R[0]= 1.001672	R[1]= 1.001934	R[2]= 1.001236	R[3]= 1.000671	R[4]= 1.007641	R[5]= 1.004420	R[6]= 1.002317	R[7]= 1.001635	R[8]= 1.002624	R[9]= 1.001460	R[10]= 1.001178	
<R>= 1.002435

Mean parameters
A[0]= 1.153372 pm 0.101859
A[1]= 0.890843 pm 0.031887
A[2]= 0.561376 pm 0.146664
A[3]= 2.235395 pm 0.091568
A[4]= -2.138252 pm 0.638588
A[5]= 2.010383 pm 0.331124
A[6]= 6.388033 pm 1.247519
A[7]= 2.253448 pm 0.096555
A[8]= 0.180437 pm 1.465882
A[9]= 1.305329 pm 0.374700
A[10]= 4.957458 pm 0.931382

Best-fitting parameters
A[0]= 1.125055
A[1]= 0.886028
A[2]= 0.560590
A[3]= 2.199717
A[4]= -2.219054
A[5]= 1.986714
A[6]= 6.089471
A[7]= 2.221864
A[8]= -0.576730
A[9]= 1.376857
A[10]= 4.816232
chi2_min= 62.426880


Cross-Covariance parameters
1.000000	-0.488970	-0.642247	0.897136	-0.300945	0.581102	0.759937	0.814798	-0.168714	0.407983	0.688163	
-0.488970	1.000000	0.677731	-0.226305	-0.113931	0.086448	-0.308612	-0.153013	0.029986	-0.007671	-0.264772	
-0.642247	0.677731	1.000000	-0.623429	-0.174705	0.020385	-0.118219	-0.587175	0.017052	-0.019747	-0.075485	
0.897136	-0.226305	-0.623429	1.000000	-0.141463	0.451432	0.545883	0.866522	-0.145019	0.369615	0.520502	
-0.300945	-0.113931	-0.174705	-0.141463	1.000000	-0.912841	-0.678459	-0.232142	0.086305	-0.253249	-0.408515	
0.581102	0.086448	0.020385	0.451432	-0.912841	1.000000	0.834427	0.505822	-0.146744	0.395788	0.596908	
0.759937	-0.308612	-0.118219	0.545883	-0.678459	0.834427	1.000000	0.494084	-0.180240	0.440923	0.797568	
0.814798	-0.153013	-0.587175	0.866522	-0.232142	0.505822	0.494084	1.000000	-0.032191	0.151112	0.368957	
-0.168714	0.029986	0.017052	-0.145019	0.086305	-0.146744	-0.180240	-0.032191	1.000000	-0.852065	-0.508523	
0.407983	-0.007671	-0.019747	0.369615	-0.253249	0.395788	0.440923	0.151112	-0.852065	1.000000	0.775562	
0.688163	-0.264772	-0.075485	0.520502	-0.408515	0.596908	0.797568	0.368957	-0.508523	0.775562	1.000000	

Time taken for mcmc chain: 1.183738 days
