Number of steps: 1021843
Number of accepted steps: 364745
Burn-in number of steps: 12000
Accepted fraction of steps: 0.356948
Convergence Status
R[0]= 1.004796	R[1]= 1.005577	R[2]= 1.005330	R[3]= 1.002674	R[4]= 1.000085	R[5]= 1.000856	R[6]= 1.002817	R[7]= 1.001412	R[8]= 1.010041	R[9]= 1.005294	R[10]= 1.006270	
<R>= 1.004105

Mean parameters
A[0]= 0.937064 pm 0.067861
A[1]= 1.086314 pm 0.051500
A[2]= 1.209788 pm 0.218203
A[3]= 2.183435 pm 0.090049
A[4]= -1.281974 pm 1.099846
A[5]= 1.718531 pm 0.439175
A[6]= 4.749073 pm 0.719491
A[7]= 2.188576 pm 0.096639
A[8]= -1.415918 pm 1.509453
A[9]= 1.809596 pm 0.515974
A[10]= 4.853385 pm 0.773278

Best-fitting parameters
A[0]= 0.936282
A[1]= 1.074201
A[2]= 1.178653
A[3]= 2.186744
A[4]= -1.438181
A[5]= 1.692193
A[6]= 4.683359
A[7]= 2.166102
A[8]= -2.124450
A[9]= 1.992366
A[10]= 4.870144
chi2_min= 74.904340


Cross-Covariance parameters
1.000000	-0.581205	-0.662752	0.769352	-0.349681	0.415466	0.422203	0.733164	-0.242315	0.334811	0.413610	
-0.581205	1.000000	0.830068	-0.312498	0.110747	0.003238	-0.041433	-0.282098	0.099411	-0.011747	-0.066122	
-0.662752	0.830068	1.000000	-0.678074	-0.093718	0.174961	0.259426	-0.608797	-0.020546	0.099375	0.208145	
0.769352	-0.312498	-0.678074	1.000000	0.137928	-0.076415	-0.098949	0.817449	-0.045131	0.099743	-0.008985	
-0.349681	0.110747	-0.093718	0.137928	1.000000	-0.951989	-0.784632	-0.054197	0.257617	-0.355238	-0.540085	
0.415466	0.003238	0.174961	-0.076415	-0.951989	1.000000	0.884807	0.117367	-0.292275	0.433571	0.639018	
0.422203	-0.041433	0.259426	-0.098949	-0.784632	0.884807	1.000000	0.016654	-0.348429	0.501652	0.796664	
0.733164	-0.282098	-0.608797	0.817449	-0.054197	0.117367	0.016654	1.000000	0.182107	-0.162424	-0.094820	
-0.242315	0.099411	-0.020546	-0.045131	0.257617	-0.292275	-0.348429	0.182107	1.000000	-0.920326	-0.663134	
0.334811	-0.011747	0.099375	0.099743	-0.355238	0.433571	0.501652	-0.162424	-0.920326	1.000000	0.815575	
0.413610	-0.066122	0.208145	-0.008985	-0.540085	0.639018	0.796664	-0.094820	-0.663134	0.815575	1.000000	

Time taken for mcmc chain: 14.740556 hours
