Number of steps: 1654900
Number of accepted steps: 310654
Burn-in number of steps: 12000
Accepted fraction of steps: 0.187718
Convergence Status
R[0]= 1.001667	R[1]= 1.000485	R[2]= 1.001872	R[3]= 1.002894	R[4]= 1.003014	R[5]= 1.002789	R[6]= 1.002536	R[7]= 1.001633	R[8]= 1.003424	R[9]= 1.002286	R[10]= 1.001501	
<R>= 1.002191

Mean parameters
A[0]= 0.956252 pm 0.051368
A[1]= 1.017896 pm 0.028819
A[2]= 0.961485 pm 0.121342
A[3]= 2.089326 pm 0.062151
A[4]= -0.504002 pm 1.105718
A[5]= 1.286080 pm 0.244366
A[6]= 4.151313 pm 0.463358
A[7]= 2.041040 pm 0.065879
A[8]= -1.292389 pm 1.107856
A[9]= 1.434562 pm 0.273976
A[10]= 4.549212 pm 0.591432

Best-fitting parameters
A[0]= 0.961105
A[1]= 1.011721
A[2]= 0.978435
A[3]= 2.074796
A[4]= -1.099080
A[5]= 1.389524
A[6]= 4.368893
A[7]= 2.017353
A[8]= -2.144973
A[9]= 1.629216
A[10]= 4.847683
chi2_min= 52.659880


Cross-Covariance parameters
1.000000	-0.615924	-0.733893	0.749243	-0.308050	0.402739	0.453815	0.703760	-0.246548	0.354363	0.454749	
-0.615924	1.000000	0.794619	-0.294336	0.120562	-0.054677	-0.171621	-0.277422	0.113827	-0.053010	-0.203825	
-0.733893	0.794619	1.000000	-0.720379	-0.090701	0.110230	0.140375	-0.649224	-0.030421	0.044554	0.066402	
0.749243	-0.294336	-0.720379	1.000000	0.216677	-0.138026	-0.126823	0.782807	-0.013236	0.103777	0.013463	
-0.308050	0.120562	-0.090701	0.216677	1.000000	-0.947726	-0.788469	-0.011853	0.275274	-0.349290	-0.510377	
0.402739	-0.054677	0.110230	-0.138026	-0.947726	1.000000	0.882069	0.092875	-0.320305	0.432306	0.600809	
0.453815	-0.171621	0.140375	-0.126823	-0.788469	0.882069	1.000000	0.015380	-0.402889	0.511936	0.768138	
0.703760	-0.277422	-0.649224	0.782807	-0.011853	0.092875	0.015380	1.000000	0.304913	-0.230048	-0.138565	
-0.246548	0.113827	-0.030421	-0.013236	0.275274	-0.320305	-0.402889	0.304913	1.000000	-0.946244	-0.744902	
0.354363	-0.053010	0.044554	0.103777	-0.349290	0.432306	0.511936	-0.230048	-0.946244	1.000000	0.844842	
0.454749	-0.203825	0.066402	0.013463	-0.510377	0.600809	0.768138	-0.138565	-0.744902	0.844842	1.000000	

Time taken for mcmc chain: 18.018611 hours
