Number of steps: 1215182
Number of accepted steps: 307138
Burn-in number of steps: 12000
Accepted fraction of steps: 0.252751
Convergence Status
R[0]= 1.004382	R[1]= 1.005584	R[2]= 1.003419	R[3]= 1.002238	R[4]= 1.000600	R[5]= 1.000555	R[6]= 1.001438	R[7]= 1.001984	R[8]= 1.000401	R[9]= 1.000299	R[10]= 1.001432	
<R>= 1.002030

Mean parameters
A[0]= 0.998656 pm 0.056876
A[1]= 0.988268 pm 0.029793
A[2]= 0.789767 pm 0.133151
A[3]= 2.239894 pm 0.073891
A[4]= -0.455337 pm 1.146263
A[5]= 1.303399 pm 0.369785
A[6]= 4.063209 pm 0.584057
A[7]= 2.219067 pm 0.080776
A[8]= -0.397195 pm 1.493481
A[9]= 1.371551 pm 0.430549
A[10]= 4.187573 pm 0.641318

Best-fitting parameters
A[0]= 0.984945
A[1]= 0.987980
A[2]= 0.794815
A[3]= 2.232566
A[4]= -0.607031
A[5]= 1.270332
A[6]= 3.944482
A[7]= 2.173737
A[8]= -1.435853
A[9]= 1.624200
A[10]= 4.257800
chi2_min= 35.919380


Cross-Covariance parameters
1.000000	-0.452256	-0.651743	0.723695	-0.180473	0.302958	0.395763	0.692757	-0.109787	0.213328	0.365937	
-0.452256	1.000000	0.680075	-0.078724	0.014272	0.029324	-0.075925	-0.110136	0.012122	0.050324	-0.080112	
-0.651743	0.680075	1.000000	-0.636083	-0.164737	0.177043	0.280696	-0.580033	-0.073043	0.113430	0.230524	
0.723695	-0.078724	-0.636083	1.000000	0.280705	-0.213278	-0.158470	0.739680	0.009911	0.057591	-0.029748	
-0.180473	0.014272	-0.164737	0.280705	1.000000	-0.948527	-0.698587	0.012153	0.114494	-0.183691	-0.361670	
0.302958	0.029324	0.177043	-0.213278	-0.948527	1.000000	0.818726	0.072258	-0.149934	0.250536	0.467305	
0.395763	-0.075925	0.280696	-0.158470	-0.698587	0.818726	1.000000	0.010514	-0.217056	0.343253	0.707579	
0.692757	-0.110136	-0.580033	0.739680	0.012153	0.072258	0.010514	1.000000	0.280689	-0.292393	-0.155897	
-0.109787	0.012122	-0.073043	0.009911	0.114494	-0.149934	-0.217056	0.280689	1.000000	-0.918951	-0.604992	
0.213328	0.050324	0.113430	0.057591	-0.183691	0.250536	0.343253	-0.292393	-0.918951	1.000000	0.754022	
0.365937	-0.080112	0.230524	-0.029748	-0.361670	0.467305	0.707579	-0.155897	-0.604992	0.754022	1.000000	

Time taken for mcmc chain: 11.869444 hours
