Number of steps: 1740234
Number of accepted steps: 305628
Burn-in number of steps: 12000
Accepted fraction of steps: 0.175625
Convergence Status
R[0]= 1.001313	R[1]= 1.000763	R[2]= 1.001115	R[3]= 1.002864	R[4]= 1.004350	R[5]= 1.002930	R[6]= 1.002830	R[7]= 1.002437	R[8]= 1.001206	R[9]= 1.002143	R[10]= 1.001808	
<R>= 1.002160

Mean parameters
A[0]= 0.912317 pm 0.058174
A[1]= 0.990499 pm 0.046586
A[2]= 0.954212 pm 0.184045
A[3]= 2.098073 pm 0.079061
A[4]= -0.510673 pm 1.132675
A[5]= 1.261997 pm 0.350265
A[6]= 3.984115 pm 0.568200
A[7]= 2.144405 pm 0.086998
A[8]= -0.566294 pm 1.785512
A[9]= 1.315749 pm 0.460557
A[10]= 4.126221 pm 0.657310

Best-fitting parameters
A[0]= 0.930038
A[1]= 0.974989
A[2]= 0.934128
A[3]= 2.089235
A[4]= -1.422994
A[5]= 1.525519
A[6]= 4.337331
A[7]= 2.119805
A[8]= -1.979363
A[9]= 1.689384
A[10]= 4.457124
chi2_min= 77.388200


Cross-Covariance parameters
1.000000	-0.581153	-0.732677	0.721563	-0.192094	0.240559	0.254202	0.680721	-0.105118	0.159403	0.247094	
-0.581153	1.000000	0.805346	-0.169494	0.033238	0.079914	-0.011520	-0.152561	0.011308	0.065028	-0.041534	
-0.732677	0.805346	1.000000	-0.625051	-0.139439	0.218998	0.311682	-0.562452	-0.088682	0.165338	0.248036	
0.721563	-0.169494	-0.625051	1.000000	0.260816	-0.223409	-0.265330	0.787571	0.031399	-0.011977	-0.145164	
-0.192094	0.033238	-0.139439	0.260816	1.000000	-0.944186	-0.725834	0.032666	0.166777	-0.240782	-0.418771	
0.240559	0.079914	0.218998	-0.223409	-0.944186	1.000000	0.828140	0.019741	-0.192832	0.309933	0.504503	
0.254202	-0.011520	0.311682	-0.265330	-0.725834	0.828140	1.000000	-0.123648	-0.266614	0.401682	0.724943	
0.680721	-0.152561	-0.562452	0.787571	0.032666	0.019741	-0.123648	1.000000	0.219893	-0.305661	-0.259554	
-0.105118	0.011308	-0.088682	0.031399	0.166777	-0.192832	-0.266614	0.219893	1.000000	-0.877772	-0.629153	
0.159403	0.065028	0.165338	-0.011977	-0.240782	0.309933	0.401682	-0.305661	-0.877772	1.000000	0.792629	
0.247094	-0.041534	0.248036	-0.145164	-0.418771	0.504503	0.724943	-0.259554	-0.629153	0.792629	1.000000	

Time taken for mcmc chain: 20.567500 hours
