Number of steps: 1135667
Number of accepted steps: 315449
Burn-in number of steps: 12000
Accepted fraction of steps: 0.277765
Convergence Status
R[0]= 1.002186	R[1]= 1.001220	R[2]= 1.000160	R[3]= 1.001299	R[4]= 1.003340	R[5]= 1.002625	R[6]= 1.002120	R[7]= 1.000823	R[8]= 1.001807	R[9]= 1.002637	R[10]= 1.001967	
<R>= 1.001835

Mean parameters
A[0]= 1.062631 pm 0.049131
A[1]= 0.949236 pm 0.022481
A[2]= 0.670128 pm 0.088798
A[3]= 2.184241 pm 0.050140
A[4]= -0.296710 pm 1.064799
A[5]= 1.230169 pm 0.242457
A[6]= 4.211329 pm 0.561303
A[7]= 2.094752 pm 0.055619
A[8]= -2.052302 pm 0.777658
A[9]= 1.663406 pm 0.249583
A[10]= 5.117920 pm 0.832815

Best-fitting parameters
A[0]= 1.053112
A[1]= 0.950592
A[2]= 0.681599
A[3]= 2.181588
A[4]= -0.664907
A[5]= 1.261911
A[6]= 4.196871
A[7]= 2.080853
A[8]= -2.370116
A[9]= 1.735722
A[10]= 5.133441
chi2_min= 53.970730


Cross-Covariance parameters
1.000000	-0.531038	-0.616527	0.626838	-0.329189	0.459923	0.596181	0.631443	-0.228572	0.383000	0.563695	
-0.531038	1.000000	0.691291	-0.065977	0.101330	-0.057439	-0.259057	-0.104973	0.054833	-0.008045	-0.280897	
-0.616527	0.691291	1.000000	-0.607995	-0.144248	0.146176	0.120436	-0.530168	-0.136665	0.110146	0.053732	
0.626838	-0.065977	-0.607995	1.000000	0.286616	-0.181786	-0.108298	0.694929	0.033267	0.108727	0.037617	
-0.329189	0.101330	-0.144248	0.286616	1.000000	-0.950006	-0.772092	-0.041227	0.268195	-0.333240	-0.469857	
0.459923	-0.057439	0.146176	-0.181786	-0.950006	1.000000	0.876380	0.148632	-0.316843	0.423607	0.568372	
0.596181	-0.259057	0.120436	-0.108298	-0.772092	0.876380	1.000000	0.126103	-0.397423	0.503319	0.754145	
0.631443	-0.104973	-0.530168	0.694929	-0.041227	0.148632	0.126103	1.000000	0.378758	-0.229229	-0.074618	
-0.228572	0.054833	-0.136665	0.033267	0.268195	-0.316843	-0.397423	0.378758	1.000000	-0.962159	-0.765447	
0.383000	-0.008045	0.110146	0.108727	-0.333240	0.423607	0.503319	-0.229229	-0.962159	1.000000	0.840136	
0.563695	-0.280897	0.053732	0.037617	-0.469857	0.568372	0.754145	-0.074618	-0.765447	0.840136	1.000000	

Time taken for mcmc chain: 14.180833 hours
