Number of steps: 3862322
Number of accepted steps: 310427
Burn-in number of steps: 12000
Accepted fraction of steps: 0.080373
Convergence Status
R[0]= 1.000882	R[1]= 1.000137	R[2]= 1.000649	R[3]= 1.001123	R[4]= 1.003283	R[5]= 1.004755	R[6]= 1.005264	R[7]= 1.002929	R[8]= 1.000329	R[9]= 1.001530	R[10]= 1.003303	
<R>= 1.002199

Mean parameters
A[0]= 1.130172 pm 0.091248
A[1]= 0.936908 pm 0.043746
A[2]= 0.437206 pm 0.168481
A[3]= 2.389422 pm 0.084954
A[4]= 0.098824 pm 1.378311
A[5]= 1.184621 pm 0.414400
A[6]= 4.009122 pm 0.762840
A[7]= 2.358842 pm 0.097837
A[8]= -0.580886 pm 2.344083
A[9]= 1.543283 pm 0.669216
A[10]= 4.238347 pm 1.126866

Best-fitting parameters
A[0]= 1.092810
A[1]= 0.940699
A[2]= 0.523556
A[3]= 2.350562
A[4]= -0.437891
A[5]= 1.225593
A[6]= 4.035149
A[7]= 2.278430
A[8]= -2.539145
A[9]= 2.067657
A[10]= 4.787589
chi2_min= 56.243170


Cross-Covariance parameters
1.000000	-0.607068	-0.791518	0.728756	-0.199429	0.322139	0.559444	0.649541	-0.094852	0.203719	0.485497	
-0.607068	1.000000	0.778744	-0.102835	0.047520	-0.031402	-0.300041	-0.137917	-0.055278	0.060243	-0.239465	
-0.791518	0.778744	1.000000	-0.590168	-0.014611	0.007310	-0.094572	-0.554615	-0.081391	0.071763	-0.074000	
0.728756	-0.102835	-0.590168	1.000000	0.132152	-0.063302	0.072770	0.734813	-0.051918	0.137090	0.169017	
-0.199429	0.047520	-0.014611	0.132152	1.000000	-0.928507	-0.620909	-0.072335	0.098111	-0.157018	-0.278733	
0.322139	-0.031402	0.007310	-0.063302	-0.928507	1.000000	0.775320	0.154686	-0.145461	0.238647	0.404838	
0.559444	-0.300041	-0.094572	0.072770	-0.620909	0.775320	1.000000	0.154158	-0.200345	0.330351	0.683406	
0.649541	-0.137917	-0.554615	0.734813	-0.072335	0.154686	0.154158	1.000000	0.245976	-0.300291	-0.081971	
-0.094852	-0.055278	-0.081391	-0.051918	0.098111	-0.145461	-0.200345	0.245976	1.000000	-0.890382	-0.609540	
0.203719	0.060243	0.071763	0.137090	-0.157018	0.238647	0.330351	-0.300291	-0.890382	1.000000	0.778976	
0.485497	-0.239465	-0.074000	0.169017	-0.278733	0.404838	0.683406	-0.081971	-0.609540	0.778976	1.000000	

Time taken for mcmc chain: 2.153611 days
