Number of steps: 887561
Number of accepted steps: 306860
Burn-in number of steps: 12000
Accepted fraction of steps: 0.345734
Convergence Status
R[0]= 1.002855	R[1]= 1.001305	R[2]= 1.001593	R[3]= 1.000610	R[4]= 1.000775	R[5]= 1.000623	R[6]= 1.002005	R[7]= 1.000231	R[8]= 1.000370	R[9]= 1.000792	R[10]= 1.000960	
<R>= 1.001102

Mean parameters
A[0]= 0.991327 pm 0.060822
A[1]= 0.990157 pm 0.027453
A[2]= 0.686831 pm 0.132249
A[3]= 2.291832 pm 0.079672
A[4]= 0.122229 pm 1.070700
A[5]= 1.048906 pm 0.314149
A[6]= 3.393752 pm 0.447486
A[7]= 2.291977 pm 0.087081
A[8]= 0.198808 pm 1.232869
A[9]= 1.021798 pm 0.345840
A[10]= 3.227405 pm 0.477405

Best-fitting parameters
A[0]= 0.963374
A[1]= 0.995614
A[2]= 0.730615
A[3]= 2.274995
A[4]= -0.017576
A[5]= 0.997597
A[6]= 3.298336
A[7]= 2.293761
A[8]= 0.874951
A[9]= 0.777997
A[10]= 3.196612
chi2_min= 71.301660


Cross-Covariance parameters
1.000000	-0.459427	-0.769914	0.802083	-0.107003	0.239096	0.255691	0.756113	-0.032076	0.152339	0.202881	
-0.459427	1.000000	0.665126	-0.118986	0.017285	0.002888	-0.047707	-0.107083	0.041190	-0.015526	-0.039623	
-0.769914	0.665126	1.000000	-0.704363	-0.073679	0.060065	0.274398	-0.650290	-0.051211	0.050043	0.284517	
0.802083	-0.118986	-0.704363	1.000000	0.228041	-0.168717	-0.161960	0.792636	0.040680	0.043108	-0.092657	
-0.107003	0.017285	-0.073679	0.228041	1.000000	-0.936921	-0.547425	0.000144	0.060897	-0.102752	-0.234870	
0.239096	0.002888	0.060065	-0.168717	-0.936921	1.000000	0.697623	0.094585	-0.082051	0.158677	0.352105	
0.255691	-0.047707	0.274398	-0.161960	-0.547425	0.697623	1.000000	-0.043543	-0.152636	0.281494	0.720336	
0.756113	-0.107083	-0.650290	0.792636	0.000144	0.094585	-0.043543	1.000000	0.284290	-0.289745	-0.179688	
-0.032076	0.041190	-0.051211	0.040680	0.060897	-0.082051	-0.152636	0.284290	1.000000	-0.916993	-0.419916	
0.152339	-0.015526	0.050043	0.043108	-0.102752	0.158677	0.281494	-0.289745	-0.916993	1.000000	0.587209	
0.202881	-0.039623	0.284517	-0.092657	-0.234870	0.352105	0.720336	-0.179688	-0.419916	0.587209	1.000000	

Time taken for mcmc chain: 8.443889 hours
