Number of steps: 2609095
Number of accepted steps: 362355
Burn-in number of steps: 12000
Accepted fraction of steps: 0.138881
Convergence Status
R[0]= 1.000862	R[1]= 1.000210	R[2]= 1.000882	R[3]= 1.000950	R[4]= 1.004487	R[5]= 1.003139	R[6]= 1.002007	R[7]= 1.000198	R[8]= 1.003655	R[9]= 1.003108	R[10]= 1.001756	
<R>= 1.001932

Mean parameters
A[0]= 1.032135 pm 0.104577
A[1]= 1.035618 pm 0.029893
A[2]= 1.031833 pm 0.154117
A[3]= 2.278055 pm 0.106248
A[4]= -1.621920 pm 1.061288
A[5]= 1.911179 pm 0.506952
A[6]= 5.422206 pm 1.109348
A[7]= 2.280846 pm 0.114561
A[8]= -0.986906 pm 1.530981
A[9]= 1.769140 pm 0.555908
A[10]= 5.359785 pm 1.134833

Best-fitting parameters
A[0]= 0.996139
A[1]= 1.034530
A[2]= 1.041700
A[3]= 2.248022
A[4]= -1.631263
A[5]= 1.802475
A[6]= 5.064644
A[7]= 2.252493
A[8]= -0.915078
A[9]= 1.569334
A[10]= 4.895904
chi2_min= 74.132200


Cross-Covariance parameters
1.000000	-0.496165	-0.587313	0.891392	-0.524244	0.718167	0.811535	0.862041	-0.353404	0.588810	0.762392	
-0.496165	1.000000	0.691286	-0.328291	0.168151	-0.178617	-0.310337	-0.312925	0.139429	-0.157338	-0.297817	
-0.587313	0.691286	1.000000	-0.676255	0.017353	-0.091345	-0.096101	-0.645729	-0.003805	-0.051959	-0.081006	
0.891392	-0.328291	-0.676255	1.000000	-0.230305	0.438480	0.537825	0.885989	-0.236396	0.444035	0.540228	
-0.524244	0.168151	0.017353	-0.230305	1.000000	-0.940167	-0.763527	-0.357590	0.287716	-0.440272	-0.566865	
0.718167	-0.178617	-0.091345	0.438480	-0.940167	1.000000	0.905438	0.540114	-0.357311	0.568222	0.727177	
0.811535	-0.310337	-0.096101	0.537825	-0.763527	0.905438	1.000000	0.562178	-0.428336	0.657660	0.873118	
0.862041	-0.312925	-0.645729	0.885989	-0.357590	0.540114	0.562178	1.000000	-0.067427	0.257844	0.454564	
-0.353404	0.139429	-0.003805	-0.236396	0.287716	-0.357311	-0.428336	-0.067427	1.000000	-0.905754	-0.673638	
0.588810	-0.157338	-0.051959	0.444035	-0.440272	0.568222	0.657660	0.257844	-0.905754	1.000000	0.873125	
0.762392	-0.297817	-0.081006	0.540228	-0.566865	0.727177	0.873118	0.454564	-0.673638	0.873125	1.000000	

Time taken for mcmc chain: 1.371586 days
