Number of steps: 2543601
Number of accepted steps: 310784
Burn-in number of steps: 12000
Accepted fraction of steps: 0.122183
Convergence Status
R[0]= 1.003970	R[1]= 1.002965	R[2]= 1.002191	R[3]= 1.003220	R[4]= 1.000870	R[5]= 1.001381	R[6]= 1.001508	R[7]= 1.002643	R[8]= 1.010864	R[9]= 1.006507	R[10]= 1.003294	
<R>= 1.003583

Mean parameters
A[0]= 1.003048 pm 0.049016
A[1]= 0.971759 pm 0.022003
A[2]= 0.913098 pm 0.092397
A[3]= 2.068979 pm 0.054108
A[4]= -1.561310 pm 0.610469
A[5]= 1.519354 pm 0.196231
A[6]= 4.975034 pm 0.621281
A[7]= 2.023272 pm 0.075865
A[8]= 2.077924 pm 2.556200
A[9]= 1.219055 pm 0.249466
A[10]= 4.604093 pm 0.555031

Best-fitting parameters
A[0]= 1.001268
A[1]= 0.978267
A[2]= 0.906131
A[3]= 2.078704
A[4]= -1.498963
A[5]= 1.501955
A[6]= 4.786160
A[7]= 2.041928
A[8]= 3.782813
A[9]= 1.049803
A[10]= 4.341282
chi2_min= 60.560880


Cross-Covariance parameters
1.000000	-0.474839	-0.556987	0.722169	-0.371085	0.555397	0.625173	0.584758	-0.141430	0.318344	0.546609	
-0.474839	1.000000	0.587709	-0.063525	0.172873	-0.091847	-0.333093	-0.011492	-0.102693	0.040305	-0.239891	
-0.556987	0.587709	1.000000	-0.651272	-0.208346	0.159340	0.156086	-0.587947	0.150825	0.141312	0.181081	
0.722169	-0.063525	-0.651272	1.000000	0.198710	0.028278	0.021528	0.763670	-0.258535	0.145569	0.089284	
-0.371085	0.172873	-0.208346	0.198710	1.000000	-0.947472	-0.817975	0.063144	-0.054540	-0.298934	-0.556102	
0.555397	-0.091847	0.159340	0.028278	-0.947472	1.000000	0.885309	0.115688	-0.011987	0.389817	0.646462	
0.625173	-0.333093	0.156086	0.021528	-0.817975	0.885309	1.000000	0.002650	0.060709	0.407878	0.785679	
0.584758	-0.011492	-0.587947	0.763670	0.063144	0.115688	0.002650	1.000000	-0.432141	-0.120320	-0.116865	
-0.141430	-0.102693	0.150825	-0.258535	-0.054540	-0.011987	0.060709	-0.432141	1.000000	-0.519993	-0.182605	
0.318344	0.040305	0.141312	0.145569	-0.298934	0.389817	0.407878	-0.120320	-0.519993	1.000000	0.786467	
0.546609	-0.239891	0.181081	0.089284	-0.556102	0.646462	0.785679	-0.116865	-0.182605	0.786467	1.000000	

Time taken for mcmc chain: 1.047650 days
