Number of steps: 775330
Number of accepted steps: 301953
Burn-in number of steps: 12000
Accepted fraction of steps: 0.389451
Convergence Status
R[0]= 1.000355	R[1]= 1.000218	R[2]= 1.000280	R[3]= 1.000344	R[4]= 1.002168	R[5]= 1.002449	R[6]= 1.002104	R[7]= 1.000103	R[8]= 1.001156	R[9]= 1.000479	R[10]= 1.000940	
<R>= 1.000963

Mean parameters
A[0]= 1.063444 pm 0.044809
A[1]= 0.941154 pm 0.021683
A[2]= 0.751921 pm 0.085895
A[3]= 2.148341 pm 0.047663
A[4]= -0.769395 pm 0.706825
A[5]= 1.306505 pm 0.187201
A[6]= 4.576785 pm 0.499531
A[7]= 2.082958 pm 0.053957
A[8]= -1.300734 pm 0.866806
A[9]= 1.460026 pm 0.228464
A[10]= 5.100781 pm 0.643708

Best-fitting parameters
A[0]= 1.059944
A[1]= 0.939702
A[2]= 0.740872
A[3]= 2.149211
A[4]= -0.865723
A[5]= 1.303202
A[6]= 4.517449
A[7]= 2.079657
A[8]= -1.331187
A[9]= 1.439883
A[10]= 4.947083
chi2_min= 62.338430


Cross-Covariance parameters
1.000000	-0.517351	-0.616002	0.659039	-0.286096	0.434021	0.571923	0.643757	-0.155495	0.290822	0.496745	
-0.517351	1.000000	0.669971	-0.032988	0.128354	-0.045694	-0.282662	-0.093202	0.031135	0.043006	-0.242893	
-0.616002	0.669971	1.000000	-0.595159	-0.161577	0.164151	0.134187	-0.549610	-0.154316	0.162897	0.114882	
0.659039	-0.032988	-0.595159	1.000000	0.301017	-0.138516	-0.084471	0.725287	0.047372	0.087036	0.025364	
-0.286096	0.128354	-0.161577	0.301017	1.000000	-0.950873	-0.771063	-0.004644	0.205585	-0.261733	-0.435519	
0.434021	-0.045694	0.164151	-0.138516	-0.950873	1.000000	0.859753	0.138900	-0.252422	0.361359	0.531543	
0.571923	-0.282662	0.134187	-0.084471	-0.771063	0.859753	1.000000	0.089705	-0.328605	0.432696	0.724376	
0.643757	-0.093202	-0.549610	0.725287	-0.004644	0.138900	0.089705	1.000000	0.384860	-0.273368	-0.132683	
-0.155495	0.031135	-0.154316	0.047372	0.205585	-0.252422	-0.328605	0.384860	1.000000	-0.955249	-0.744184	
0.290822	0.043006	0.162897	0.087036	-0.261733	0.361359	0.432696	-0.273368	-0.955249	1.000000	0.827656	
0.496745	-0.242893	0.114882	0.025364	-0.435519	0.531543	0.724376	-0.132683	-0.744184	0.827656	1.000000	

Time taken for mcmc chain: 9.787500 hours
