Number of steps: 1542203
Number of accepted steps: 312568
Burn-in number of steps: 12000
Accepted fraction of steps: 0.202676
Convergence Status
R[0]= 1.001171	R[1]= 1.000653	R[2]= 1.002561	R[3]= 1.000534	R[4]= 1.001608	R[5]= 1.002862	R[6]= 1.003841	R[7]= 1.001453	R[8]= 1.007370	R[9]= 1.016820	R[10]= 1.012850	
<R>= 1.004702

Mean parameters
A[0]= 0.972547 pm 0.046634
A[1]= 0.987472 pm 0.026988
A[2]= 0.803013 pm 0.103315
A[3]= 2.093975 pm 0.056195
A[4]= -1.092370 pm 0.808931
A[5]= 1.375945 pm 0.223381
A[6]= 4.103149 pm 0.501285
A[7]= 2.087335 pm 0.063566
A[8]= 1.225544 pm 1.823803
A[9]= 1.026757 pm 0.235432
A[10]= 3.726853 pm 0.408060

Best-fitting parameters
A[0]= 0.965071
A[1]= 0.985775
A[2]= 0.805588
A[3]= 2.082107
A[4]= -1.132695
A[5]= 1.354249
A[6]= 4.000188
A[7]= 2.097612
A[8]= 2.177703
A[9]= 0.834862
A[10]= 3.536660
chi2_min= 58.632580


Cross-Covariance parameters
1.000000	-0.529141	-0.696308	0.665932	-0.259820	0.397984	0.491749	0.680133	-0.133426	0.230329	0.417733	
-0.529141	1.000000	0.752973	-0.085796	0.108653	-0.022974	-0.212581	-0.113652	-0.055301	0.099760	-0.096076	
-0.696308	0.752973	1.000000	-0.608785	-0.137528	0.131347	0.110591	-0.553882	-0.012490	0.102663	0.158029	
0.665932	-0.085796	-0.608785	1.000000	0.376376	-0.212973	-0.172521	0.744697	-0.090754	0.093847	-0.032923	
-0.259820	0.108653	-0.137528	0.376376	1.000000	-0.956969	-0.792192	0.026261	0.091832	-0.223301	-0.492094	
0.397984	-0.022974	0.131347	-0.212973	-0.956969	1.000000	0.865308	0.118069	-0.141245	0.309595	0.585275	
0.491749	-0.212581	0.110591	-0.172521	-0.792192	0.865308	1.000000	0.052380	-0.134390	0.338079	0.748863	
0.680133	-0.113652	-0.553882	0.744697	0.026261	0.118069	0.052380	1.000000	-0.064185	-0.164357	-0.081779	
-0.133426	-0.055301	-0.012490	-0.090754	0.091832	-0.141245	-0.134390	-0.064185	1.000000	-0.774483	-0.454640	
0.230329	0.099760	0.102663	0.093847	-0.223301	0.309595	0.338079	-0.164357	-0.774483	1.000000	0.731471	
0.417733	-0.096076	0.158029	-0.032923	-0.492094	0.585275	0.748863	-0.081779	-0.454640	0.731471	1.000000	

Time taken for mcmc chain: 14.435000 hours
