Number of steps: 1212888
Number of accepted steps: 305491
Burn-in number of steps: 12000
Accepted fraction of steps: 0.251871
Convergence Status
R[0]= 1.001219	R[1]= 1.000577	R[2]= 1.000633	R[3]= 1.001397	R[4]= 1.004049	R[5]= 1.003324	R[6]= 1.001532	R[7]= 1.003108	R[8]= 1.012959	R[9]= 1.004712	R[10]= 1.001595	
<R>= 1.003191

Mean parameters
A[0]= 1.006035 pm 0.040077
A[1]= 0.995967 pm 0.021999
A[2]= 0.869645 pm 0.089015
A[3]= 2.168439 pm 0.049886
A[4]= -0.082597 pm 0.857202
A[5]= 1.173651 pm 0.183966
A[6]= 4.022297 pm 0.331159
A[7]= 2.097409 pm 0.065646
A[8]= 2.903826 pm 1.492210
A[9]= 1.064292 pm 0.136380
A[10]= 4.353099 pm 0.318021

Best-fitting parameters
A[0]= 1.012109
A[1]= 0.991245
A[2]= 0.835708
A[3]= 2.189415
A[4]= 0.247344
A[5]= 1.080849
A[6]= 3.885731
A[7]= 2.095422
A[8]= 3.668365
A[9]= 1.035558
A[10]= 4.297659
chi2_min= 66.299130


Cross-Covariance parameters
1.000000	-0.478630	-0.693812	0.743155	-0.201226	0.324402	0.431948	0.680669	-0.119164	0.139196	0.406928	
-0.478630	1.000000	0.730696	-0.095835	0.040911	0.054437	-0.105244	-0.076339	-0.040376	0.160597	-0.112056	
-0.693812	0.730696	1.000000	-0.620768	-0.104427	0.133983	0.183514	-0.525966	0.103903	0.188392	0.147910	
0.743155	-0.095835	-0.620768	1.000000	0.253057	-0.146720	-0.094989	0.735749	-0.191029	0.055608	0.036499	
-0.201226	0.040911	-0.104427	0.253057	1.000000	-0.944168	-0.689691	-0.036410	-0.043545	-0.133646	-0.342761	
0.324402	0.054437	0.133983	-0.146720	-0.944168	1.000000	0.806438	0.142927	0.021120	0.220970	0.455700	
0.431948	-0.105244	0.183514	-0.094989	-0.689691	0.806438	1.000000	0.073803	0.049254	0.314165	0.720941	
0.680669	-0.076339	-0.525966	0.735749	-0.036410	0.142927	0.073803	1.000000	-0.463843	-0.266873	-0.075131	
-0.119164	-0.040376	0.103903	-0.191029	-0.043545	0.021120	0.049254	-0.463843	1.000000	-0.120745	0.014028	
0.139196	0.160597	0.188392	0.055608	-0.133646	0.220970	0.314165	-0.266873	-0.120745	1.000000	0.682300	
0.406928	-0.112056	0.147910	0.036499	-0.342761	0.455700	0.720941	-0.075131	0.014028	0.682300	1.000000	

Time taken for mcmc chain: 11.055278 hours
