Number of steps: 746516
Number of accepted steps: 329514
Burn-in number of steps: 12000
Accepted fraction of steps: 0.441402
Convergence Status
R[0]= 1.003362	R[1]= 1.002112	R[2]= 1.001402	R[3]= 1.001510	R[4]= 1.004948	R[5]= 1.005633	R[6]= 1.008015	R[7]= 1.001446	R[8]= 1.005533	R[9]= 1.004394	R[10]= 1.004376	
<R>= 1.003885

Mean parameters
A[0]= 1.009223 pm 0.046263
A[1]= 1.019478 pm 0.020304
A[2]= 0.994588 pm 0.092728
A[3]= 2.160837 pm 0.054004
A[4]= -0.272856 pm 0.871673
A[5]= 1.290073 pm 0.198086
A[6]= 4.581114 pm 0.415013
A[7]= 2.062827 pm 0.056739
A[8]= -2.762351 pm 0.543100
A[9]= 1.961779 pm 0.199342
A[10]= 5.810149 pm 0.661834

Best-fitting parameters
A[0]= 0.993736
A[1]= 1.022602
A[2]= 1.016685
A[3]= 2.148771
A[4]= -0.202500
A[5]= 1.240438
A[6]= 4.481006
A[7]= 2.047543
A[8]= -2.930423
A[9]= 1.981061
A[10]= 5.685386
chi2_min= 72.575590


Cross-Covariance parameters
1.000000	-0.483752	-0.621646	0.792855	-0.277691	0.448651	0.574686	0.803445	-0.219805	0.446174	0.578313	
-0.483752	1.000000	0.717377	-0.212310	0.074713	-0.005775	-0.155552	-0.238655	-0.004073	0.055254	-0.224518	
-0.621646	0.717377	1.000000	-0.672304	-0.132196	0.138591	0.146473	-0.583421	-0.081598	0.030007	0.014508	
0.792855	-0.212310	-0.672304	1.000000	0.159485	-0.013519	0.083453	0.785563	-0.097539	0.309304	0.230183	
-0.277691	0.074713	-0.132196	0.159485	1.000000	-0.930257	-0.730400	-0.125793	0.162194	-0.242291	-0.398954	
0.448651	-0.005775	0.138591	-0.013519	-0.930257	1.000000	0.870052	0.277432	-0.235708	0.387210	0.538752	
0.574686	-0.155552	0.146473	0.083453	-0.730400	0.870052	1.000000	0.300817	-0.311021	0.471632	0.727416	
0.803445	-0.238655	-0.583421	0.785563	-0.125793	0.277432	0.300817	1.000000	0.137322	0.082847	0.199987	
-0.219805	-0.004073	-0.081598	-0.097539	0.162194	-0.235708	-0.311021	0.137322	1.000000	-0.935069	-0.712855	
0.446174	0.055254	0.030007	0.309304	-0.242291	0.387210	0.471632	0.082847	-0.935069	1.000000	0.814575	
0.578313	-0.224518	0.014508	0.230183	-0.398954	0.538752	0.727416	0.199987	-0.712855	0.814575	1.000000	

Time taken for mcmc chain: 7.716667 hours
