Number of steps: 1447182
Number of accepted steps: 314128
Burn-in number of steps: 12000
Accepted fraction of steps: 0.217062
Convergence Status
R[0]= 1.001113	R[1]= 1.000247	R[2]= 1.001347	R[3]= 1.002051	R[4]= 1.001155	R[5]= 1.000811	R[6]= 1.000905	R[7]= 1.001586	R[8]= 1.003394	R[9]= 1.002692	R[10]= 1.001239	
<R>= 1.001504

Mean parameters
A[0]= 1.067813 pm 0.055418
A[1]= 0.979726 pm 0.022558
A[2]= 0.758224 pm 0.097055
A[3]= 2.236666 pm 0.056675
A[4]= -0.040930 pm 1.140557
A[5]= 1.219230 pm 0.248277
A[6]= 4.282681 pm 0.504531
A[7]= 2.158637 pm 0.063695
A[8]= -0.422140 pm 1.171091
A[9]= 1.320369 pm 0.254249
A[10]= 4.428032 pm 0.521885

Best-fitting parameters
A[0]= 1.020306
A[1]= 0.988311
A[2]= 0.806416
A[3]= 2.213326
A[4]= 0.210798
A[5]= 1.075767
A[6]= 3.959687
A[7]= 2.118753
A[8]= -0.700371
A[9]= 1.292704
A[10]= 4.167981
chi2_min= 61.469610


Cross-Covariance parameters
1.000000	-0.547855	-0.712000	0.752165	-0.335799	0.477154	0.610268	0.737907	-0.141285	0.299043	0.530711	
-0.547855	1.000000	0.743503	-0.189416	0.107637	-0.084885	-0.250194	-0.228689	0.041817	0.005510	-0.205407	
-0.712000	0.743503	1.000000	-0.673533	-0.043754	0.019461	-0.014796	-0.624054	-0.047450	0.038706	0.003060	
0.752165	-0.189416	-0.673533	1.000000	0.135112	-0.027968	0.073821	0.764838	-0.012939	0.146355	0.156429	
-0.335799	0.107637	-0.043754	0.135112	1.000000	-0.940491	-0.754994	-0.121326	0.149482	-0.244918	-0.450319	
0.477154	-0.084885	0.019461	-0.027968	-0.940491	1.000000	0.879388	0.232827	-0.190385	0.330096	0.568551	
0.610268	-0.250194	-0.014796	0.073821	-0.754994	0.879388	1.000000	0.245119	-0.252279	0.405139	0.744717	
0.737907	-0.228689	-0.624054	0.764838	-0.121326	0.232827	0.245119	1.000000	0.302407	-0.213333	0.011685	
-0.141285	0.041817	-0.047450	-0.012939	0.149482	-0.190385	-0.252279	0.302407	1.000000	-0.927115	-0.642769	
0.299043	0.005510	0.038706	0.146355	-0.244918	0.330096	0.405139	-0.213333	-0.927115	1.000000	0.794201	
0.530711	-0.205407	0.003060	0.156429	-0.450319	0.568551	0.744717	0.011685	-0.642769	0.794201	1.000000	

Time taken for mcmc chain: 15.642222 hours
