Number of steps: 2234387
Number of accepted steps: 2000004
Burn-in number of steps: 12000
Accepted fraction of steps: 0.895102
Convergence Status
R[0]= 1.021274	R[1]= 1.014923	R[2]= 1.448144	R[3]= 1.227674	R[4]= 1.024552	R[5]= 1.159929	R[6]= 1.154323	R[7]= 1.371585	R[8]= 1.003500	R[9]= 1.098361	R[10]= 1.029236	
<R>= 1.141227

Mean parameters
A[0]= 0.996509 pm 0.223200
A[1]= 1.032506 pm 0.216534
A[2]= 1.808098 pm 1.429585
A[3]= 2.124817 pm 1.573975
A[4]= 0.284683 pm 5.156825
A[5]= 6.282024 pm 3.249888
A[6]= 12.101963 pm 5.731100
A[7]= 3.102203 pm 2.165814
A[8]= 0.144112 pm 5.648710
A[9]= -0.452087 pm 5.640466
A[10]= 10.092206 pm 5.837523

Best-fitting parameters
A[0]= 0.836506
A[1]= 1.367983
A[2]= 5.938520
A[3]= 4.327953
A[4]= 5.034502
A[5]= -1.479426
A[6]= 0.255099
A[7]= 7.810302
A[8]= -1.129012
A[9]= -6.720691
A[10]= 16.029970
chi2_min= 39398.200000


Cross-Covariance parameters
1.000000	-0.130374	-0.087401	0.075761	-0.016488	-0.092314	0.003164	0.022224	-0.001985	0.004032	0.054809	
-0.130374	1.000000	0.105284	0.153504	0.082381	-0.022183	0.002342	-0.003735	-0.001056	-0.020337	-0.040134	
-0.087401	0.105284	1.000000	-0.129853	-0.026436	-0.160720	0.035833	0.083155	0.008698	-0.021136	0.059108	
0.075761	0.153504	-0.129853	1.000000	0.161739	-0.214885	-0.146288	0.173162	0.010220	0.053706	0.078197	
-0.016488	0.082381	-0.026436	0.161739	1.000000	-0.077500	-0.092378	0.118674	0.008195	0.010955	-0.022741	
-0.092314	-0.022183	-0.160720	-0.214885	-0.077500	1.000000	0.272400	0.079811	0.008389	0.087625	-0.122297	
0.003164	0.002342	0.035833	-0.146288	-0.092378	0.272400	1.000000	-0.284286	-0.007735	-0.096365	-0.115048	
0.022224	-0.003735	0.083155	0.173162	0.118674	0.079811	-0.284286	1.000000	0.013879	-0.154513	0.007661	
-0.001985	-0.001056	0.008698	0.010220	0.008195	0.008389	-0.007735	0.013879	1.000000	-0.007873	-0.018155	
0.004032	-0.020337	-0.021136	0.053706	0.010955	0.087625	-0.096365	-0.154513	-0.007873	1.000000	0.074780	
0.054809	-0.040134	0.059108	0.078197	-0.022741	-0.122297	-0.115048	0.007661	-0.018155	0.074780	1.000000	

Time taken for mcmc chain: 1.814931 days
