Number of steps: 1962797
Number of accepted steps: 306959
Burn-in number of steps: 12000
Accepted fraction of steps: 0.156389
Convergence Status
R[0]= 1.000696	R[1]= 1.000699	R[2]= 1.001278	R[3]= 1.000540	R[4]= 1.001089	R[5]= 1.000994	R[6]= 1.000568	R[7]= 1.000506	R[8]= 1.000435	R[9]= 1.000099	R[10]= 1.000143	
<R>= 1.000641

Mean parameters
A[0]= 0.967229 pm 0.035328
A[1]= 1.014626 pm 0.024951
A[2]= 0.873523 pm 0.094905
A[3]= 2.156905 pm 0.048968
A[4]= 0.327829 pm 1.253578
A[5]= 1.081537 pm 0.224680
A[6]= 3.682589 pm 0.339577
A[7]= 2.078218 pm 0.056713
A[8]= -0.473151 pm 1.412101
A[9]= 1.273700 pm 0.279216
A[10]= 3.968347 pm 0.445496

Best-fitting parameters
A[0]= 0.954860
A[1]= 1.020332
A[2]= 0.900054
A[3]= 2.153173
A[4]= 0.063834
A[5]= 1.067370
A[6]= 3.664879
A[7]= 2.081149
A[8]= -0.510980
A[9]= 1.205289
A[10]= 3.860622
chi2_min= 65.325740


Cross-Covariance parameters
1.000000	-0.500116	-0.661287	0.652872	-0.192756	0.256009	0.320969	0.559551	-0.102589	0.172347	0.283480	
-0.500116	1.000000	0.776073	-0.071388	-0.022712	0.101788	0.011968	-0.085876	-0.023914	0.103345	-0.008939	
-0.661287	0.776073	1.000000	-0.558252	-0.165766	0.235080	0.331420	-0.492354	-0.131167	0.188644	0.268670	
0.652872	-0.071388	-0.558252	1.000000	0.289062	-0.302607	-0.284371	0.651120	0.046931	0.007093	-0.117389	
-0.192756	-0.022712	-0.165766	0.289062	1.000000	-0.932429	-0.693752	0.042168	0.157158	-0.210678	-0.357950	
0.256009	0.101788	0.235080	-0.302607	-0.932429	1.000000	0.819526	-0.012072	-0.192740	0.272884	0.452327	
0.320969	0.011968	0.331420	-0.284371	-0.693752	0.819526	1.000000	-0.127645	-0.277538	0.376530	0.678335	
0.559551	-0.085876	-0.492354	0.651120	0.042168	-0.012072	-0.127645	1.000000	0.457554	-0.493055	-0.393260	
-0.102589	-0.023914	-0.131167	0.046931	0.157158	-0.192740	-0.277538	0.457554	1.000000	-0.928442	-0.683697	
0.172347	0.103345	0.188644	0.007093	-0.210678	0.272884	0.376530	-0.493055	-0.928442	1.000000	0.803540	
0.283480	-0.008939	0.268670	-0.117389	-0.357950	0.452327	0.678335	-0.393260	-0.683697	0.803540	1.000000	

Time taken for mcmc chain: 19.054444 hours
