Number of steps: 1089702
Number of accepted steps: 306145
Burn-in number of steps: 12000
Accepted fraction of steps: 0.280944
Convergence Status
R[0]= 1.002931	R[1]= 1.004645	R[2]= 1.003955	R[3]= 1.001740	R[4]= 1.002584	R[5]= 1.001720	R[6]= 1.001150	R[7]= 1.001672	R[8]= 1.003846	R[9]= 1.002269	R[10]= 1.001353	
<R>= 1.002533

Mean parameters
A[0]= 0.993419 pm 0.044336
A[1]= 1.009551 pm 0.021809
A[2]= 0.926690 pm 0.094550
A[3]= 2.145576 pm 0.054787
A[4]= -0.589789 pm 0.942909
A[5]= 1.285490 pm 0.223818
A[6]= 4.253379 pm 0.421602
A[7]= 2.080132 pm 0.057957
A[8]= 0.627569 pm 1.260954
A[9]= 1.192168 pm 0.185784
A[10]= 4.386397 pm 0.381311

Best-fitting parameters
A[0]= 0.980880
A[1]= 1.010133
A[2]= 0.957262
A[3]= 2.121124
A[4]= -1.029662
A[5]= 1.351737
A[6]= 4.340131
A[7]= 2.075707
A[8]= 0.231821
A[9]= 1.179282
A[10]= 4.346732
chi2_min= 61.362380


Cross-Covariance parameters
1.000000	-0.497338	-0.663851	0.723471	-0.263499	0.394177	0.492804	0.769185	-0.102193	0.254376	0.454742	
-0.497338	1.000000	0.728203	-0.159625	0.065475	-0.006625	-0.142759	-0.197269	0.020447	0.085552	-0.098864	
-0.663851	0.728203	1.000000	-0.664657	-0.146798	0.150006	0.173670	-0.614098	-0.041505	0.117630	0.156097	
0.723471	-0.159625	-0.664657	1.000000	0.284444	-0.178199	-0.107159	0.777862	-0.000365	0.090804	0.033595	
-0.263499	0.065475	-0.146798	0.284444	1.000000	-0.949751	-0.763767	-0.045416	0.126356	-0.244066	-0.456786	
0.394177	-0.006625	0.150006	-0.178199	-0.949751	1.000000	0.868071	0.162551	-0.146176	0.324033	0.567396	
0.492804	-0.142759	0.173670	-0.107159	-0.763767	0.868071	1.000000	0.140266	-0.183301	0.388698	0.749855	
0.769185	-0.197269	-0.614098	0.777862	-0.045416	0.162551	0.140266	1.000000	0.101472	-0.112277	0.034308	
-0.102193	0.020447	-0.041505	-0.000365	0.126356	-0.146176	-0.183301	0.101472	1.000000	-0.842450	-0.520612	
0.254376	0.085552	0.117630	0.090804	-0.244066	0.324033	0.388698	-0.112277	-0.842450	1.000000	0.755736	
0.454742	-0.098864	0.156097	0.033595	-0.456786	0.567396	0.749855	0.034308	-0.520612	0.755736	1.000000	

Time taken for mcmc chain: 10.375000 hours
