Number of steps: 1047567
Number of accepted steps: 303483
Burn-in number of steps: 12000
Accepted fraction of steps: 0.289703
Convergence Status
R[0]= 1.002657	R[1]= 1.001362	R[2]= 1.001097	R[3]= 1.002823	R[4]= 1.000963	R[5]= 1.000831	R[6]= 1.001654	R[7]= 1.000918	R[8]= 1.001851	R[9]= 1.002210	R[10]= 1.002546	
<R>= 1.001719

Mean parameters
A[0]= 1.074691 pm 0.077740
A[1]= 1.028342 pm 0.042365
A[2]= 0.820329 pm 0.165764
A[3]= 2.255908 pm 0.080949
A[4]= -3.145878 pm 0.619427
A[5]= 2.648489 pm 0.384336
A[6]= 5.784252 pm 1.084733
A[7]= 2.373806 pm 0.090466
A[8]= 0.397921 pm 1.902922
A[9]= 1.349389 pm 0.497574
A[10]= 4.444774 pm 0.755820

Best-fitting parameters
A[0]= 1.045563
A[1]= 1.033948
A[2]= 0.846710
A[3]= 2.232450
A[4]= -3.275819
A[5]= 2.660639
A[6]= 5.568849
A[7]= 2.390698
A[8]= 1.069507
A[9]= 0.973833
A[10]= 4.024655
chi2_min= 48.767260


Cross-Covariance parameters
1.000000	-0.489978	-0.594279	0.821921	-0.308983	0.498033	0.683056	0.692553	-0.174604	0.316456	0.562370	
-0.489978	1.000000	0.767322	-0.150775	-0.105119	0.156151	-0.230036	-0.077168	-0.002971	0.041641	-0.115872	
-0.594279	0.767322	1.000000	-0.505385	-0.181664	0.138834	0.012467	-0.473304	-0.034010	0.100589	0.133507	
0.821921	-0.150775	-0.505385	1.000000	-0.037955	0.277094	0.362856	0.768909	-0.134110	0.249497	0.336890	
-0.308983	-0.105119	-0.181664	-0.037955	1.000000	-0.946717	-0.699316	-0.179374	0.114120	-0.246489	-0.423955	
0.498033	0.156151	0.138834	0.277094	-0.946717	1.000000	0.785343	0.372476	-0.164047	0.337768	0.542485	
0.683056	-0.230036	0.012467	0.362856	-0.699316	0.785343	1.000000	0.279381	-0.201346	0.401762	0.773050	
0.692553	-0.077168	-0.473304	0.768909	-0.179374	0.372476	0.279381	1.000000	0.073781	-0.119273	0.083428	
-0.174604	-0.002971	-0.034010	-0.134110	0.114120	-0.164047	-0.201346	0.073781	1.000000	-0.855728	-0.522644	
0.316456	0.041641	0.100589	0.249497	-0.246489	0.337768	0.401762	-0.119273	-0.855728	1.000000	0.752755	
0.562370	-0.115872	0.133507	0.336890	-0.423955	0.542485	0.773050	0.083428	-0.522644	0.752755	1.000000	

Time taken for mcmc chain: 11.422222 hours
