Number of steps: 1196205
Number of accepted steps: 308581
Burn-in number of steps: 12000
Accepted fraction of steps: 0.257967
Convergence Status
R[0]= 1.003011	R[1]= 1.002598	R[2]= 1.002185	R[3]= 1.001643	R[4]= 1.001015	R[5]= 1.001393	R[6]= 1.002643	R[7]= 1.001645	R[8]= 1.003251	R[9]= 1.003713	R[10]= 1.004924	
<R>= 1.002547

Mean parameters
A[0]= 1.077264 pm 0.112848
A[1]= 0.928234 pm 0.042509
A[2]= 0.628398 pm 0.189980
A[3]= 2.257783 pm 0.106181
A[4]= -0.975488 pm 1.012071
A[5]= 1.457807 pm 0.424431
A[6]= 4.683319 pm 1.097033
A[7]= 2.225921 pm 0.112621
A[8]= -1.320067 pm 1.244380
A[9]= 1.753066 pm 0.444882
A[10]= 5.474989 pm 1.231438

Best-fitting parameters
A[0]= 1.053482
A[1]= 0.928957
A[2]= 0.685600
A[3]= 2.220853
A[4]= -1.369671
A[5]= 1.555467
A[6]= 4.780825
A[7]= 2.192436
A[8]= -2.127928
A[9]= 1.978468
A[10]= 5.760355
chi2_min= 59.074270


Cross-Covariance parameters
1.000000	-0.619127	-0.757637	0.837868	-0.352047	0.535317	0.678098	0.851478	-0.187707	0.422249	0.673062	
-0.619127	1.000000	0.764151	-0.306607	0.114131	-0.133105	-0.365057	-0.331917	0.017016	-0.033413	-0.363499	
-0.757637	0.764151	1.000000	-0.729979	-0.041622	-0.048673	-0.142751	-0.691269	-0.051615	-0.046475	-0.198253	
0.837868	-0.306607	-0.729979	1.000000	-0.008311	0.205875	0.299603	0.885245	-0.096647	0.325712	0.386381	
-0.352047	0.114131	-0.041622	-0.008311	1.000000	-0.948511	-0.750932	-0.210392	0.211544	-0.336572	-0.501273	
0.535317	-0.133105	-0.048673	0.205875	-0.948511	1.000000	0.870115	0.395041	-0.263240	0.452169	0.638241	
0.678098	-0.365057	-0.142751	0.299603	-0.750932	0.870115	1.000000	0.427060	-0.303731	0.498218	0.809973	
0.851478	-0.331917	-0.691269	0.885245	-0.210392	0.395041	0.427060	1.000000	0.038916	0.181454	0.376924	
-0.187707	0.017016	-0.051615	-0.096647	0.211544	-0.263240	-0.303731	0.038916	1.000000	-0.909389	-0.633585	
0.422249	-0.033413	-0.046475	0.325712	-0.336572	0.452169	0.498218	0.181454	-0.909389	1.000000	0.808327	
0.673062	-0.363499	-0.198253	0.386381	-0.501273	0.638241	0.809973	0.376924	-0.633585	0.808327	1.000000	

Time taken for mcmc chain: 16.698056 hours
