Number of steps: 1594316
Number of accepted steps: 417007
Burn-in number of steps: 12000
Accepted fraction of steps: 0.261559
Convergence Status
R[0]= 1.001272	R[1]= 1.000648	R[2]= 1.000033	R[3]= 1.000445	R[4]= 1.010539	R[5]= 1.006970	R[6]= 1.004935	R[7]= 1.000560	R[8]= 1.000424	R[9]= 1.000125	R[10]= 1.000805	
<R>= 1.002432

Mean parameters
A[0]= 1.064267 pm 0.041824
A[1]= 0.978352 pm 0.020079
A[2]= 0.805709 pm 0.086391
A[3]= 2.175388 pm 0.047183
A[4]= -0.861163 pm 0.992896
A[5]= 1.430153 pm 0.242051
A[6]= 4.837562 pm 0.571273
A[7]= 2.112632 pm 0.053949
A[8]= -1.462698 pm 0.949652
A[9]= 1.585068 pm 0.262283
A[10]= 5.006971 pm 0.688189

Best-fitting parameters
A[0]= 1.061877
A[1]= 0.975701
A[2]= 0.797035
A[3]= 2.161821
A[4]= -1.159069
A[5]= 1.468557
A[6]= 4.782659
A[7]= 2.099079
A[8]= -1.775518
A[9]= 1.646129
A[10]= 5.050220
chi2_min= 75.367640


Cross-Covariance parameters
1.000000	-0.450527	-0.484002	0.612913	-0.309037	0.438503	0.568460	0.575313	-0.212401	0.349714	0.510264	
-0.450527	1.000000	0.648736	-0.060203	0.015607	0.048506	-0.148450	-0.071239	0.028371	0.041125	-0.159931	
-0.484002	0.648736	1.000000	-0.601975	-0.276447	0.300911	0.298992	-0.521045	-0.201838	0.232194	0.260590	
0.612913	-0.060203	-0.601975	1.000000	0.329142	-0.231782	-0.164436	0.676203	0.065644	0.033376	-0.039736	
-0.309037	0.015607	-0.276447	0.329142	1.000000	-0.947420	-0.788274	0.026318	0.265437	-0.342985	-0.483251	
0.438503	0.048506	0.300911	-0.231782	-0.947420	1.000000	0.887786	0.066317	-0.307341	0.425954	0.577542	
0.568460	-0.148450	0.298992	-0.164436	-0.788274	0.887786	1.000000	0.022756	-0.385149	0.506490	0.752664	
0.575313	-0.071239	-0.521045	0.676203	0.026318	0.066317	0.022756	1.000000	0.431801	-0.344657	-0.207424	
-0.212401	0.028371	-0.201838	0.065644	0.265437	-0.307341	-0.385149	0.431801	1.000000	-0.953718	-0.752689	
0.349714	0.041125	0.232194	0.033376	-0.342985	0.425954	0.506490	-0.344657	-0.953718	1.000000	0.848416	
0.510264	-0.159931	0.260590	-0.039736	-0.483251	0.577542	0.752664	-0.207424	-0.752689	0.848416	1.000000	

Time taken for mcmc chain: 17.881944 hours
