Number of steps: 1136583
Number of accepted steps: 375391
Burn-in number of steps: 12000
Accepted fraction of steps: 0.330280
Convergence Status
R[0]= 1.005929	R[1]= 1.004111	R[2]= 1.005636	R[3]= 1.003047	R[4]= 1.001579	R[5]= 1.002459	R[6]= 1.003773	R[7]= 1.003094	R[8]= 1.001566	R[9]= 1.002624	R[10]= 1.005413	
<R>= 1.003566

Mean parameters
A[0]= 0.992059 pm 0.059154
A[1]= 1.002877 pm 0.024326
A[2]= 0.922835 pm 0.114474
A[3]= 2.111614 pm 0.065939
A[4]= -1.214613 pm 0.765813
A[5]= 1.445536 pm 0.227878
A[6]= 4.425598 pm 0.524807
A[7]= 2.106254 pm 0.071608
A[8]= -0.470167 pm 1.173287
A[9]= 1.290383 pm 0.258688
A[10]= 4.361633 pm 0.532972

Best-fitting parameters
A[0]= 0.992016
A[1]= 0.995358
A[2]= 0.902947
A[3]= 2.108669
A[4]= -1.394887
A[5]= 1.455469
A[6]= 4.410995
A[7]= 2.112259
A[8]= -0.484232
A[9]= 1.228039
A[10]= 4.235202
chi2_min= 71.458320


Cross-Covariance parameters
1.000000	-0.625573	-0.749598	0.801464	-0.336195	0.506771	0.573077	0.782944	-0.211177	0.367241	0.510676	
-0.625573	1.000000	0.760848	-0.351453	0.169078	-0.154711	-0.297840	-0.345497	0.113049	-0.100656	-0.251259	
-0.749598	0.760848	1.000000	-0.769693	-0.055439	-0.016430	-0.004248	-0.722996	-0.032742	0.003006	0.016827	
0.801464	-0.351453	-0.769693	1.000000	0.165688	0.022523	0.067720	0.830543	-0.031919	0.155889	0.133040	
-0.336195	0.169078	-0.055439	0.165688	1.000000	-0.955045	-0.797387	-0.076904	0.248074	-0.338331	-0.523236	
0.506771	-0.154711	-0.016430	0.022523	-0.955045	1.000000	0.885443	0.239528	-0.286133	0.426341	0.623841	
0.573077	-0.297840	-0.004248	0.067720	-0.797387	0.885443	1.000000	0.188707	-0.364103	0.511080	0.790537	
0.782944	-0.345497	-0.722996	0.830543	-0.076904	0.239528	0.188707	1.000000	0.214517	-0.116484	0.020394	
-0.211177	0.113049	-0.032742	-0.031919	0.248074	-0.286133	-0.364103	0.214517	1.000000	-0.931713	-0.692713	
0.367241	-0.100656	0.003006	0.155889	-0.338331	0.426341	0.511080	-0.116484	-0.931713	1.000000	0.833337	
0.510676	-0.251259	0.016827	0.133040	-0.523236	0.623841	0.790537	0.020394	-0.692713	0.833337	1.000000	

Time taken for mcmc chain: 11.433333 hours
