Number of steps: 1205497
Number of accepted steps: 310323
Burn-in number of steps: 12000
Accepted fraction of steps: 0.257423
Convergence Status
R[0]= 1.001375	R[1]= 1.000345	R[2]= 1.002527	R[3]= 1.003456	R[4]= 1.008113	R[5]= 1.008751	R[6]= 1.008914	R[7]= 1.000644	R[8]= 1.002336	R[9]= 1.002285	R[10]= 1.002694	
<R>= 1.003767

Mean parameters
A[0]= 1.044810 pm 0.037287
A[1]= 0.929859 pm 0.018904
A[2]= 0.691292 pm 0.076149
A[3]= 2.147560 pm 0.044537
A[4]= -0.170180 pm 0.932432
A[5]= 1.131205 pm 0.193294
A[6]= 4.214222 pm 0.420710
A[7]= 2.144265 pm 0.047376
A[8]= 0.794899 pm 1.098050
A[9]= 1.024678 pm 0.152138
A[10]= 4.444751 pm 0.357234

Best-fitting parameters
A[0]= 1.055015
A[1]= 0.924955
A[2]= 0.659184
A[3]= 2.157950
A[4]= -0.562204
A[5]= 1.183297
A[6]= 4.236199
A[7]= 2.167444
A[8]= 0.440948
A[9]= 1.011249
A[10]= 4.358867
chi2_min= 56.811230


Cross-Covariance parameters
1.000000	-0.472494	-0.639569	0.642473	-0.200856	0.315545	0.453119	0.688205	-0.115418	0.234027	0.466722	
-0.472494	1.000000	0.654767	-0.006370	0.040591	0.030381	-0.180837	-0.024742	0.038656	0.072531	-0.194702	
-0.639569	0.654767	1.000000	-0.604992	-0.189381	0.213212	0.219170	-0.522601	0.025176	0.071546	0.127074	
0.642473	-0.006370	-0.604992	1.000000	0.344974	-0.269682	-0.220832	0.723670	-0.044309	0.111384	-0.011091	
-0.200856	0.040591	-0.189381	0.344974	1.000000	-0.949776	-0.751276	-0.014736	0.072564	-0.168271	-0.390351	
0.315545	0.030381	0.213212	-0.269682	-0.949776	1.000000	0.851253	0.122004	-0.086935	0.232396	0.482876	
0.453119	-0.180837	0.219170	-0.220832	-0.751276	0.851253	1.000000	0.076253	-0.110564	0.277596	0.692869	
0.688205	-0.024742	-0.522601	0.723670	-0.014736	0.122004	0.076253	1.000000	0.023599	-0.088200	0.004881	
-0.115418	0.038656	0.025176	-0.044309	0.072564	-0.086935	-0.110564	0.023599	1.000000	-0.846968	-0.485809	
0.234027	0.072531	0.071546	0.111384	-0.168271	0.232396	0.277596	-0.088200	-0.846968	1.000000	0.701462	
0.466722	-0.194702	0.127074	-0.011091	-0.390351	0.482876	0.692869	0.004881	-0.485809	0.701462	1.000000	

Time taken for mcmc chain: 14.760556 hours
