Number of steps: 1040087
Number of accepted steps: 305280
Burn-in number of steps: 12000
Accepted fraction of steps: 0.293514
Convergence Status
R[0]= 1.003179	R[1]= 1.001413	R[2]= 1.000199	R[3]= 1.001579	R[4]= 1.001957	R[5]= 1.002603	R[6]= 1.006138	R[7]= 1.002291	R[8]= 1.004419	R[9]= 1.001465	R[10]= 1.002197	
<R>= 1.002494

Mean parameters
A[0]= 1.071602 pm 0.076587
A[1]= 0.981718 pm 0.029671
A[2]= 0.818999 pm 0.136551
A[3]= 2.257417 pm 0.078884
A[4]= -0.672240 pm 1.040872
A[5]= 1.552205 pm 0.386829
A[6]= 5.012676 pm 0.868701
A[7]= 2.242668 pm 0.084929
A[8]= -2.187463 pm 1.228197
A[9]= 2.148794 pm 0.496733
A[10]= 5.687526 pm 1.171511

Best-fitting parameters
A[0]= 1.030456
A[1]= 0.977926
A[2]= 0.840679
A[3]= 2.211189
A[4]= -0.638113
A[5]= 1.425469
A[6]= 4.657832
A[7]= 2.191641
A[8]= -2.122453
A[9]= 2.001873
A[10]= 5.172589
chi2_min= 66.923070


Cross-Covariance parameters
1.000000	-0.448976	-0.511556	0.780986	-0.331940	0.518394	0.667244	0.744475	-0.264945	0.467093	0.660186	
-0.448976	1.000000	0.638437	-0.137298	0.067578	-0.029019	-0.215797	-0.136590	0.019310	-0.002212	-0.237166	
-0.511556	0.638437	1.000000	-0.612366	-0.193688	0.185680	0.167784	-0.515686	-0.099761	0.077427	0.083616	
0.780986	-0.137298	-0.612366	1.000000	0.084474	0.080793	0.194309	0.780311	-0.122512	0.293334	0.292366	
-0.331940	0.067578	-0.193688	0.084474	1.000000	-0.936768	-0.737378	-0.113316	0.214164	-0.310337	-0.462319	
0.518394	-0.029019	0.185680	0.080793	-0.936768	1.000000	0.877382	0.276887	-0.283997	0.435473	0.612851	
0.667244	-0.215797	0.167784	0.194309	-0.737378	0.877382	1.000000	0.311710	-0.339465	0.510362	0.789742	
0.744475	-0.136590	-0.515686	0.780311	-0.113316	0.276887	0.311710	1.000000	0.121211	0.026822	0.216100	
-0.264945	0.019310	-0.099761	-0.122512	0.214164	-0.283997	-0.339465	0.121211	1.000000	-0.924257	-0.670530	
0.467093	-0.002212	0.077427	0.293334	-0.310337	0.435473	0.510362	0.026822	-0.924257	1.000000	0.823412	
0.660186	-0.237166	0.083616	0.292366	-0.462319	0.612851	0.789742	0.216100	-0.670530	0.823412	1.000000	

Time taken for mcmc chain: 12.222222 hours
