Number of steps: 2349082
Number of accepted steps: 2000004
Burn-in number of steps: 12000
Accepted fraction of steps: 0.851398
Convergence Status
R[0]= 1.001696	R[1]= 1.056036	R[2]= 1.298546	R[3]= 1.643701	R[4]= 1.041374	R[5]= 1.231620	R[6]= 1.218338	R[7]= 1.429655	R[8]= 1.005192	R[9]= 1.202385	R[10]= 1.035895	
<R>= 1.196767

Mean parameters
A[0]= 0.994259 pm 0.220518
A[1]= 1.050945 pm 0.222877
A[2]= 2.656630 pm 2.517134
A[3]= 2.515678 pm 2.816431
A[4]= 1.239955 pm 5.100667
A[5]= 5.122005 pm 5.379910
A[6]= 10.118843 pm 6.292681
A[7]= 2.557623 pm 1.818883
A[8]= -0.135562 pm 5.629646
A[9]= -0.139094 pm 5.676718
A[10]= 10.090568 pm 5.841553

Best-fitting parameters
A[0]= 1.062918
A[1]= 1.059405
A[2]= 9.990816
A[3]= 9.981096
A[4]= 8.407481
A[5]= -9.636805
A[6]= 0.009932
A[7]= 1.118142
A[8]= -6.695924
A[9]= -6.211615
A[10]= 11.890560
chi2_min= 38841.830000


Cross-Covariance parameters
1.000000	-0.103643	-0.177730	-0.036770	-0.039341	0.106095	0.076131	-0.003470	0.024552	0.067799	0.024607	
-0.103643	1.000000	0.364143	0.403318	0.153555	-0.344712	-0.267772	0.000255	-0.023222	-0.094385	0.073588	
-0.177730	0.364143	1.000000	0.547318	0.158878	-0.617478	-0.291633	-0.123527	-0.017429	-0.189278	0.192510	
-0.036770	0.403318	0.547318	1.000000	0.284137	-0.825855	-0.519656	-0.126100	-0.055498	-0.202358	0.110127	
-0.039341	0.153555	0.158878	0.284137	1.000000	-0.271990	-0.195410	0.064331	-0.014707	-0.098455	0.069686	
0.106095	-0.344712	-0.617478	-0.825855	-0.271990	1.000000	0.510723	0.104708	0.041486	0.095831	-0.133275	
0.076131	-0.267772	-0.291633	-0.519656	-0.195410	0.510723	1.000000	-0.037074	0.040098	0.121772	-0.162119	
-0.003470	0.000255	-0.123527	-0.126100	0.064331	0.104708	-0.037074	1.000000	0.007204	-0.198171	0.124236	
0.024552	-0.023222	-0.017429	-0.055498	-0.014707	0.041486	0.040098	0.007204	1.000000	-0.047429	-0.035105	
0.067799	-0.094385	-0.189278	-0.202358	-0.098455	0.095831	0.121772	-0.198171	-0.047429	1.000000	-0.104963	
0.024607	0.073588	0.192510	0.110127	0.069686	-0.133275	-0.162119	0.124236	-0.035105	-0.104963	1.000000	

Time taken for mcmc chain: 2.248345 days
