Number of steps: 1865003
Number of accepted steps: 317606
Burn-in number of steps: 12000
Accepted fraction of steps: 0.170298
Convergence Status
R[0]= 1.003694	R[1]= 1.001498	R[2]= 1.000598	R[3]= 1.000433	R[4]= 1.007682	R[5]= 1.009446	R[6]= 1.006487	R[7]= 1.000480	R[8]= 1.000100	R[9]= 1.000447	R[10]= 1.002668	
<R>= 1.003048

Mean parameters
A[0]= 1.017183 pm 0.039398
A[1]= 0.996388 pm 0.018693
A[2]= 0.815267 pm 0.080839
A[3]= 2.191403 pm 0.047959
A[4]= 0.045618 pm 0.952229
A[5]= 1.130831 pm 0.199480
A[6]= 3.800233 pm 0.333174
A[7]= 2.152230 pm 0.055290
A[8]= 0.883304 pm 1.766554
A[9]= 1.142132 pm 0.249666
A[10]= 4.144954 pm 0.409744

Best-fitting parameters
A[0]= 1.015643
A[1]= 0.996024
A[2]= 0.807851
A[3]= 2.205616
A[4]= 0.559497
A[5]= 1.012030
A[6]= 3.712608
A[7]= 2.178261
A[8]= 1.635585
A[9]= 0.944600
A[10]= 3.928577
chi2_min= 63.325240


Cross-Covariance parameters
1.000000	-0.457504	-0.665540	0.729654	-0.249661	0.368149	0.455492	0.676040	-0.127642	0.232711	0.408414	
-0.457504	1.000000	0.704985	-0.124836	0.024070	0.042839	-0.075280	-0.103800	-0.043517	0.077863	-0.069469	
-0.665540	0.704985	1.000000	-0.639738	-0.089290	0.107339	0.213013	-0.557708	-0.057305	0.104183	0.157194	
0.729654	-0.124836	-0.639738	1.000000	0.241239	-0.163547	-0.095600	0.704079	-0.059409	0.103085	0.060823	
-0.249661	0.024070	-0.089290	0.241239	1.000000	-0.948103	-0.676235	-0.076734	0.086433	-0.162028	-0.329078	
0.368149	0.042839	0.107339	-0.163547	-0.948103	1.000000	0.796345	0.162006	-0.125533	0.236822	0.433251	
0.455492	-0.075280	0.213013	-0.095600	-0.676235	0.796345	1.000000	0.070653	-0.191542	0.348453	0.677045	
0.676040	-0.103800	-0.557708	0.704079	-0.076734	0.162006	0.070653	1.000000	0.087020	-0.244285	-0.121315	
-0.127642	-0.043517	-0.057305	-0.059409	0.086433	-0.125533	-0.191542	0.087020	1.000000	-0.841211	-0.588081	
0.232711	0.077863	0.104183	0.103085	-0.162028	0.236822	0.348453	-0.244285	-0.841211	1.000000	0.800978	
0.408414	-0.069469	0.157194	0.060823	-0.329078	0.433251	0.677045	-0.121315	-0.588081	0.800978	1.000000	

Time taken for mcmc chain: 16.533333 hours
