Number of steps: 7054101
Number of accepted steps: 325413
Burn-in number of steps: 12000
Accepted fraction of steps: 0.046131
Convergence Status
R[0]= 1.000069	R[1]= 1.001079	R[2]= 1.000265	R[3]= 1.000024	R[4]= 1.000567	R[5]= 1.000696	R[6]= 1.000430	R[7]= 1.000000	R[8]= 1.001282	R[9]= 1.001882	R[10]= 1.000350	
<R>= 1.000604

Mean parameters
A[0]= 0.822524 pm 0.141295
A[1]= 1.081691 pm 0.063937
A[2]= 1.212502 pm 0.358777
A[3]= 2.053802 pm 0.215316
A[4]= 0.338387 pm 1.222799
A[5]= 1.010271 pm 0.331699
A[6]= 3.450700 pm 0.428104
A[7]= 2.030926 pm 0.232400
A[8]= 1.474653 pm 1.928822
A[9]= 1.065506 pm 0.351120
A[10]= 3.528923 pm 0.448680

Best-fitting parameters
A[0]= 0.608496
A[1]= 1.066011
A[2]= 1.493906
A[3]= 1.688839
A[4]= 0.694034
A[5]= 0.674378
A[6]= 3.025203
A[7]= 1.642131
A[8]= 2.663719
A[9]= 0.739789
A[10]= 3.038774
chi2_min= 54.896320


Cross-Covariance parameters
1.000000	-0.692656	-0.908525	0.963923	-0.277267	0.446449	0.223802	0.951510	-0.371703	0.309399	0.294517	
-0.692656	1.000000	0.875787	-0.619555	0.164287	-0.131090	0.118246	-0.613996	0.257694	-0.026507	0.058895	
-0.908525	0.875787	1.000000	-0.900510	0.161171	-0.220001	0.113392	-0.886433	0.330036	-0.122980	0.027807	
0.963923	-0.619555	-0.900510	1.000000	-0.163910	0.297484	0.070598	0.968024	-0.354345	0.249525	0.169468	
-0.277267	0.164287	0.161171	-0.163910	1.000000	-0.858181	-0.548012	-0.210858	0.146672	-0.222992	-0.352506	
0.446449	-0.131090	-0.220001	0.297484	-0.858181	1.000000	0.752518	0.363774	-0.210477	0.365464	0.557620	
0.223802	0.118246	0.113392	0.070598	-0.548012	0.752518	1.000000	0.105344	-0.132880	0.409448	0.807301	
0.951510	-0.613996	-0.886433	0.968024	-0.210858	0.363774	0.105344	1.000000	-0.382230	0.138153	0.150983	
-0.371703	0.257694	0.330036	-0.354345	0.146672	-0.210477	-0.132880	-0.382230	1.000000	-0.554074	-0.341211	
0.309399	-0.026507	-0.122980	0.249525	-0.222992	0.365464	0.409448	0.138153	-0.554074	1.000000	0.676127	
0.294517	0.058895	0.027807	0.169468	-0.352506	0.557620	0.807301	0.150983	-0.341211	0.676127	1.000000	

Time taken for mcmc chain: 6.448148 days
