Number of steps: 1570449
Number of accepted steps: 311828
Burn-in number of steps: 12000
Accepted fraction of steps: 0.198560
Convergence Status
R[0]= 1.000775	R[1]= 1.001603	R[2]= 1.000200	R[3]= 1.003696	R[4]= 1.000864	R[5]= 1.000955	R[6]= 1.001600	R[7]= 1.004011	R[8]= 1.001836	R[9]= 1.002060	R[10]= 1.002517	
<R>= 1.001829

Mean parameters
A[0]= 0.937523 pm 0.063771
A[1]= 1.023221 pm 0.035654
A[2]= 0.924335 pm 0.163185
A[3]= 2.191483 pm 0.089623
A[4]= 0.473944 pm 1.550807
A[5]= 1.113688 pm 0.379243
A[6]= 3.735637 pm 0.536958
A[7]= 2.112684 pm 0.104577
A[8]= -1.941801 pm 1.519405
A[9]= 1.906017 pm 0.597357
A[10]= 3.978118 pm 0.924595

Best-fitting parameters
A[0]= 0.927786
A[1]= 1.021304
A[2]= 0.885328
A[3]= 2.219726
A[4]= 1.444854
A[5]= 0.790881
A[6]= 3.381826
A[7]= 2.091464
A[8]= -2.329663
A[9]= 1.967767
A[10]= 3.578903
chi2_min= 63.707110


Cross-Covariance parameters
1.000000	-0.490321	-0.696394	0.796454	-0.247804	0.321977	0.329991	0.663103	-0.110704	0.233221	0.280314	
-0.490321	1.000000	0.725063	-0.191538	-0.023278	0.069046	0.019762	-0.160903	0.005963	0.012911	-0.073599	
-0.696394	0.725063	1.000000	-0.699249	-0.097278	0.165256	0.329524	-0.625748	-0.192539	0.164650	0.268333	
0.796454	-0.191538	-0.699249	1.000000	0.023145	-0.075219	-0.116770	0.757471	0.072387	0.025803	-0.088243	
-0.247804	-0.023278	-0.097278	0.023145	1.000000	-0.889265	-0.630281	-0.057802	0.168634	-0.232624	-0.341438	
0.321977	0.069046	0.165256	-0.075219	-0.889265	1.000000	0.806346	0.063094	-0.230804	0.324917	0.474564	
0.329991	0.019762	0.329524	-0.116770	-0.630281	0.806346	1.000000	-0.093923	-0.389767	0.481520	0.740434	
0.663103	-0.160903	-0.625748	0.757471	-0.057802	0.063094	-0.093923	1.000000	0.491144	-0.424759	-0.308554	
-0.110704	0.005963	-0.192539	0.072387	0.168634	-0.230804	-0.389767	0.491144	1.000000	-0.957563	-0.711155	
0.233221	0.012911	0.164650	0.025803	-0.232624	0.324917	0.481520	-0.424759	-0.957563	1.000000	0.795045	
0.280314	-0.073599	0.268333	-0.088243	-0.341438	0.474564	0.740434	-0.308554	-0.711155	0.795045	1.000000	

Time taken for mcmc chain: 18.576111 hours
