Number of steps: 883692
Number of accepted steps: 310543
Burn-in number of steps: 12000
Accepted fraction of steps: 0.351415
Convergence Status
R[0]= 1.004503	R[1]= 1.003935	R[2]= 1.006219	R[3]= 1.004235	R[4]= 1.003343	R[5]= 1.002709	R[6]= 1.002546	R[7]= 1.005854	R[8]= 1.003105	R[9]= 1.001533	R[10]= 1.003328	
<R>= 1.003755

Mean parameters
A[0]= 0.961817 pm 0.075978
A[1]= 0.999313 pm 0.028521
A[2]= 0.894805 pm 0.145929
A[3]= 2.080153 pm 0.087497
A[4]= -1.001867 pm 0.818685
A[5]= 1.359731 pm 0.239128
A[6]= 4.169459 pm 0.570917
A[7]= 2.102742 pm 0.092414
A[8]= -0.454644 pm 1.109438
A[9]= 1.181277 pm 0.258286
A[10]= 4.046254 pm 0.546604

Best-fitting parameters
A[0]= 0.981771
A[1]= 0.994897
A[2]= 0.822489
A[3]= 2.111937
A[4]= -1.260362
A[5]= 1.414041
A[6]= 4.052151
A[7]= 2.145086
A[8]= -0.746712
A[9]= 1.202506
A[10]= 3.903824
chi2_min= 72.335050


Cross-Covariance parameters
1.000000	-0.699861	-0.840712	0.861915	-0.363468	0.555679	0.553692	0.857335	-0.257646	0.425371	0.510136	
-0.699861	1.000000	0.788161	-0.467951	0.260836	-0.281286	-0.373804	-0.480578	0.176069	-0.194421	-0.320044	
-0.840712	0.788161	1.000000	-0.851823	0.045824	-0.168200	-0.108307	-0.829932	0.048026	-0.120494	-0.080958	
0.861915	-0.467951	-0.851823	1.000000	0.049653	0.165965	0.129754	0.904684	-0.083412	0.228736	0.168722	
-0.363468	0.260836	0.045824	0.049653	1.000000	-0.947140	-0.808569	-0.120185	0.322264	-0.414321	-0.592495	
0.555679	-0.281286	-0.168200	0.165965	-0.947140	1.000000	0.893669	0.315246	-0.364723	0.512839	0.694620	
0.553692	-0.373804	-0.108307	0.129754	-0.808569	0.893669	1.000000	0.220023	-0.426564	0.572971	0.843662	
0.857335	-0.480578	-0.829932	0.904684	-0.120185	0.315246	0.220023	1.000000	0.097888	0.035774	0.109283	
-0.257646	0.176069	0.048026	-0.083412	0.322264	-0.364723	-0.426564	0.097888	1.000000	-0.933092	-0.684161	
0.425371	-0.194421	-0.120494	0.228736	-0.414321	0.512839	0.572971	0.035774	-0.933092	1.000000	0.823004	
0.510136	-0.320044	-0.080958	0.168722	-0.592495	0.694620	0.843662	0.109283	-0.684161	0.823004	1.000000	

Time taken for mcmc chain: 9.646389 hours
