Number of steps: 790661
Number of accepted steps: 315932
Burn-in number of steps: 12000
Accepted fraction of steps: 0.399580
Convergence Status
R[0]= 1.004021	R[1]= 1.001948	R[2]= 1.001349	R[3]= 1.001413	R[4]= 1.008789	R[5]= 1.009149	R[6]= 1.009039	R[7]= 1.000951	R[8]= 1.002422	R[9]= 1.002481	R[10]= 1.005017	
<R>= 1.004234

Mean parameters
A[0]= 1.001296 pm 0.050336
A[1]= 0.982896 pm 0.020341
A[2]= 0.811056 pm 0.095024
A[3]= 2.152694 pm 0.057382
A[4]= -0.493198 pm 0.790054
A[5]= 1.227479 pm 0.196201
A[6]= 4.044516 pm 0.411322
A[7]= 2.139549 pm 0.062180
A[8]= -0.211736 pm 0.947805
A[9]= 1.140258 pm 0.204237
A[10]= 4.160131 pm 0.416653

Best-fitting parameters
A[0]= 0.986894
A[1]= 0.985692
A[2]= 0.820367
A[3]= 2.145005
A[4]= -0.625107
A[5]= 1.221194
A[6]= 3.955387
A[7]= 2.129514
A[8]= -0.446363
A[9]= 1.141367
A[10]= 3.974958
chi2_min= 83.866190


Cross-Covariance parameters
1.000000	-0.566026	-0.751730	0.786942	-0.271370	0.441628	0.528089	0.781415	-0.147961	0.304498	0.487567	
-0.566026	1.000000	0.727706	-0.243570	0.142519	-0.116654	-0.245797	-0.268442	0.070138	-0.037963	-0.215518	
-0.751730	0.727706	1.000000	-0.731553	-0.051498	-0.003251	0.030431	-0.687719	-0.019636	-0.002683	0.018891	
0.786942	-0.243570	-0.731553	1.000000	0.210325	-0.048277	0.019226	0.803530	-0.025715	0.152103	0.124570	
-0.271370	0.142519	-0.051498	0.210325	1.000000	-0.948860	-0.739833	-0.071966	0.144603	-0.223842	-0.437278	
0.441628	-0.116654	-0.003251	-0.048277	-0.948860	1.000000	0.854727	0.223076	-0.183048	0.313407	0.556647	
0.528089	-0.245797	0.030431	0.019226	-0.739833	0.854727	1.000000	0.189229	-0.245208	0.394104	0.749540	
0.781415	-0.268442	-0.687719	0.803530	-0.071966	0.223076	0.189229	1.000000	0.239756	-0.146233	0.030216	
-0.147961	0.070138	-0.019636	-0.025715	0.144603	-0.183048	-0.245208	0.239756	1.000000	-0.937136	-0.620962	
0.304498	-0.037963	-0.002683	0.152103	-0.223842	0.313407	0.394104	-0.146233	-0.937136	1.000000	0.767761	
0.487567	-0.215518	0.018891	0.124570	-0.437278	0.556647	0.749540	0.030216	-0.620962	0.767761	1.000000	

Time taken for mcmc chain: 7.433889 hours
