Number of steps: 1144500
Number of accepted steps: 310963
Burn-in number of steps: 12000
Accepted fraction of steps: 0.271702
Convergence Status
R[0]= 1.001703	R[1]= 1.001449	R[2]= 1.002130	R[3]= 1.001063	R[4]= 1.001634	R[5]= 1.001766	R[6]= 1.001202	R[7]= 1.001800	R[8]= 1.001407	R[9]= 1.001458	R[10]= 1.002259	
<R>= 1.001625

Mean parameters
A[0]= 1.058312 pm 0.058148
A[1]= 0.969390 pm 0.019036
A[2]= 0.791289 pm 0.091695
A[3]= 2.149081 pm 0.057794
A[4]= -0.610020 pm 0.881042
A[5]= 1.357447 pm 0.226390
A[6]= 4.548355 pm 0.557678
A[7]= 2.055411 pm 0.065990
A[8]= -1.340168 pm 1.052708
A[9]= 1.563570 pm 0.288226
A[10]= 4.717336 pm 0.743954

Best-fitting parameters
A[0]= 1.028095
A[1]= 0.975345
A[2]= 0.830529
A[3]= 2.122266
A[4]= -0.622728
A[5]= 1.316243
A[6]= 4.377176
A[7]= 2.035026
A[8]= -1.249608
A[9]= 1.480961
A[10]= 4.403612
chi2_min= 58.839790


Cross-Covariance parameters
1.000000	-0.540155	-0.656160	0.782676	-0.367802	0.555213	0.665893	0.685946	-0.243263	0.428747	0.576316	
-0.540155	1.000000	0.665771	-0.253011	0.136044	-0.123993	-0.301652	-0.226939	0.103255	-0.100208	-0.279110	
-0.656160	0.665771	1.000000	-0.730350	-0.079601	0.012972	0.011963	-0.669230	-0.124319	0.057468	0.044149	
0.782676	-0.253011	-0.730350	1.000000	0.122600	0.065251	0.155392	0.768490	-0.010276	0.172430	0.180524	
-0.367802	0.136044	-0.079601	0.122600	1.000000	-0.944696	-0.763500	-0.069729	0.278430	-0.364289	-0.488156	
0.555213	-0.123993	0.012972	0.065251	-0.944696	1.000000	0.883476	0.215481	-0.333150	0.471645	0.612007	
0.665893	-0.301652	0.011963	0.155392	-0.763500	0.883476	1.000000	0.190185	-0.426778	0.571664	0.788846	
0.685946	-0.226939	-0.669230	0.768490	-0.069729	0.215481	0.190185	1.000000	0.366378	-0.218550	-0.050394	
-0.243263	0.103255	-0.124319	-0.010276	0.278430	-0.333150	-0.426778	0.366378	1.000000	-0.950471	-0.756671	
0.428747	-0.100208	0.057468	0.172430	-0.364289	0.471645	0.571664	-0.218550	-0.950471	1.000000	0.867268	
0.576316	-0.279110	0.044149	0.180524	-0.488156	0.612007	0.788846	-0.050394	-0.756671	0.867268	1.000000	

Time taken for mcmc chain: 12.627500 hours
