Number of steps: 1309249
Number of accepted steps: 306809
Burn-in number of steps: 12000
Accepted fraction of steps: 0.234340
Convergence Status
R[0]= 1.004509	R[1]= 1.003041	R[2]= 1.002766	R[3]= 1.004134	R[4]= 1.000527	R[5]= 1.001041	R[6]= 1.002277	R[7]= 1.001968	R[8]= 1.001579	R[9]= 1.001032	R[10]= 1.002114	
<R>= 1.002272

Mean parameters
A[0]= 1.045031 pm 0.066534
A[1]= 0.969002 pm 0.026417
A[2]= 0.801523 pm 0.127744
A[3]= 2.273088 pm 0.076974
A[4]= 0.537701 pm 1.410191
A[5]= 1.118302 pm 0.337911
A[6]= 4.514666 pm 0.586984
A[7]= 2.239815 pm 0.082841
A[8]= -1.208987 pm 1.366336
A[9]= 1.605646 pm 0.481838
A[10]= 4.793125 pm 0.851615

Best-fitting parameters
A[0]= 1.014745
A[1]= 0.962353
A[2]= 0.803546
A[3]= 2.244361
A[4]= 1.049163
A[5]= 0.885105
A[6]= 4.183598
A[7]= 2.196053
A[8]= -1.599766
A[9]= 1.618120
A[10]= 4.520556
chi2_min= 54.778250


Cross-Covariance parameters
1.000000	-0.446245	-0.640454	0.811226	-0.214786	0.364326	0.553503	0.707720	-0.192616	0.349144	0.522941	
-0.446245	1.000000	0.646772	-0.137660	-0.047642	0.060159	-0.133495	-0.124705	0.021774	-0.007108	-0.173978	
-0.640454	0.646772	1.000000	-0.667445	-0.101420	0.134959	0.148067	-0.602711	-0.087764	0.062030	0.086906	
0.811226	-0.137660	-0.667445	1.000000	-0.028038	0.040151	0.145604	0.767924	-0.072995	0.201559	0.211824	
-0.214786	-0.047642	-0.101420	-0.028038	1.000000	-0.885514	-0.609961	-0.080959	0.124330	-0.196150	-0.285142	
0.364326	0.060159	0.134959	0.040151	-0.885514	1.000000	0.817668	0.154856	-0.196065	0.306705	0.454556	
0.553503	-0.133495	0.148067	0.145604	-0.609961	0.817668	1.000000	0.167153	-0.303205	0.443487	0.716720	
0.707720	-0.124705	-0.602711	0.767924	-0.080959	0.154856	0.167153	1.000000	0.257789	-0.181933	-0.007130	
-0.192616	0.021774	-0.087764	-0.072995	0.124330	-0.196065	-0.303205	0.257789	1.000000	-0.939170	-0.698042	
0.349144	-0.007108	0.062030	0.201559	-0.196150	0.306705	0.443487	-0.181933	-0.939170	1.000000	0.830453	
0.522941	-0.173978	0.086906	0.211824	-0.285142	0.454556	0.716720	-0.007130	-0.698042	0.830453	1.000000	

Time taken for mcmc chain: 14.451944 hours
