Number of steps: 1586462
Number of accepted steps: 306846
Burn-in number of steps: 12000
Accepted fraction of steps: 0.193415
Convergence Status
R[0]= 1.001064	R[1]= 1.000427	R[2]= 1.001038	R[3]= 1.001436	R[4]= 1.004272	R[5]= 1.002952	R[6]= 1.001585	R[7]= 1.000361	R[8]= 1.012639	R[9]= 1.006282	R[10]= 1.000356	
<R>= 1.002947

Mean parameters
A[0]= 0.963149 pm 0.056962
A[1]= 0.998637 pm 0.028885
A[2]= 0.780331 pm 0.134661
A[3]= 2.213981 pm 0.080095
A[4]= -0.370506 pm 1.438375
A[5]= 1.256553 pm 0.437995
A[6]= 3.628754 pm 0.601194
A[7]= 2.195505 pm 0.083993
A[8]= 0.148131 pm 1.428024
A[9]= 1.184430 pm 0.374872
A[10]= 3.481369 pm 0.524906

Best-fitting parameters
A[0]= 0.944300
A[1]= 0.997277
A[2]= 0.776952
A[3]= 2.218001
A[4]= 0.070260
A[5]= 0.998331
A[6]= 3.341860
A[7]= 2.201635
A[8]= 0.180426
A[9]= 1.017766
A[10]= 3.264707
chi2_min= 63.596230


Cross-Covariance parameters
1.000000	-0.435997	-0.668982	0.713909	-0.189395	0.287116	0.333337	0.723722	-0.075823	0.199036	0.287274	
-0.435997	1.000000	0.679609	-0.121497	-0.015908	0.049871	-0.012681	-0.109982	0.028677	0.028959	-0.000312	
-0.668982	0.679609	1.000000	-0.677507	-0.181769	0.193072	0.330186	-0.593124	-0.032437	0.067701	0.325926	
0.713909	-0.121497	-0.677507	1.000000	0.311678	-0.293536	-0.252763	0.730759	0.013958	0.053002	-0.125643	
-0.189395	-0.015908	-0.181769	0.311678	1.000000	-0.939045	-0.699503	-0.023434	0.069613	-0.153185	-0.392312	
0.287116	0.049871	0.193072	-0.293536	-0.939045	1.000000	0.817545	0.088724	-0.088220	0.198267	0.481689	
0.333337	-0.012681	0.330186	-0.252763	-0.699503	0.817545	1.000000	-0.000774	-0.137218	0.278742	0.730388	
0.723722	-0.109982	-0.593124	0.730759	-0.023434	0.088724	-0.000774	1.000000	0.242411	-0.269189	-0.149654	
-0.075823	0.028677	-0.032437	0.013958	0.069613	-0.088220	-0.137218	0.242411	1.000000	-0.894915	-0.440749	
0.199036	0.028959	0.067701	0.053002	-0.153185	0.198267	0.278742	-0.269189	-0.894915	1.000000	0.620380	
0.287274	-0.000312	0.325926	-0.125643	-0.392312	0.481689	0.730388	-0.149654	-0.440749	0.620380	1.000000	

Time taken for mcmc chain: 15.796389 hours
