Number of steps: 1128604
Number of accepted steps: 311823
Burn-in number of steps: 12000
Accepted fraction of steps: 0.276291
Convergence Status
R[0]= 1.001386	R[1]= 1.000326	R[2]= 1.001191	R[3]= 1.002713	R[4]= 1.008769	R[5]= 1.006842	R[6]= 1.003370	R[7]= 1.002107	R[8]= 1.001506	R[9]= 1.002410	R[10]= 1.002382	
<R>= 1.003000

Mean parameters
A[0]= 0.992070 pm 0.049386
A[1]= 1.010543 pm 0.024347
A[2]= 0.909682 pm 0.098694
A[3]= 2.102387 pm 0.054114
A[4]= -1.699913 pm 0.654317
A[5]= 1.608627 pm 0.215279
A[6]= 4.623263 pm 0.524998
A[7]= 2.112863 pm 0.062737
A[8]= 0.499643 pm 1.494565
A[9]= 1.168305 pm 0.235564
A[10]= 4.255279 pm 0.445705

Best-fitting parameters
A[0]= 0.968399
A[1]= 1.020920
A[2]= 0.939436
A[3]= 2.087619
A[4]= -1.765888
A[5]= 1.600778
A[6]= 4.464451
A[7]= 2.106872
A[8]= 0.232947
A[9]= 1.120628
A[10]= 4.093179
chi2_min= 59.697820


Cross-Covariance parameters
1.000000	-0.499478	-0.648827	0.746764	-0.394957	0.551501	0.633882	0.754600	-0.193827	0.319130	0.518936	
-0.499478	1.000000	0.747641	-0.155914	0.125455	-0.039785	-0.237484	-0.180306	0.008256	0.056670	-0.122301	
-0.648827	0.747641	1.000000	-0.619580	-0.035208	0.021385	0.019887	-0.590340	-0.036305	0.102514	0.114848	
0.746764	-0.155914	-0.619580	1.000000	0.141695	0.055839	0.097462	0.781591	-0.085526	0.156396	0.142668	
-0.394957	0.125455	-0.035208	0.141695	1.000000	-0.949907	-0.776580	-0.162147	0.173710	-0.295397	-0.499311	
0.551501	-0.039785	0.021385	0.055839	-0.949907	1.000000	0.862902	0.324820	-0.223388	0.391477	0.605748	
0.633882	-0.237484	0.019887	0.097462	-0.776580	0.862902	1.000000	0.256640	-0.264830	0.445185	0.773456	
0.754600	-0.180306	-0.590340	0.781591	-0.162147	0.324820	0.256640	1.000000	0.058010	-0.097149	0.057224	
-0.193827	0.008256	-0.036305	-0.085526	0.173710	-0.223388	-0.264830	0.058010	1.000000	-0.858055	-0.585259	
0.319130	0.056670	0.102514	0.156396	-0.295397	0.391477	0.445185	-0.097149	-0.858055	1.000000	0.795291	
0.518936	-0.122301	0.114848	0.142668	-0.499311	0.605748	0.773456	0.057224	-0.585259	0.795291	1.000000	

Time taken for mcmc chain: 11.119722 hours
