Number of steps: 2250862
Number of accepted steps: 2000004
Burn-in number of steps: 12000
Accepted fraction of steps: 0.888550
Convergence Status
R[0]= 1.016996	R[1]= 1.033090	R[2]= 1.075118	R[3]= 1.042792	R[4]= 1.027632	R[5]= 1.191532	R[6]= 1.135082	R[7]= 1.645218	R[8]= 1.013221	R[9]= 1.121286	R[10]= 1.027756	
<R>= 1.120884

Mean parameters
A[0]= 1.016633 pm 0.222765
A[1]= 1.054760 pm 0.208983
A[2]= 2.031619 pm 1.513794
A[3]= 1.336934 pm 1.067523
A[4]= 0.204080 pm 5.160733
A[5]= 6.748424 pm 2.753719
A[6]= 10.895764 pm 5.707553
A[7]= 3.086987 pm 2.106704
A[8]= -0.205685 pm 5.675265
A[9]= -0.280332 pm 5.188877
A[10]= 10.421185 pm 5.816949

Best-fitting parameters
A[0]= 0.617420
A[1]= 1.373707
A[2]= 6.323532
A[3]= 3.881780
A[4]= 3.721422
A[5]= 4.507542
A[6]= 0.571645
A[7]= 2.396460
A[8]= -6.957521
A[9]= -3.879450
A[10]= 4.658952
chi2_min= 39751.950000


Cross-Covariance parameters
1.000000	-0.113540	0.044320	0.096422	-0.063723	-0.036451	0.022377	0.022704	0.047944	0.041867	-0.074201	
-0.113540	1.000000	0.103811	0.182665	0.109296	-0.012244	-0.112989	0.145692	-0.024157	0.011628	-0.002899	
0.044320	0.103811	1.000000	-0.065007	-0.127530	-0.084901	0.142242	-0.225268	0.034153	-0.094464	-0.111562	
0.096422	0.182665	-0.065007	1.000000	0.008961	-0.318406	-0.165428	0.050192	-0.020792	0.008823	0.057615	
-0.063723	0.109296	-0.127530	0.008961	1.000000	-0.090016	0.008130	0.090200	0.012241	0.030579	0.039300	
-0.036451	-0.012244	-0.084901	-0.318406	-0.090016	1.000000	0.160551	0.038083	-0.064737	-0.113583	0.055585	
0.022377	-0.112989	0.142242	-0.165428	0.008130	0.160551	1.000000	0.103646	0.031917	0.040009	0.043105	
0.022704	0.145692	-0.225268	0.050192	0.090200	0.038083	0.103646	1.000000	-0.109275	-0.612256	-0.079546	
0.047944	-0.024157	0.034153	-0.020792	0.012241	-0.064737	0.031917	-0.109275	1.000000	-0.062494	-0.022121	
0.041867	0.011628	-0.094464	0.008823	0.030579	-0.113583	0.040009	-0.612256	-0.062494	1.000000	0.102026	
-0.074201	-0.002899	-0.111562	0.057615	0.039300	0.055585	0.043105	-0.079546	-0.022121	0.102026	1.000000	

Time taken for mcmc chain: 1.800104 days
