Number of steps: 3299230
Number of accepted steps: 355099
Burn-in number of steps: 12000
Accepted fraction of steps: 0.107631
Convergence Status
R[0]= 1.004589	R[1]= 1.009929	R[2]= 1.009153	R[3]= 1.005163	R[4]= 1.007080	R[5]= 1.005063	R[6]= 1.003855	R[7]= 1.002771	R[8]= 1.003176	R[9]= 1.004425	R[10]= 1.006461	
<R>= 1.005606

Mean parameters
A[0]= 0.935559 pm 0.059042
A[1]= 1.033555 pm 0.036281
A[2]= 0.981667 pm 0.147605
A[3]= 2.189454 pm 0.088466
A[4]= 0.381034 pm 2.157867
A[5]= 1.285239 pm 0.462050
A[6]= 4.165164 pm 0.626467
A[7]= 2.225145 pm 0.089257
A[8]= 0.859090 pm 1.695730
A[9]= 1.078671 pm 0.364664
A[10]= 3.920486 pm 0.506766

Best-fitting parameters
A[0]= 0.924566
A[1]= 1.025868
A[2]= 0.970117
A[3]= 2.177426
A[4]= -0.758128
A[5]= 1.325322
A[6]= 4.031846
A[7]= 2.245246
A[8]= 1.366130
A[9]= 0.786618
A[10]= 3.656573
chi2_min= 59.544610


Cross-Covariance parameters
1.000000	-0.339291	-0.591760	0.729332	-0.340878	0.416223	0.475944	0.764748	-0.164099	0.282665	0.421374	
-0.339291	1.000000	0.712970	0.017530	-0.134467	0.125025	0.029784	-0.029467	-0.014681	0.116502	0.065918	
-0.591760	0.712970	1.000000	-0.551503	-0.054664	0.183326	0.266665	-0.526214	-0.018298	0.125164	0.295392	
0.729332	0.017530	-0.551503	1.000000	-0.244971	-0.001010	-0.015980	0.791481	-0.075799	0.132810	0.039819	
-0.340878	-0.134467	-0.054664	-0.244971	1.000000	-0.787098	-0.587681	-0.269493	0.103459	-0.215599	-0.346758	
0.416223	0.125025	0.183326	-0.001010	-0.787098	1.000000	0.867113	0.229271	-0.156380	0.321381	0.576714	
0.475944	0.029784	0.266665	-0.015980	-0.587681	0.867113	1.000000	0.156887	-0.189300	0.395846	0.779885	
0.764748	-0.029467	-0.526214	0.791481	-0.269493	0.229271	0.156887	1.000000	-0.036949	-0.065756	0.039481	
-0.164099	-0.014681	-0.018298	-0.075799	0.103459	-0.156380	-0.189300	-0.036949	1.000000	-0.802410	-0.459980	
0.282665	0.116502	0.125164	0.132810	-0.215599	0.321381	0.395846	-0.065756	-0.802410	1.000000	0.716925	
0.421374	0.065918	0.295392	0.039819	-0.346758	0.576714	0.779885	0.039481	-0.459980	0.716925	1.000000	

Time taken for mcmc chain: 1.730764 days
