Number of steps: 20325964
Number of accepted steps: 600000
Burn-in number of steps: 12000
Accepted fraction of steps: 0.029519
Convergence Status
R[0]= 1.001954	R[1]= 1.001594	R[2]= 1.004375	R[3]= 1.003615	R[4]= 1.000588	R[5]= 1.000385	R[6]= 1.000247	R[7]= 1.006824	R[8]= 1.014524	R[9]= 1.001215	R[10]= 1.000097	
<R>= 1.003220

Mean parameters
A[0]= 0.983879 pm 0.088847
A[1]= 1.038981 pm 0.035083
A[2]= 1.067057 pm 0.184081
A[3]= 2.148039 pm 0.105554
A[4]= -1.709917 pm 1.059730
A[5]= 1.913007 pm 0.489376
A[6]= 4.933608 pm 1.060220
A[7]= 2.118977 pm 0.132305
A[8]= -0.982313 pm 3.796931
A[9]= 2.325248 pm 0.538560
A[10]= 5.416306 pm 1.179802

Best-fitting parameters
A[0]= 0.988493
A[1]= 1.032811
A[2]= 1.055156
A[3]= 2.129826
A[4]= -2.152452
A[5]= 2.052900
A[6]= 4.970939
A[7]= 2.134236
A[8]= -3.211495
A[9]= 2.567351
A[10]= 5.598203
chi2_min= 54.743490


Cross-Covariance parameters
1.000000	-0.499205	-0.554550	0.804812	-0.420900	0.592706	0.630108	0.708869	-0.145232	0.487054	0.634535	
-0.499205	1.000000	0.645948	-0.293393	0.140838	-0.115841	-0.230599	-0.192282	-0.095970	-0.028518	-0.249303	
-0.554550	0.645948	1.000000	-0.738626	-0.180642	0.130774	0.196375	-0.636206	0.234552	0.005254	0.123886	
0.804812	-0.293393	-0.738626	1.000000	0.059448	0.119308	0.133755	0.816129	-0.293484	0.305820	0.219485	
-0.420900	0.140838	-0.180642	0.059448	1.000000	-0.953400	-0.796468	-0.086715	-0.056029	-0.373107	-0.606467	
0.592706	-0.115841	0.130774	0.119308	-0.953400	1.000000	0.893424	0.237189	0.007838	0.481143	0.718280	
0.630108	-0.230599	0.196375	0.133755	-0.796468	0.893424	1.000000	0.151051	0.118051	0.494238	0.848587	
0.708869	-0.192282	-0.636206	0.816129	-0.086715	0.237189	0.151051	1.000000	-0.507102	0.127760	0.122051	
-0.145232	-0.095970	0.234552	-0.293484	-0.056029	0.007838	0.118051	-0.507102	1.000000	-0.404462	-0.024905	
0.487054	-0.028518	0.005254	0.305820	-0.373107	0.481143	0.494238	0.127760	-0.404462	1.000000	0.757885	
0.634535	-0.249303	0.123886	0.219485	-0.606467	0.718280	0.848587	0.122051	-0.024905	0.757885	1.000000	

Time taken for mcmc chain: 11.088472 days
