Number of steps: 1406831
Number of accepted steps: 310111
Burn-in number of steps: 12000
Accepted fraction of steps: 0.220432
Convergence Status
R[0]= 1.002873	R[1]= 1.000353	R[2]= 1.000547	R[3]= 1.000874	R[4]= 1.000970	R[5]= 1.001493	R[6]= 1.003401	R[7]= 1.002280	R[8]= 1.002674	R[9]= 1.004767	R[10]= 1.004995	
<R>= 1.002293

Mean parameters
A[0]= 1.030273 pm 0.036179
A[1]= 0.978127 pm 0.020655
A[2]= 0.789251 pm 0.078440
A[3]= 2.171755 pm 0.043959
A[4]= 0.189386 pm 0.944055
A[5]= 1.144302 pm 0.183373
A[6]= 4.032000 pm 0.340201
A[7]= 2.160871 pm 0.051229
A[8]= 0.294807 pm 1.428026
A[9]= 1.143663 pm 0.242320
A[10]= 4.041767 pm 0.404541

Best-fitting parameters
A[0]= 1.017641
A[1]= 0.978834
A[2]= 0.784310
A[3]= 2.175233
A[4]= 0.505785
A[5]= 1.035250
A[6]= 3.796496
A[7]= 2.161516
A[8]= 0.144292
A[9]= 1.080377
A[10]= 3.869323
chi2_min= 64.505780


Cross-Covariance parameters
1.000000	-0.435297	-0.612036	0.681684	-0.187837	0.310559	0.461498	0.612583	-0.122680	0.213998	0.400044	
-0.435297	1.000000	0.714849	0.001399	0.003380	0.098454	-0.088619	-0.011654	-0.000621	0.078290	-0.071559	
-0.612036	0.714849	1.000000	-0.530879	-0.143474	0.199486	0.236530	-0.461603	-0.067365	0.133027	0.203035	
0.681684	0.001399	-0.530879	1.000000	0.271384	-0.186836	-0.117021	0.683887	-0.012687	0.076238	0.014866	
-0.187837	0.003380	-0.143474	0.271384	1.000000	-0.936474	-0.673186	-0.006420	0.109183	-0.164363	-0.316775	
0.310559	0.098454	0.199486	-0.186836	-0.936474	1.000000	0.803121	0.101721	-0.149712	0.247660	0.435892	
0.461498	-0.088619	0.236530	-0.117021	-0.673186	0.803121	1.000000	0.041195	-0.205659	0.332209	0.679398	
0.612583	-0.011654	-0.461603	0.683887	-0.006420	0.101721	0.041195	1.000000	0.285630	-0.342550	-0.194655	
-0.122680	-0.000621	-0.067365	-0.012687	0.109183	-0.149712	-0.205659	0.285630	1.000000	-0.903610	-0.614118	
0.213998	0.078290	0.133027	0.076238	-0.164363	0.247660	0.332209	-0.342550	-0.903610	1.000000	0.773035	
0.400044	-0.071559	0.203035	0.014866	-0.316775	0.435892	0.679398	-0.194655	-0.614118	0.773035	1.000000	

Time taken for mcmc chain: 13.392778 hours
