Number of steps: 1654101
Number of accepted steps: 366542
Burn-in number of steps: 12000
Accepted fraction of steps: 0.221596
Convergence Status
R[0]= 1.003081	R[1]= 1.001534	R[2]= 1.000867	R[3]= 1.000184	R[4]= 1.006111	R[5]= 1.006186	R[6]= 1.006117	R[7]= 1.000088	R[8]= 1.003892	R[9]= 1.004911	R[10]= 1.007420	
<R>= 1.003672

Mean parameters
A[0]= 1.055347 pm 0.051934
A[1]= 0.956529 pm 0.023312
A[2]= 0.760695 pm 0.092149
A[3]= 2.136002 pm 0.052053
A[4]= -1.010114 pm 0.897044
A[5]= 1.398537 pm 0.242024
A[6]= 4.547794 pm 0.605634
A[7]= 2.133301 pm 0.057434
A[8]= -0.687652 pm 1.191674
A[9]= 1.331036 pm 0.263149
A[10]= 4.742008 pm 0.629046

Best-fitting parameters
A[0]= 1.019613
A[1]= 0.957414
A[2]= 0.813355
A[3]= 2.083867
A[4]= -1.371422
A[5]= 1.432621
A[6]= 4.534796
A[7]= 2.096506
A[8]= -0.913720
A[9]= 1.290400
A[10]= 4.562741
chi2_min= 62.799640


Cross-Covariance parameters
1.000000	-0.521952	-0.615571	0.659364	-0.350627	0.494234	0.640600	0.678887	-0.210039	0.351378	0.583628	
-0.521952	1.000000	0.718243	-0.102572	0.103251	-0.046469	-0.269202	-0.141467	0.036151	0.015740	-0.232259	
-0.615571	0.718243	1.000000	-0.609754	-0.147121	0.133268	0.062424	-0.549485	-0.101312	0.113918	0.054113	
0.659364	-0.102572	-0.609754	1.000000	0.279419	-0.123720	-0.023502	0.727062	0.000686	0.111076	0.099582	
-0.350627	0.103251	-0.147121	0.279419	1.000000	-0.954477	-0.789308	-0.061275	0.261215	-0.333880	-0.507175	
0.494234	-0.046469	0.133268	-0.123720	-0.954477	1.000000	0.881461	0.197371	-0.293939	0.416839	0.606402	
0.640600	-0.269202	0.062424	-0.023502	-0.789308	0.881461	1.000000	0.194207	-0.343281	0.474694	0.771068	
0.678887	-0.141467	-0.549485	0.727062	-0.061275	0.197371	0.194207	1.000000	0.276254	-0.197902	-0.002551	
-0.210039	0.036151	-0.101312	0.000686	0.261215	-0.293939	-0.343281	0.276254	1.000000	-0.930821	-0.698882	
0.351378	0.015740	0.113918	0.111076	-0.333880	0.416839	0.474694	-0.197902	-0.930821	1.000000	0.829153	
0.583628	-0.232259	0.054113	0.099582	-0.507175	0.606402	0.771068	-0.002551	-0.698882	0.829153	1.000000	

Time taken for mcmc chain: 18.955833 hours
