Number of steps: 3160157
Number of accepted steps: 307277
Burn-in number of steps: 12000
Accepted fraction of steps: 0.097235
Convergence Status
R[0]= 1.001176	R[1]= 1.003117	R[2]= 1.004359	R[3]= 1.000888	R[4]= 1.001747	R[5]= 1.000341	R[6]= 1.000468	R[7]= 1.003336	R[8]= 1.003689	R[9]= 1.003107	R[10]= 1.001492	
<R>= 1.002156

Mean parameters
A[0]= 0.972428 pm 0.071107
A[1]= 0.966098 pm 0.038526
A[2]= 0.702190 pm 0.158664
A[3]= 2.173599 pm 0.085886
A[4]= -1.037053 pm 1.327021
A[5]= 1.434748 pm 0.460862
A[6]= 3.730381 pm 0.806851
A[7]= 2.156027 pm 0.093524
A[8]= -1.380998 pm 1.531926
A[9]= 1.664107 pm 0.526511
A[10]= 4.000406 pm 0.933841

Best-fitting parameters
A[0]= 1.003847
A[1]= 0.942949
A[2]= 0.683731
A[3]= 2.156449
A[4]= -1.776419
A[5]= 1.676345
A[6]= 4.230899
A[7]= 2.134729
A[8]= -2.396764
A[9]= 2.028473
A[10]= 4.710312
chi2_min= 66.946100


Cross-Covariance parameters
1.000000	-0.523055	-0.689464	0.678893	-0.262923	0.387208	0.458524	0.689551	-0.124440	0.259517	0.430454	
-0.523055	1.000000	0.726130	-0.095399	0.095568	-0.063205	-0.173273	-0.179743	-0.038698	0.070670	-0.138613	
-0.689464	0.726130	1.000000	-0.620624	-0.097656	0.090171	0.173871	-0.606311	-0.142241	0.125030	0.154334	
0.678893	-0.095399	-0.620624	1.000000	0.301889	-0.218517	-0.159455	0.719447	0.030368	0.079290	-0.019111	
-0.262923	0.095568	-0.097656	0.301889	1.000000	-0.946485	-0.699317	-0.019470	0.193030	-0.251500	-0.431593	
0.387208	-0.063205	0.090171	-0.218517	-0.946485	1.000000	0.813362	0.113754	-0.233857	0.325817	0.532748	
0.458524	-0.173273	0.173871	-0.159455	-0.699317	0.813362	1.000000	0.034693	-0.303950	0.409309	0.761216	
0.689551	-0.179743	-0.606311	0.719447	-0.019470	0.113754	0.034693	1.000000	0.360262	-0.297077	-0.122284	
-0.124440	-0.038698	-0.142241	0.030368	0.193030	-0.233857	-0.303950	0.360262	1.000000	-0.931911	-0.632409	
0.259517	0.070670	0.125030	0.079290	-0.251500	0.325817	0.409309	-0.297077	-0.931911	1.000000	0.753415	
0.430454	-0.138613	0.154334	-0.019111	-0.431593	0.532748	0.761216	-0.122284	-0.632409	0.753415	1.000000	

Time taken for mcmc chain: 1.434525 days
