Number of steps: 1044486
Number of accepted steps: 306333
Burn-in number of steps: 12000
Accepted fraction of steps: 0.293286
Convergence Status
R[0]= 1.002220	R[1]= 1.000104	R[2]= 1.001018	R[3]= 1.003547	R[4]= 1.004482	R[5]= 1.003945	R[6]= 1.004351	R[7]= 1.003488	R[8]= 1.000427	R[9]= 1.000399	R[10]= 1.000538	
<R>= 1.002229

Mean parameters
A[0]= 1.020407 pm 0.031299
A[1]= 0.980043 pm 0.021272
A[2]= 0.797250 pm 0.080625
A[3]= 2.172502 pm 0.041987
A[4]= 0.221455 pm 0.867860
A[5]= 1.119669 pm 0.165799
A[6]= 4.044635 pm 0.321919
A[7]= 2.127615 pm 0.048453
A[8]= -0.260304 pm 1.137831
A[9]= 1.217126 pm 0.221352
A[10]= 4.425091 pm 0.424442

Best-fitting parameters
A[0]= 1.006323
A[1]= 0.984896
A[2]= 0.786286
A[3]= 2.178372
A[4]= 0.270692
A[5]= 1.062185
A[6]= 3.821442
A[7]= 2.132373
A[8]= 0.112881
A[9]= 1.095136
A[10]= 4.132129
chi2_min= 58.028530


Cross-Covariance parameters
1.000000	-0.482962	-0.625413	0.638515	-0.105745	0.191805	0.336398	0.558958	-0.077751	0.147256	0.314171	
-0.482962	1.000000	0.715415	0.014461	-0.004947	0.127649	-0.068454	0.000705	0.030818	0.077423	-0.096733	
-0.625413	0.715415	1.000000	-0.531330	-0.209034	0.296751	0.340336	-0.457287	-0.096091	0.180499	0.241529	
0.638515	0.014461	-0.531330	1.000000	0.357581	-0.303226	-0.271523	0.667422	0.060597	0.007172	-0.096107	
-0.105745	-0.004947	-0.209034	0.357581	1.000000	-0.938601	-0.676891	0.070329	0.117569	-0.147127	-0.289878	
0.191805	0.127649	0.296751	-0.303226	-0.938601	1.000000	0.796015	-0.000547	-0.135188	0.215561	0.384308	
0.336398	-0.068454	0.340336	-0.271523	-0.676891	0.796015	1.000000	-0.103791	-0.211763	0.315124	0.637693	
0.558958	0.000705	-0.457287	0.667422	0.070329	-0.000547	-0.103791	1.000000	0.425720	-0.441896	-0.342288	
-0.077751	0.030818	-0.096091	0.060597	0.117569	-0.135188	-0.211763	0.425720	1.000000	-0.932076	-0.678943	
0.147256	0.077423	0.180499	0.007172	-0.147127	0.215561	0.315124	-0.441896	-0.932076	1.000000	0.798234	
0.314171	-0.096733	0.241529	-0.096107	-0.289878	0.384308	0.637693	-0.342288	-0.678943	0.798234	1.000000	

Time taken for mcmc chain: 9.813333 hours
