Number of steps: 1149142
Number of accepted steps: 305265
Burn-in number of steps: 12000
Accepted fraction of steps: 0.265646
Convergence Status
R[0]= 1.002902	R[1]= 1.000563	R[2]= 1.001981	R[3]= 1.003195	R[4]= 1.000670	R[5]= 1.001696	R[6]= 1.002456	R[7]= 1.005279	R[8]= 1.002457	R[9]= 1.000301	R[10]= 1.000302	
<R>= 1.001982

Mean parameters
A[0]= 1.065884 pm 0.041656
A[1]= 0.998633 pm 0.025784
A[2]= 0.891732 pm 0.095843
A[3]= 2.204192 pm 0.047369
A[4]= -1.011377 pm 0.796958
A[5]= 1.491997 pm 0.217554
A[6]= 4.952310 pm 0.506070
A[7]= 2.164425 pm 0.052627
A[8]= -0.322718 pm 1.492777
A[9]= 1.398586 pm 0.281269
A[10]= 4.892107 pm 0.552683

Best-fitting parameters
A[0]= 1.065927
A[1]= 1.001828
A[2]= 0.916006
A[3]= 2.203165
A[4]= -1.451741
A[5]= 1.599396
A[6]= 5.135724
A[7]= 2.146095
A[8]= -1.302169
A[9]= 1.570639
A[10]= 5.097089
chi2_min= 57.319290


Cross-Covariance parameters
1.000000	-0.505069	-0.567082	0.620186	-0.261346	0.378758	0.555985	0.560323	-0.235230	0.319629	0.513402	
-0.505069	1.000000	0.751356	-0.027510	0.048707	0.064360	-0.182816	-0.028979	0.067647	0.037238	-0.159249	
-0.567082	0.751356	1.000000	-0.504684	-0.208709	0.264956	0.188584	-0.436405	-0.046838	0.153275	0.154049	
0.620186	-0.027510	-0.504684	1.000000	0.351738	-0.213542	-0.125573	0.687845	-0.037453	0.090711	0.026956	
-0.261346	0.048707	-0.208709	0.351738	1.000000	-0.948354	-0.776589	0.054798	0.181321	-0.277640	-0.450518	
0.378758	0.064360	0.264956	-0.213542	-0.948354	1.000000	0.863930	0.061565	-0.228760	0.369181	0.549211	
0.555985	-0.182816	0.188584	-0.125573	-0.776589	0.863930	1.000000	0.023301	-0.307176	0.447866	0.741266	
0.560323	-0.028979	-0.436405	0.687845	0.054798	0.061565	0.023301	1.000000	0.242925	-0.290224	-0.168632	
-0.235230	0.067647	-0.046838	-0.037453	0.181321	-0.228760	-0.307176	0.242925	1.000000	-0.896021	-0.679862	
0.319629	0.037238	0.153275	0.090711	-0.277640	0.369181	0.447866	-0.290224	-0.896021	1.000000	0.834008	
0.513402	-0.159249	0.154049	0.026956	-0.450518	0.549211	0.741266	-0.168632	-0.679862	0.834008	1.000000	

Time taken for mcmc chain: 12.102500 hours
