Number of steps: 1543826
Number of accepted steps: 322348
Burn-in number of steps: 12000
Accepted fraction of steps: 0.208798
Convergence Status
R[0]= 1.005689	R[1]= 1.006723	R[2]= 1.010641	R[3]= 1.004960	R[4]= 1.001632	R[5]= 1.001330	R[6]= 1.001925	R[7]= 1.004241	R[8]= 1.009540	R[9]= 1.008828	R[10]= 1.004582	
<R>= 1.005463

Mean parameters
A[0]= 1.019665 pm 0.063312
A[1]= 1.002829 pm 0.034668
A[2]= 0.761581 pm 0.166348
A[3]= 2.268903 pm 0.089838
A[4]= -1.008541 pm 1.210598
A[5]= 1.470549 pm 0.483394
A[6]= 3.997087 pm 0.876000
A[7]= 2.206091 pm 0.097927
A[8]= -0.127258 pm 1.884162
A[9]= 1.414916 pm 0.520029
A[10]= 3.609672 pm 0.763095

Best-fitting parameters
A[0]= 1.008131
A[1]= 0.993964
A[2]= 0.709085
A[3]= 2.285453
A[4]= -0.666085
A[5]= 1.239347
A[6]= 3.561913
A[7]= 2.262942
A[8]= 0.718852
A[9]= 0.956143
A[10]= 3.124773
chi2_min= 63.964080


Cross-Covariance parameters
1.000000	-0.558341	-0.668921	0.641116	-0.187017	0.286384	0.305345	0.634636	-0.053993	0.150097	0.210560	
-0.558341	1.000000	0.667301	-0.140921	0.073394	-0.052322	-0.132651	-0.136430	0.041653	-0.019348	-0.073668	
-0.668921	0.667301	1.000000	-0.725485	-0.300666	0.294787	0.382553	-0.622769	-0.128946	0.166063	0.419295	
0.641116	-0.140921	-0.725485	1.000000	0.470468	-0.404986	-0.397655	0.741816	0.117621	-0.094679	-0.339857	
-0.187017	0.073394	-0.300666	0.470468	1.000000	-0.970247	-0.801854	0.157560	0.177545	-0.271626	-0.565876	
0.286384	-0.052322	0.294787	-0.404986	-0.970247	1.000000	0.875743	-0.086612	-0.193689	0.308240	0.627021	
0.305345	-0.132651	0.382553	-0.397655	-0.801854	0.875743	1.000000	-0.185262	-0.246601	0.375378	0.796879	
0.634636	-0.136430	-0.622769	0.741816	0.157560	-0.086612	-0.185262	1.000000	0.381062	-0.448794	-0.362187	
-0.053993	0.041653	-0.128946	0.117621	0.177545	-0.193689	-0.246601	0.381062	1.000000	-0.896867	-0.514770	
0.150097	-0.019348	0.166063	-0.094679	-0.271626	0.308240	0.375378	-0.448794	-0.896867	1.000000	0.672963	
0.210560	-0.073668	0.419295	-0.339857	-0.565876	0.627021	0.796879	-0.362187	-0.514770	0.672963	1.000000	

Time taken for mcmc chain: 15.683056 hours
