Number of steps: 3823125
Number of accepted steps: 309316
Burn-in number of steps: 12000
Accepted fraction of steps: 0.080907
Convergence Status
R[0]= 1.000417	R[1]= 1.001230	R[2]= 1.000884	R[3]= 1.000607	R[4]= 1.000940	R[5]= 1.000895	R[6]= 1.000293	R[7]= 1.000145	R[8]= 1.005629	R[9]= 1.003327	R[10]= 1.001902	
<R>= 1.001479

Mean parameters
A[0]= 1.068065 pm 0.107321
A[1]= 0.914401 pm 0.044399
A[2]= 0.483869 pm 0.186171
A[3]= 2.298928 pm 0.100154
A[4]= -0.129428 pm 1.283036
A[5]= 1.109805 pm 0.415565
A[6]= 3.641737 pm 0.843117
A[7]= 2.252960 pm 0.125914
A[8]= 2.388526 pm 2.746740
A[9]= 1.120574 pm 0.472058
A[10]= 3.854257 pm 0.846558

Best-fitting parameters
A[0]= 0.991518
A[1]= 0.934814
A[2]= 0.583720
A[3]= 2.274424
A[4]= 1.198803
A[5]= 0.669029
A[6]= 2.989647
A[7]= 2.201796
A[8]= 4.241226
A[9]= 0.833523
A[10]= 3.332220
chi2_min= 43.442630


Cross-Covariance parameters
1.000000	-0.640171	-0.846669	0.781835	-0.236345	0.399500	0.576169	0.713817	-0.118758	0.196470	0.565762	
-0.640171	1.000000	0.771437	-0.202537	0.129365	-0.155232	-0.394901	-0.214507	0.001537	0.040518	-0.350548	
-0.846669	0.771437	1.000000	-0.697804	0.019027	-0.098859	-0.191103	-0.649968	0.137948	-0.012626	-0.211811	
0.781835	-0.202537	-0.697804	1.000000	0.134153	-0.001760	0.112165	0.793273	-0.171156	0.162403	0.239546	
-0.236345	0.129365	0.019027	0.134153	1.000000	-0.936442	-0.657436	-0.051216	-0.018355	-0.151224	-0.379684	
0.399500	-0.155232	-0.098859	-0.001760	-0.936442	1.000000	0.801624	0.179831	-0.008217	0.225724	0.516401	
0.576169	-0.394901	-0.191103	0.112165	-0.657436	0.801624	1.000000	0.176044	0.033788	0.257414	0.756816	
0.713817	-0.214507	-0.649968	0.793273	-0.051216	0.179831	0.176044	1.000000	-0.325968	-0.120924	0.082215	
-0.118758	0.001537	0.137948	-0.171156	-0.018355	-0.008217	0.033788	-0.325968	1.000000	-0.523057	-0.163443	
0.196470	0.040518	-0.012626	0.162403	-0.151224	0.225724	0.257414	-0.120924	-0.523057	1.000000	0.656614	
0.565762	-0.350548	-0.211811	0.239546	-0.379684	0.516401	0.756816	0.082215	-0.163443	0.656614	1.000000	

Time taken for mcmc chain: 2.081887 days
