Number of steps: 933055
Number of accepted steps: 306389
Burn-in number of steps: 12000
Accepted fraction of steps: 0.328372
Convergence Status
R[0]= 1.000596	R[1]= 1.000198	R[2]= 1.000273	R[3]= 1.000833	R[4]= 1.001258	R[5]= 1.001374	R[6]= 1.000726	R[7]= 1.000022	R[8]= 1.001918	R[9]= 1.000930	R[10]= 1.000835	
<R>= 1.000815

Mean parameters
A[0]= 1.116433 pm 0.076037
A[1]= 1.007889 pm 0.035903
A[2]= 0.871757 pm 0.152419
A[3]= 2.262229 pm 0.075934
A[4]= -2.421624 pm 0.877221
A[5]= 2.360433 pm 0.440501
A[6]= 5.923506 pm 1.098837
A[7]= 2.372348 pm 0.084397
A[8]= -0.891226 pm 1.526759
A[9]= 1.740962 pm 0.522629
A[10]= 5.387176 pm 0.986002

Best-fitting parameters
A[0]= 1.084114
A[1]= 1.004543
A[2]= 0.921865
A[3]= 2.200300
A[4]= -2.757079
A[5]= 2.450436
A[6]= 6.011361
A[7]= 2.342156
A[8]= -0.823199
A[9]= 1.553987
A[10]= 5.073359
chi2_min= 64.645020


Cross-Covariance parameters
1.000000	-0.467051	-0.465267	0.746958	-0.352361	0.520683	0.677227	0.695262	-0.236455	0.398929	0.629209	
-0.467051	1.000000	0.691864	-0.120187	0.013503	0.053631	-0.218177	-0.100527	0.010949	0.027472	-0.176381	
-0.465267	0.691864	1.000000	-0.508266	-0.233503	0.232819	0.182630	-0.471970	-0.140755	0.186613	0.187514	
0.746958	-0.120187	-0.508266	1.000000	0.117264	0.083502	0.192641	0.760895	-0.090895	0.214310	0.260959	
-0.352361	0.013503	-0.233503	0.117264	1.000000	-0.948334	-0.750687	-0.114708	0.204379	-0.320779	-0.484408	
0.520683	0.053631	0.232819	0.083502	-0.948334	1.000000	0.849462	0.279138	-0.264009	0.428155	0.606698	
0.677227	-0.218177	0.182630	0.192641	-0.750687	0.849462	1.000000	0.247877	-0.335151	0.508193	0.802608	
0.695262	-0.100527	-0.471970	0.760895	-0.114708	0.279138	0.247877	1.000000	0.145257	-0.079350	0.114877	
-0.236455	0.010949	-0.140755	-0.090895	0.204379	-0.264009	-0.335151	0.145257	1.000000	-0.914798	-0.656574	
0.398929	0.027472	0.186613	0.214310	-0.320779	0.428155	0.508193	-0.079350	-0.914798	1.000000	0.823960	
0.629209	-0.176381	0.187514	0.260959	-0.484408	0.606698	0.802608	0.114877	-0.656574	0.823960	1.000000	

Time taken for mcmc chain: 10.805833 hours
