Number of steps: 2568756
Number of accepted steps: 680039
Burn-in number of steps: 12000
Accepted fraction of steps: 0.264735
Convergence Status
R[0]= 1.001233	R[1]= 1.000684	R[2]= 1.000417	R[3]= 1.000574	R[4]= 1.006278	R[5]= 1.003727	R[6]= 1.001412	R[7]= 1.000612	R[8]= 1.001533	R[9]= 1.001386	R[10]= 1.001214	
<R>= 1.001734

Mean parameters
A[0]= 1.025168 pm 0.055885
A[1]= 1.028071 pm 0.028789
A[2]= 1.055577 pm 0.115062
A[3]= 2.096174 pm 0.057294
A[4]= -2.049329 pm 0.566209
A[5]= 1.812213 pm 0.201627
A[6]= 5.541380 pm 0.620040
A[7]= 2.089407 pm 0.064648
A[8]= -1.404965 pm 1.311898
A[9]= 1.682692 pm 0.285968
A[10]= 5.407010 pm 0.666882

Best-fitting parameters
A[0]= 1.025449
A[1]= 1.024742
A[2]= 1.068761
A[3]= 2.083340
A[4]= -2.264300
A[5]= 1.870913
A[6]= 5.678380
A[7]= 2.081933
A[8]= -2.028032
A[9]= 1.799516
A[10]= 5.713945
chi2_min= 61.164350


Cross-Covariance parameters
1.000000	-0.584766	-0.639492	0.812255	-0.434944	0.590146	0.698250	0.742613	-0.277271	0.411137	0.604588	
-0.584766	1.000000	0.779546	-0.278516	0.173008	-0.067136	-0.349260	-0.283202	0.059717	0.004268	-0.255644	
-0.639492	0.779546	1.000000	-0.630362	-0.028826	0.036653	-0.047926	-0.609565	-0.040743	0.090751	0.012859	
0.812255	-0.278516	-0.630362	1.000000	-0.025380	0.243963	0.273083	0.808770	-0.149149	0.267859	0.290645	
-0.434944	0.173008	-0.028826	-0.025380	1.000000	-0.929787	-0.782174	-0.163897	0.287541	-0.385378	-0.529491	
0.590146	-0.067136	0.036653	0.243963	-0.929787	1.000000	0.863228	0.336691	-0.340339	0.505193	0.638435	
0.698250	-0.349260	-0.047926	0.273083	-0.782174	0.863228	1.000000	0.288353	-0.370646	0.525420	0.792554	
0.742613	-0.283202	-0.609565	0.808770	-0.163897	0.336691	0.288353	1.000000	0.093354	-0.056821	0.093514	
-0.277271	0.059717	-0.040743	-0.149149	0.287541	-0.340339	-0.370646	0.093354	1.000000	-0.882349	-0.678239	
0.411137	0.004268	0.090751	0.267859	-0.385378	0.505193	0.525420	-0.056821	-0.882349	1.000000	0.843977	
0.604588	-0.255644	0.012859	0.290645	-0.529491	0.638435	0.792554	0.093514	-0.678239	0.843977	1.000000	

Time taken for mcmc chain: 1.144062 days
