Number of steps: 1674916
Number of accepted steps: 351305
Burn-in number of steps: 12000
Accepted fraction of steps: 0.209745
Convergence Status
R[0]= 1.006595	R[1]= 1.009695	R[2]= 1.006541	R[3]= 1.003427	R[4]= 1.006712	R[5]= 1.005008	R[6]= 1.004242	R[7]= 1.003413	R[8]= 1.001306	R[9]= 1.001557	R[10]= 1.003573	
<R>= 1.004734

Mean parameters
A[0]= 1.013822 pm 0.098926
A[1]= 1.020011 pm 0.039291
A[2]= 1.061424 pm 0.190722
A[3]= 2.159498 pm 0.106993
A[4]= -2.706397 pm 0.699236
A[5]= 2.248004 pm 0.399788
A[6]= 5.838654 pm 1.038598
A[7]= 2.215364 pm 0.126099
A[8]= 1.427399 pm 2.312606
A[9]= 1.347172 pm 0.401944
A[10]= 5.013830 pm 0.743758

Best-fitting parameters
A[0]= 1.022328
A[1]= 0.995419
A[2]= 0.990165
A[3]= 2.155043
A[4]= -2.903536
A[5]= 2.294752
A[6]= 6.009954
A[7]= 2.232811
A[8]= -0.438581
A[9]= 1.419088
A[10]= 5.049168
chi2_min= 58.001350


Cross-Covariance parameters
1.000000	-0.589756	-0.709553	0.913467	-0.514307	0.692419	0.740838	0.841742	-0.150558	0.362356	0.627974	
-0.589756	1.000000	0.778496	-0.411761	0.159281	-0.158438	-0.354033	-0.366765	-0.014225	0.002740	-0.225376	
-0.709553	0.778496	1.000000	-0.717251	0.100892	-0.187241	-0.171777	-0.699219	0.067718	0.027338	-0.046571	
0.913467	-0.411761	-0.717251	1.000000	-0.299316	0.508697	0.517152	0.876045	-0.161334	0.298149	0.454658	
-0.514307	0.159281	0.100892	-0.299316	1.000000	-0.947033	-0.771342	-0.365876	0.097418	-0.338281	-0.544407	
0.692419	-0.158438	-0.187241	0.508697	-0.947033	1.000000	0.865245	0.544519	-0.143660	0.431210	0.664803	
0.740838	-0.354033	-0.171777	0.517152	-0.771342	0.865245	1.000000	0.456639	-0.106766	0.469546	0.817208	
0.841742	-0.366765	-0.699219	0.876045	-0.365876	0.544519	0.456639	1.000000	-0.276390	0.110166	0.310459	
-0.150558	-0.014225	0.067718	-0.161334	0.097418	-0.143660	-0.106766	-0.276390	1.000000	-0.565898	-0.305029	
0.362356	0.002740	0.027338	0.298149	-0.338281	0.431210	0.469546	0.110166	-0.565898	1.000000	0.791589	
0.627974	-0.225376	-0.046571	0.454658	-0.544407	0.664803	0.817208	0.310459	-0.305029	0.791589	1.000000	

Time taken for mcmc chain: 20.847500 hours
