Number of steps: 1361105
Number of accepted steps: 315247
Burn-in number of steps: 12000
Accepted fraction of steps: 0.231611
Convergence Status
R[0]= 1.000588	R[1]= 1.001792	R[2]= 1.000517	R[3]= 1.000235	R[4]= 1.001158	R[5]= 1.001126	R[6]= 1.000836	R[7]= 1.000399	R[8]= 1.000476	R[9]= 1.000379	R[10]= 1.000892	
<R>= 1.000763

Mean parameters
A[0]= 1.032567 pm 0.036752
A[1]= 0.950174 pm 0.022903
A[2]= 0.791174 pm 0.082574
A[3]= 2.117757 pm 0.044245
A[4]= -0.555555 pm 0.871641
A[5]= 1.249677 pm 0.201995
A[6]= 4.394039 pm 0.454023
A[7]= 2.094673 pm 0.049611
A[8]= 0.022069 pm 1.329886
A[9]= 1.158989 pm 0.224435
A[10]= 4.476007 pm 0.470464

Best-fitting parameters
A[0]= 1.023119
A[1]= 0.948640
A[2]= 0.803584
A[3]= 2.108416
A[4]= -0.755490
A[5]= 1.251923
A[6]= 4.359161
A[7]= 2.087870
A[8]= -0.370989
A[9]= 1.159392
A[10]= 4.449827
chi2_min= 44.232990


Cross-Covariance parameters
1.000000	-0.476150	-0.571303	0.564890	-0.238236	0.345246	0.502647	0.580823	-0.109230	0.202886	0.426507	
-0.476150	1.000000	0.707225	0.047488	0.050745	0.058506	-0.173729	0.020471	-0.013592	0.098252	-0.129603	
-0.571303	0.707225	1.000000	-0.508617	-0.213872	0.269927	0.234199	-0.438075	-0.131274	0.215357	0.222704	
0.564890	0.047488	-0.508617	1.000000	0.403152	-0.297484	-0.244936	0.686282	0.050688	-0.000551	-0.094404	
-0.238236	0.050745	-0.213872	0.403152	1.000000	-0.951668	-0.771849	0.044694	0.159126	-0.241772	-0.426619	
0.345246	0.058506	0.269927	-0.297484	-0.951668	1.000000	0.857653	0.062230	-0.195940	0.317731	0.514519	
0.502647	-0.173729	0.234199	-0.244936	-0.771849	0.857653	1.000000	0.005013	-0.248661	0.378263	0.707390	
0.580823	0.020471	-0.438075	0.686282	0.044694	0.062230	0.005013	1.000000	0.263279	-0.313192	-0.199482	
-0.109230	-0.013592	-0.131274	0.050688	0.159126	-0.195940	-0.248661	0.263279	1.000000	-0.897480	-0.646939	
0.202886	0.098252	0.215357	-0.000551	-0.241772	0.317731	0.378263	-0.313192	-0.897480	1.000000	0.802344	
0.426507	-0.129603	0.222704	-0.094404	-0.426619	0.514519	0.707390	-0.199482	-0.646939	0.802344	1.000000	

Time taken for mcmc chain: 14.857500 hours
