Number of steps: 1378996
Number of accepted steps: 309580
Burn-in number of steps: 12000
Accepted fraction of steps: 0.224497
Convergence Status
R[0]= 1.001153	R[1]= 1.001222	R[2]= 1.001279	R[3]= 1.002031	R[4]= 1.001536	R[5]= 1.001006	R[6]= 1.001116	R[7]= 1.000410	R[8]= 1.003441	R[9]= 1.001819	R[10]= 1.002406	
<R>= 1.001584

Mean parameters
A[0]= 1.097031 pm 0.076102
A[1]= 0.989118 pm 0.028775
A[2]= 0.688639 pm 0.134657
A[3]= 2.323990 pm 0.076287
A[4]= -1.722404 pm 1.120025
A[5]= 1.909630 pm 0.507857
A[6]= 5.094835 pm 1.139936
A[7]= 2.358271 pm 0.085266
A[8]= -0.567743 pm 1.834201
A[9]= 1.675322 pm 0.540980
A[10]= 4.885070 pm 0.992676

Best-fitting parameters
A[0]= 1.056362
A[1]= 0.992752
A[2]= 0.728254
A[3]= 2.263870
A[4]= -2.088668
A[5]= 1.979983
A[6]= 4.909034
A[7]= 2.321972
A[8]= -1.096870
A[9]= 1.648366
A[10]= 4.668893
chi2_min= 58.153020


Cross-Covariance parameters
1.000000	-0.467261	-0.482653	0.690676	-0.392459	0.547088	0.674967	0.700447	-0.176709	0.364602	0.614840	
-0.467261	1.000000	0.619154	-0.115867	0.081238	-0.066193	-0.233818	-0.134372	-0.004042	0.007382	-0.192104	
-0.482653	0.619154	1.000000	-0.612925	-0.231318	0.196734	0.195310	-0.529526	-0.091883	0.123879	0.180585	
0.690676	-0.115867	-0.612925	1.000000	0.207530	-0.053172	0.073621	0.734123	-0.050606	0.154984	0.161120	
-0.392459	0.081238	-0.231318	0.207530	1.000000	-0.962348	-0.788672	-0.106805	0.157806	-0.298160	-0.526502	
0.547088	-0.066193	0.196734	-0.053172	-0.962348	1.000000	0.886053	0.239929	-0.199668	0.378114	0.632532	
0.674967	-0.233818	0.195310	0.073621	-0.788672	0.886053	1.000000	0.248288	-0.237799	0.441465	0.788645	
0.700447	-0.134372	-0.529526	0.734123	-0.106805	0.239929	0.248288	1.000000	0.136844	-0.123609	0.089505	
-0.176709	-0.004042	-0.091883	-0.050606	0.157806	-0.199668	-0.237799	0.136844	1.000000	-0.873927	-0.581342	
0.364602	0.007382	0.123879	0.154984	-0.298160	0.378114	0.441465	-0.123609	-0.873927	1.000000	0.798717	
0.614840	-0.192104	0.180585	0.161120	-0.526502	0.632532	0.788645	0.089505	-0.581342	0.798717	1.000000	

Time taken for mcmc chain: 15.875556 hours
