Number of steps: 2463204
Number of accepted steps: 312408
Burn-in number of steps: 12000
Accepted fraction of steps: 0.126830
Convergence Status
R[0]= 1.002591	R[1]= 1.001863	R[2]= 1.002459	R[3]= 1.000287	R[4]= 1.002823	R[5]= 1.005695	R[6]= 1.008142	R[7]= 1.000316	R[8]= 1.004247	R[9]= 1.005127	R[10]= 1.006990	
<R>= 1.003685

Mean parameters
A[0]= 1.027762 pm 0.077218
A[1]= 0.993542 pm 0.040599
A[2]= 0.805677 pm 0.168845
A[3]= 2.250088 pm 0.087269
A[4]= -0.266384 pm 1.670309
A[5]= 1.410510 pm 0.486122
A[6]= 4.274014 pm 0.783733
A[7]= 2.207071 pm 0.091960
A[8]= -1.229632 pm 1.665986
A[9]= 1.823887 pm 0.565452
A[10]= 4.861299 pm 1.037629

Best-fitting parameters
A[0]= 1.027543
A[1]= 0.997990
A[2]= 0.846806
A[3]= 2.217122
A[4]= -1.556865
A[5]= 1.762033
A[6]= 4.600579
A[7]= 2.178437
A[8]= -2.369544
A[9]= 2.209314
A[10]= 5.278314
chi2_min= 68.236980


Cross-Covariance parameters
1.000000	-0.486242	-0.637178	0.750087	-0.304829	0.415268	0.527584	0.716459	-0.216616	0.357108	0.525333	
-0.486242	1.000000	0.764257	-0.139571	-0.051142	0.080326	-0.063624	-0.163535	0.000146	0.064487	-0.116349	
-0.637178	0.764257	1.000000	-0.604491	-0.137313	0.172698	0.186628	-0.569469	-0.121690	0.130633	0.100548	
0.750087	-0.139571	-0.604491	1.000000	0.029983	-0.020098	0.038645	0.776846	-0.031057	0.161782	0.149418	
-0.304829	-0.051142	-0.137313	0.029983	1.000000	-0.906988	-0.702944	-0.117181	0.223680	-0.317362	-0.427087	
0.415268	0.080326	0.172698	-0.020098	-0.906988	1.000000	0.859979	0.180193	-0.297007	0.422894	0.563911	
0.527584	-0.063624	0.186628	0.038645	-0.702944	0.859979	1.000000	0.145469	-0.385283	0.519612	0.759593	
0.716459	-0.163535	-0.569469	0.776846	-0.117181	0.180193	0.145469	1.000000	0.233479	-0.145556	0.006127	
-0.216616	0.000146	-0.121690	-0.031057	0.223680	-0.297007	-0.385283	0.233479	1.000000	-0.927317	-0.717479	
0.357108	0.064487	0.130633	0.161782	-0.317362	0.422894	0.519612	-0.145556	-0.927317	1.000000	0.846673	
0.525333	-0.116349	0.100548	0.149418	-0.427087	0.563911	0.759593	0.006127	-0.717479	0.846673	1.000000	

Time taken for mcmc chain: 1.140347 days
