Number of steps: 3576577
Number of accepted steps: 313652
Burn-in number of steps: 12000
Accepted fraction of steps: 0.087696
Convergence Status
R[0]= 1.001179	R[1]= 1.002175	R[2]= 1.002499	R[3]= 1.002129	R[4]= 1.000164	R[5]= 1.000262	R[6]= 1.000603	R[7]= 1.002469	R[8]= 1.000334	R[9]= 1.001341	R[10]= 1.001449	
<R>= 1.001328

Mean parameters
A[0]= 1.099327 pm 0.112175
A[1]= 0.977411 pm 0.029082
A[2]= 0.636001 pm 0.170306
A[3]= 2.382807 pm 0.114485
A[4]= -0.386872 pm 1.108665
A[5]= 1.379119 pm 0.431899
A[6]= 4.300113 pm 0.881585
A[7]= 2.292807 pm 0.121731
A[8]= -0.262458 pm 2.252950
A[9]= 1.615645 pm 0.622736
A[10]= 4.577693 pm 1.162635

Best-fitting parameters
A[0]= 1.077524
A[1]= 0.979513
A[2]= 0.669459
A[3]= 2.368557
A[4]= -0.334589
A[5]= 1.292901
A[6]= 4.206675
A[7]= 2.278268
A[8]= -1.139022
A[9]= 1.666212
A[10]= 4.550301
chi2_min= 63.756910


Cross-Covariance parameters
1.000000	-0.618154	-0.788351	0.880409	-0.335085	0.544778	0.663257	0.823162	-0.241963	0.431147	0.614314	
-0.618154	1.000000	0.705814	-0.401574	0.162955	-0.223768	-0.367638	-0.394453	0.076152	-0.137361	-0.328642	
-0.788351	0.705814	1.000000	-0.824312	0.033152	-0.146045	-0.148390	-0.781663	0.040639	-0.108969	-0.151091	
0.880409	-0.401574	-0.824312	1.000000	-0.025666	0.215334	0.324071	0.862289	-0.155807	0.299097	0.362620	
-0.335085	0.162955	0.033152	-0.025666	1.000000	-0.934454	-0.691227	-0.162468	0.181058	-0.294028	-0.434304	
0.544778	-0.223768	-0.146045	0.215334	-0.934454	1.000000	0.856932	0.330581	-0.252292	0.417397	0.603530	
0.663257	-0.367638	-0.148390	0.324071	-0.691227	0.856932	1.000000	0.346767	-0.311623	0.518181	0.796830	
0.823162	-0.394453	-0.781663	0.862289	-0.162468	0.330581	0.346767	1.000000	-0.004804	0.030314	0.213828	
-0.241963	0.076152	0.040639	-0.155807	0.181058	-0.252292	-0.311623	-0.004804	1.000000	-0.851670	-0.611653	
0.431147	-0.137361	-0.108969	0.299097	-0.294028	0.417397	0.518181	0.030314	-0.851670	1.000000	0.838039	
0.614314	-0.328642	-0.151091	0.362620	-0.434304	0.603530	0.796830	0.213828	-0.611653	0.838039	1.000000	

Time taken for mcmc chain: 1.777083 days
