Number of steps: 1882716
Number of accepted steps: 378706
Burn-in number of steps: 12000
Accepted fraction of steps: 0.201149
Convergence Status
R[0]= 1.004482	R[1]= 1.000054	R[2]= 1.000354	R[3]= 1.000391	R[4]= 1.005451	R[5]= 1.008125	R[6]= 1.009948	R[7]= 1.000392	R[8]= 1.001178	R[9]= 1.003072	R[10]= 1.006728	
<R>= 1.003652

Mean parameters
A[0]= 1.015189 pm 0.034717
A[1]= 1.012172 pm 0.024810
A[2]= 0.862939 pm 0.092144
A[3]= 2.203862 pm 0.046821
A[4]= -0.136613 pm 1.176464
A[5]= 1.222915 pm 0.242755
A[6]= 4.048124 pm 0.400154
A[7]= 2.118903 pm 0.052392
A[8]= -1.281014 pm 1.186369
A[9]= 1.533220 pm 0.282167
A[10]= 4.768620 pm 0.577733

Best-fitting parameters
A[0]= 1.014491
A[1]= 1.008797
A[2]= 0.857791
A[3]= 2.209042
A[4]= -0.255278
A[5]= 1.187119
A[6]= 3.986876
A[7]= 2.087513
A[8]= -2.005640
A[9]= 1.694627
A[10]= 4.907794
chi2_min= 55.492790


Cross-Covariance parameters
1.000000	-0.463951	-0.566193	0.557525	-0.231584	0.305470	0.414089	0.513594	-0.182769	0.258399	0.409769	
-0.463951	1.000000	0.755617	0.006805	-0.017796	0.108055	-0.027499	-0.021054	0.012465	0.099094	-0.086896	
-0.566193	0.755617	1.000000	-0.502621	-0.214614	0.294042	0.343291	-0.432880	-0.127415	0.214004	0.226961	
0.557525	0.006805	-0.502621	1.000000	0.371794	-0.357078	-0.319355	0.625031	0.047464	0.007223	-0.113962	
-0.231584	-0.017796	-0.214614	0.371794	1.000000	-0.942138	-0.736680	0.049275	0.198018	-0.265812	-0.406224	
0.305470	0.108055	0.294042	-0.357078	-0.942138	1.000000	0.848718	-0.007909	-0.237454	0.340600	0.494793	
0.414089	-0.027499	0.343291	-0.319355	-0.736680	0.848718	1.000000	-0.099489	-0.331146	0.441473	0.703404	
0.513594	-0.021054	-0.432880	0.625031	0.049275	-0.007909	-0.099489	1.000000	0.452063	-0.440926	-0.334283	
-0.182769	0.012465	-0.127415	0.047464	0.198018	-0.237454	-0.331146	0.452063	1.000000	-0.937322	-0.733761	
0.258399	0.099094	0.214004	0.007223	-0.265812	0.340600	0.441473	-0.440926	-0.937322	1.000000	0.838628	
0.409769	-0.086896	0.226961	-0.113962	-0.406224	0.494793	0.703404	-0.334283	-0.733761	0.838628	1.000000	

Time taken for mcmc chain: 17.241667 hours
