Number of steps: 2194718
Number of accepted steps: 2000004
Burn-in number of steps: 12000
Accepted fraction of steps: 0.911281
Convergence Status
R[0]= 1.023214	R[1]= 1.015661	R[2]= 1.453060	R[3]= 1.272577	R[4]= 1.002778	R[5]= 1.176451	R[6]= 1.284519	R[7]= 1.435494	R[8]= 1.015340	R[9]= 1.527917	R[10]= 1.030236	
<R>= 1.203386

Mean parameters
A[0]= 0.989321 pm 0.224512
A[1]= 1.039504 pm 0.211693
A[2]= 2.071644 pm 1.597297
A[3]= 1.876007 pm 1.300770
A[4]= 0.102261 pm 5.074868
A[5]= 6.335252 pm 3.168165
A[6]= 11.243587 pm 5.787987
A[7]= 2.584788 pm 1.610630
A[8]= 0.537686 pm 5.643949
A[9]= 1.813138 pm 5.443902
A[10]= 10.491129 pm 5.853913

Best-fitting parameters
A[0]= 0.981736
A[1]= 0.986245
A[2]= 4.194976
A[3]= 1.748631
A[4]= 1.330282
A[5]= 9.973273
A[6]= 12.523890
A[7]= 6.610870
A[8]= 1.020461
A[9]= 4.770863
A[10]= 0.315206
chi2_min= 39686.230000


Cross-Covariance parameters
1.000000	-0.064285	-0.011961	0.143726	0.033734	-0.032831	-0.014186	0.161451	-0.017039	0.014080	0.022258	
-0.064285	1.000000	0.163109	0.178054	0.009358	-0.128900	-0.031502	0.084883	0.019706	0.027311	-0.034981	
-0.011961	0.163109	1.000000	-0.336433	0.006727	0.030260	0.088291	0.123874	0.047449	-0.025431	0.056868	
0.143726	0.178054	-0.336433	1.000000	0.096568	-0.449478	0.186693	0.157261	0.026964	0.304023	-0.234340	
0.033734	0.009358	0.006727	0.096568	1.000000	-0.115037	-0.038243	0.076511	-0.004367	0.050899	-0.056785	
-0.032831	-0.128900	0.030260	-0.449478	-0.115037	1.000000	0.060066	0.032728	-0.028475	-0.128375	-0.052600	
-0.014186	-0.031502	0.088291	0.186693	-0.038243	0.060066	1.000000	-0.112154	-0.032689	0.132139	-0.023788	
0.161451	0.084883	0.123874	0.157261	0.076511	0.032728	-0.112154	1.000000	0.069242	-0.291727	-0.159537	
-0.017039	0.019706	0.047449	0.026964	-0.004367	-0.028475	-0.032689	0.069242	1.000000	-0.099516	0.002342	
0.014080	0.027311	-0.025431	0.304023	0.050899	-0.128375	0.132139	-0.291727	-0.099516	1.000000	-0.068650	
0.022258	-0.034981	0.056868	-0.234340	-0.056785	-0.052600	-0.023788	-0.159537	0.002342	-0.068650	1.000000	

Time taken for mcmc chain: 1.797731 days
