Number of steps: 1926997
Number of accepted steps: 312285
Burn-in number of steps: 12000
Accepted fraction of steps: 0.162058
Convergence Status
R[0]= 1.002066	R[1]= 1.000575	R[2]= 1.000942	R[3]= 1.001255	R[4]= 1.000951	R[5]= 1.001626	R[6]= 1.001836	R[7]= 1.000556	R[8]= 1.002103	R[9]= 1.003246	R[10]= 1.003140	
<R>= 1.001663

Mean parameters
A[0]= 1.034249 pm 0.040188
A[1]= 0.999446 pm 0.020115
A[2]= 0.808738 pm 0.088975
A[3]= 2.194529 pm 0.050760
A[4]= -0.541262 pm 1.028135
A[5]= 1.334894 pm 0.244185
A[6]= 4.332628 pm 0.495865
A[7]= 2.169470 pm 0.056052
A[8]= -0.168596 pm 1.457646
A[9]= 1.285613 pm 0.277939
A[10]= 4.399649 pm 0.525272

Best-fitting parameters
A[0]= 1.015721
A[1]= 0.996712
A[2]= 0.811336
A[3]= 2.184991
A[4]= -0.391249
A[5]= 1.232600
A[6]= 4.133105
A[7]= 2.154382
A[8]= -0.535276
A[9]= 1.254145
A[10]= 4.221229
chi2_min= 46.029790


Cross-Covariance parameters
1.000000	-0.476615	-0.580764	0.622598	-0.241623	0.364675	0.468018	0.615480	-0.157559	0.259454	0.424929	
-0.476615	1.000000	0.675563	-0.094280	0.030682	0.024703	-0.120990	-0.122180	-0.017170	0.073125	-0.083094	
-0.580764	0.675563	1.000000	-0.651404	-0.258570	0.275109	0.303580	-0.576735	-0.148882	0.201106	0.273878	
0.622598	-0.094280	-0.651404	1.000000	0.409701	-0.328314	-0.268667	0.694235	0.041988	-0.002640	-0.098047	
-0.241623	0.030682	-0.258570	0.409701	1.000000	-0.952623	-0.783114	0.073792	0.200887	-0.281825	-0.469099	
0.364675	0.024703	0.275109	-0.328314	-0.952623	1.000000	0.882929	0.007091	-0.247893	0.362022	0.572650	
0.468018	-0.120990	0.303580	-0.268667	-0.783114	0.882929	1.000000	-0.041310	-0.306350	0.436145	0.742266	
0.615480	-0.122180	-0.576735	0.694235	0.073792	0.007091	-0.041310	1.000000	0.338964	-0.368893	-0.242571	
-0.157559	-0.017170	-0.148882	0.041988	0.200887	-0.247893	-0.306350	0.338964	1.000000	-0.918356	-0.674041	
0.259454	0.073125	0.201106	-0.002640	-0.281825	0.362022	0.436145	-0.368893	-0.918356	1.000000	0.817836	
0.424929	-0.083094	0.273878	-0.098047	-0.469099	0.572650	0.742266	-0.242571	-0.674041	0.817836	1.000000	

Time taken for mcmc chain: 18.093611 hours
