Number of steps: 1413719
Number of accepted steps: 307318
Burn-in number of steps: 12000
Accepted fraction of steps: 0.217383
Convergence Status
R[0]= 1.004379	R[1]= 1.001991	R[2]= 1.005333	R[3]= 1.002326	R[4]= 1.001423	R[5]= 1.001596	R[6]= 1.002287	R[7]= 1.002972	R[8]= 1.001312	R[9]= 1.001135	R[10]= 1.001343	
<R>= 1.002372

Mean parameters
A[0]= 1.032892 pm 0.040900
A[1]= 0.983827 pm 0.023756
A[2]= 0.880186 pm 0.093012
A[3]= 2.129058 pm 0.047284
A[4]= -1.719669 pm 0.622687
A[5]= 1.612283 pm 0.202266
A[6]= 5.058226 pm 0.590595
A[7]= 2.120079 pm 0.053812
A[8]= 0.111645 pm 1.794970
A[9]= 1.279399 pm 0.282439
A[10]= 4.767808 pm 0.597321

Best-fitting parameters
A[0]= 1.046745
A[1]= 0.982876
A[2]= 0.881416
A[3]= 2.134320
A[4]= -1.894230
A[5]= 1.682077
A[6]= 5.243206
A[7]= 2.111328
A[8]= -1.328557
A[9]= 1.508595
A[10]= 5.051067
chi2_min= 65.952200


Cross-Covariance parameters
1.000000	-0.468694	-0.490065	0.627314	-0.282591	0.423752	0.570352	0.556094	-0.196742	0.318671	0.509128	
-0.468694	1.000000	0.679907	-0.021748	0.032554	0.075984	-0.206197	-0.018158	-0.011480	0.075218	-0.123114	
-0.490065	0.679907	1.000000	-0.543039	-0.306199	0.331095	0.265401	-0.483035	-0.128347	0.249313	0.272278	
0.627314	-0.021748	-0.543039	1.000000	0.354363	-0.175066	-0.129190	0.710332	-0.032580	0.065522	0.006813	
-0.282591	0.032554	-0.306199	0.354363	1.000000	-0.955167	-0.802753	0.083013	0.180309	-0.319375	-0.498643	
0.423752	0.075984	0.331095	-0.175066	-0.955167	1.000000	0.865975	0.054135	-0.235077	0.415814	0.594069	
0.570352	-0.206197	0.265401	-0.129190	-0.802753	0.865975	1.000000	-0.022874	-0.286215	0.479511	0.763740	
0.556094	-0.018158	-0.483035	0.710332	0.083013	0.054135	-0.022874	1.000000	0.125411	-0.259692	-0.178382	
-0.196742	-0.011480	-0.128347	-0.032580	0.180309	-0.235077	-0.286215	0.125411	1.000000	-0.849096	-0.637277	
0.318671	0.075218	0.249313	0.065522	-0.319375	0.415814	0.479511	-0.259692	-0.849096	1.000000	0.851084	
0.509128	-0.123114	0.272278	0.006813	-0.498643	0.594069	0.763740	-0.178382	-0.637277	0.851084	1.000000	

Time taken for mcmc chain: 14.605278 hours
