Number of steps: 6364910
Number of accepted steps: 309166
Burn-in number of steps: 12000
Accepted fraction of steps: 0.048574
Convergence Status
R[0]= 1.000096	R[1]= 1.000430	R[2]= 1.000641	R[3]= 1.000641	R[4]= 1.001971	R[5]= 1.001879	R[6]= 1.001012	R[7]= 1.001121	R[8]= 1.000834	R[9]= 1.000970	R[10]= 1.001454	
<R>= 1.001004

Mean parameters
A[0]= 0.966967 pm 0.085202
A[1]= 0.962008 pm 0.031869
A[2]= 0.695917 pm 0.154333
A[3]= 2.200660 pm 0.098436
A[4]= 0.399445 pm 1.304153
A[5]= 1.023675 pm 0.340738
A[6]= 3.384744 pm 0.509729
A[7]= 2.140469 pm 0.114039
A[8]= 0.806257 pm 2.336806
A[9]= 1.207898 pm 0.454526
A[10]= 3.623661 pm 0.631490

Best-fitting parameters
A[0]= 0.931118
A[1]= 0.961317
A[2]= 0.751203
A[3]= 2.186376
A[4]= 1.276972
A[5]= 0.734229
A[6]= 3.224302
A[7]= 2.095817
A[8]= 3.218715
A[9]= 0.833760
A[10]= 3.360972
chi2_min= 67.369820


Cross-Covariance parameters
1.000000	-0.477353	-0.811100	0.871635	-0.256868	0.426640	0.525219	0.801514	-0.149235	0.257797	0.473383	
-0.477353	1.000000	0.712050	-0.221430	0.055690	-0.039717	-0.147642	-0.189782	0.008784	0.007207	-0.146567	
-0.811100	0.712050	1.000000	-0.758001	0.082729	-0.131953	-0.061337	-0.682483	0.085272	-0.074276	-0.082446	
0.871635	-0.221430	-0.758001	1.000000	-0.046220	0.139443	0.204402	0.828306	-0.140169	0.208864	0.259071	
-0.256868	0.055690	0.082729	-0.046220	1.000000	-0.898426	-0.561828	-0.178197	0.062210	-0.118176	-0.256480	
0.426640	-0.039717	-0.131953	0.139443	-0.898426	1.000000	0.755069	0.308209	-0.096714	0.196850	0.409743	
0.525219	-0.147642	-0.061337	0.204402	-0.561828	0.755069	1.000000	0.270102	-0.107979	0.279484	0.686669	
0.801514	-0.189782	-0.682483	0.828306	-0.178197	0.308209	0.270102	1.000000	-0.109899	-0.085616	0.108052	
-0.149235	0.008784	0.085272	-0.140169	0.062210	-0.096714	-0.107979	-0.109899	1.000000	-0.737817	-0.433214	
0.257797	0.007207	-0.074276	0.208864	-0.118176	0.196850	0.279484	-0.085616	-0.737817	1.000000	0.718472	
0.473383	-0.146567	-0.082446	0.259071	-0.256480	0.409743	0.686669	0.108052	-0.433214	0.718472	1.000000	

Time taken for mcmc chain: 2.803669 days
