Number of steps: 1421970
Number of accepted steps: 385287
Burn-in number of steps: 12000
Accepted fraction of steps: 0.270953
Convergence Status
R[0]= 1.002762	R[1]= 1.003608	R[2]= 1.005245	R[3]= 1.003638	R[4]= 1.001601	R[5]= 1.000586	R[6]= 1.000594	R[7]= 1.003808	R[8]= 1.002886	R[9]= 1.000825	R[10]= 1.000767	
<R>= 1.002393

Mean parameters
A[0]= 1.100704 pm 0.151419
A[1]= 0.984746 pm 0.039301
A[2]= 0.898821 pm 0.184878
A[3]= 2.242265 pm 0.132681
A[4]= -1.639310 pm 1.328627
A[5]= 2.009026 pm 0.610529
A[6]= 5.768343 pm 1.596685
A[7]= 2.203707 pm 0.144994
A[8]= -2.270176 pm 1.156549
A[9]= 2.323108 pm 0.592550
A[10]= 6.451407 pm 1.852526

Best-fitting parameters
A[0]= 1.021960
A[1]= 0.996338
A[2]= 1.021392
A[3]= 2.156627
A[4]= -2.034267
A[5]= 1.997685
A[6]= 5.388323
A[7]= 2.126458
A[8]= -2.336899
A[9]= 2.223073
A[10]= 5.944567
chi2_min= 53.632340


Cross-Covariance parameters
1.000000	-0.604412	-0.643274	0.917561	-0.570034	0.773043	0.863441	0.919232	-0.463155	0.716779	0.846488	
-0.604412	1.000000	0.756740	-0.449324	0.213140	-0.261309	-0.438515	-0.461884	0.151412	-0.215906	-0.441995	
-0.643274	0.756740	1.000000	-0.702919	0.061277	-0.171399	-0.245034	-0.666037	0.039751	-0.173965	-0.268339	
0.917561	-0.449324	-0.702919	1.000000	-0.352039	0.576786	0.661421	0.927180	-0.356511	0.617093	0.677638	
-0.570034	0.213140	0.061277	-0.352039	1.000000	-0.918558	-0.768011	-0.465278	0.440198	-0.575828	-0.637569	
0.773043	-0.261309	-0.171399	0.576786	-0.918558	1.000000	0.921800	0.670866	-0.523981	0.731433	0.806118	
0.863441	-0.438515	-0.245034	0.661421	-0.768011	0.921800	1.000000	0.716674	-0.541424	0.757759	0.907765	
0.919232	-0.461884	-0.666037	0.927180	-0.465278	0.670866	0.716674	1.000000	-0.266230	0.540421	0.678587	
-0.463155	0.151412	0.039751	-0.356511	0.440198	-0.523981	-0.541424	-0.266230	1.000000	-0.914886	-0.724840	
0.716779	-0.215906	-0.173965	0.617093	-0.575828	0.731433	0.757759	0.540421	-0.914886	1.000000	0.894454	
0.846488	-0.441995	-0.268339	0.677638	-0.637569	0.806118	0.907765	0.678587	-0.724840	0.894454	1.000000	

Time taken for mcmc chain: 18.853056 hours
