Number of steps: 789350
Number of accepted steps: 304467
Burn-in number of steps: 12000
Accepted fraction of steps: 0.385719
Convergence Status
R[0]= 1.002829	R[1]= 1.004522	R[2]= 1.005275	R[3]= 1.002682	R[4]= 1.001174	R[5]= 1.001734	R[6]= 1.002488	R[7]= 1.003455	R[8]= 1.005017	R[9]= 1.004195	R[10]= 1.004350	
<R>= 1.003429

Mean parameters
A[0]= 0.990757 pm 0.035262
A[1]= 1.023409 pm 0.021329
A[2]= 0.912940 pm 0.092549
A[3]= 2.153004 pm 0.048716
A[4]= -0.698284 pm 0.820534
A[5]= 1.342692 pm 0.208047
A[6]= 4.263673 pm 0.433360
A[7]= 2.043506 pm 0.053547
A[8]= -2.255737 pm 0.818370
A[9]= 1.791805 pm 0.254733
A[10]= 4.946769 pm 0.657392

Best-fitting parameters
A[0]= 0.985523
A[1]= 1.021428
A[2]= 0.925102
A[3]= 2.137263
A[4]= -0.960574
A[5]= 1.379718
A[6]= 4.289187
A[7]= 2.023036
A[8]= -2.341606
A[9]= 1.796289
A[10]= 4.840150
chi2_min= 54.301180


Cross-Covariance parameters
1.000000	-0.492311	-0.563766	0.612976	-0.238033	0.341310	0.405963	0.561057	-0.162556	0.278575	0.388481	
-0.492311	1.000000	0.688584	-0.087911	0.076260	0.017948	-0.099187	-0.122436	-0.000683	0.078465	-0.122422	
-0.563766	0.688584	1.000000	-0.630899	-0.245046	0.297285	0.378816	-0.542788	-0.205288	0.226313	0.286247	
0.612976	-0.087911	-0.630899	1.000000	0.428802	-0.348983	-0.326309	0.660642	0.098916	-0.001707	-0.155443	
-0.238033	0.076260	-0.245046	0.428802	1.000000	-0.957349	-0.771722	0.096995	0.236425	-0.283115	-0.464547	
0.341310	0.017948	0.297285	-0.348983	-0.957349	1.000000	0.862815	-0.031530	-0.286337	0.372089	0.551221	
0.405963	-0.099187	0.378816	-0.326309	-0.771722	0.862815	1.000000	-0.118340	-0.371666	0.454299	0.730463	
0.561057	-0.122436	-0.542788	0.660642	0.096995	-0.031530	-0.118340	1.000000	0.509503	-0.423777	-0.318815	
-0.162556	-0.000683	-0.205288	0.098916	0.236425	-0.286337	-0.371666	0.509503	1.000000	-0.965382	-0.757621	
0.278575	0.078465	0.226313	-0.001707	-0.283115	0.372089	0.454299	-0.423777	-0.965382	1.000000	0.822154	
0.388481	-0.122422	0.286247	-0.155443	-0.464547	0.551221	0.730463	-0.318815	-0.757621	0.822154	1.000000	

Time taken for mcmc chain: 7.593056 hours
