Number of steps: 2570846
Number of accepted steps: 310761
Burn-in number of steps: 12000
Accepted fraction of steps: 0.120879
Convergence Status
R[0]= 1.001424	R[1]= 1.001260	R[2]= 1.001105	R[3]= 1.000822	R[4]= 1.000220	R[5]= 1.000587	R[6]= 1.000780	R[7]= 1.001671	R[8]= 1.000753	R[9]= 1.003983	R[10]= 1.000804	
<R>= 1.001219

Mean parameters
A[0]= 1.010892 pm 0.044931
A[1]= 0.982261 pm 0.022071
A[2]= 0.795296 pm 0.088067
A[3]= 2.145279 pm 0.051021
A[4]= -0.796089 pm 0.777006
A[5]= 1.309558 pm 0.208469
A[6]= 4.164413 pm 0.464947
A[7]= 2.070062 pm 0.064401
A[8]= 0.644266 pm 2.306737
A[9]= 1.274345 pm 0.289263
A[10]= 4.410281 pm 0.551127

Best-fitting parameters
A[0]= 0.992455
A[1]= 0.991790
A[2]= 0.828289
A[3]= 2.145301
A[4]= -0.541206
A[5]= 1.223155
A[6]= 3.965487
A[7]= 2.041057
A[8]= -1.700138
A[9]= 1.563772
A[10]= 4.684651
chi2_min= 66.247750


Cross-Covariance parameters
1.000000	-0.451379	-0.625262	0.689649	-0.319045	0.468049	0.562690	0.643352	-0.133691	0.247913	0.464671	
-0.451379	1.000000	0.692689	-0.044611	0.081379	-0.005749	-0.193716	-0.065151	-0.083865	0.108318	-0.104705	
-0.625262	0.692689	1.000000	-0.597900	-0.118572	0.112018	0.132156	-0.535171	-0.040315	0.143763	0.139047	
0.689649	-0.044611	-0.597900	1.000000	0.257814	-0.102520	-0.057810	0.708473	-0.110282	0.106782	0.071270	
-0.319045	0.081379	-0.118572	0.257814	1.000000	-0.953769	-0.757780	-0.054407	0.081507	-0.219224	-0.414677	
0.468049	-0.005749	0.112018	-0.102520	-0.953769	1.000000	0.852402	0.180207	-0.128958	0.304551	0.518719	
0.562690	-0.193716	0.132156	-0.057810	-0.757780	0.852402	1.000000	0.098565	-0.133546	0.359649	0.693670	
0.643352	-0.065151	-0.535171	0.708473	-0.054407	0.180207	0.098565	1.000000	-0.075861	-0.203351	-0.102065	
-0.133691	-0.083865	-0.040315	-0.110282	0.081507	-0.128958	-0.133546	-0.075861	1.000000	-0.769045	-0.527292	
0.247913	0.108318	0.143763	0.106782	-0.219224	0.304551	0.359649	-0.203351	-0.769045	1.000000	0.824653	
0.464671	-0.104705	0.139047	0.071270	-0.414677	0.518719	0.693670	-0.102065	-0.527292	0.824653	1.000000	

Time taken for mcmc chain: 23.868889 hours
