Number of steps: 1508868
Number of accepted steps: 306070
Burn-in number of steps: 12000
Accepted fraction of steps: 0.202847
Convergence Status
R[0]= 1.001027	R[1]= 1.004556	R[2]= 1.002824	R[3]= 1.000584	R[4]= 1.001314	R[5]= 1.001254	R[6]= 1.000312	R[7]= 1.000405	R[8]= 1.000346	R[9]= 1.000550	R[10]= 1.000510	
<R>= 1.001244

Mean parameters
A[0]= 1.188240 pm 0.096051
A[1]= 0.966228 pm 0.032260
A[2]= 0.592458 pm 0.155347
A[3]= 2.414628 pm 0.094678
A[4]= -0.725507 pm 1.408531
A[5]= 1.655708 pm 0.489553
A[6]= 5.081739 pm 0.916989
A[7]= 2.450658 pm 0.101232
A[8]= -0.377874 pm 1.538552
A[9]= 1.513060 pm 0.507759
A[10]= 4.949165 pm 0.905214

Best-fitting parameters
A[0]= 1.168390
A[1]= 0.960060
A[2]= 0.601872
A[3]= 2.381422
A[4]= -1.406415
A[5]= 1.790453
A[6]= 5.157301
A[7]= 2.417733
A[8]= -0.966152
A[9]= 1.568055
A[10]= 4.721534
chi2_min= 49.150960


Cross-Covariance parameters
1.000000	-0.502151	-0.712159	0.828476	-0.232490	0.400674	0.613711	0.799168	-0.141290	0.317239	0.589145	
-0.502151	1.000000	0.706945	-0.206028	-0.038670	0.039853	-0.198705	-0.192148	-0.002280	0.011610	-0.203078	
-0.712159	0.706945	1.000000	-0.689912	-0.107515	0.066144	-0.022392	-0.639404	-0.053292	0.020313	-0.047418	
0.828476	-0.206028	-0.689912	1.000000	0.083214	0.042097	0.218210	0.822530	-0.065365	0.212128	0.317707	
-0.232490	-0.038670	-0.107515	0.083214	1.000000	-0.928727	-0.692225	-0.126827	0.113081	-0.207385	-0.349720	
0.400674	0.039853	0.066144	0.042097	-0.928727	1.000000	0.846520	0.267030	-0.165004	0.303798	0.501979	
0.613711	-0.198705	-0.022392	0.218210	-0.692225	0.846520	1.000000	0.334159	-0.227695	0.404763	0.740463	
0.799168	-0.192148	-0.639404	0.822530	-0.126827	0.267030	0.334159	1.000000	0.156885	-0.060788	0.199091	
-0.141290	-0.002280	-0.053292	-0.065365	0.113081	-0.165004	-0.227695	0.156885	1.000000	-0.920070	-0.612335	
0.317239	0.011610	0.020313	0.212128	-0.207385	0.303798	0.404763	-0.060788	-0.920070	1.000000	0.790076	
0.589145	-0.203078	-0.047418	0.317707	-0.349720	0.501979	0.740463	0.199091	-0.612335	0.790076	1.000000	

Time taken for mcmc chain: 18.976111 hours
