Number of steps: 682167
Number of accepted steps: 305337
Burn-in number of steps: 12000
Accepted fraction of steps: 0.447599
Convergence Status
R[0]= 1.002516	R[1]= 1.000069	R[2]= 1.000757	R[3]= 1.000980	R[4]= 1.001308	R[5]= 1.004307	R[6]= 1.004539	R[7]= 1.000938	R[8]= 1.004542	R[9]= 1.006716	R[10]= 1.006507	
<R>= 1.003016

Mean parameters
A[0]= 0.940484 pm 0.043749
A[1]= 1.009708 pm 0.017009
A[2]= 0.944878 pm 0.091624
A[3]= 2.081360 pm 0.058971
A[4]= -0.030050 pm 0.682607
A[5]= 1.123586 pm 0.145950
A[6]= 3.737067 pm 0.286883
A[7]= 2.053940 pm 0.063393
A[8]= -0.570655 pm 0.923865
A[9]= 1.227508 pm 0.206377
A[10]= 4.187543 pm 0.389059

Best-fitting parameters
A[0]= 0.929170
A[1]= 1.003665
A[2]= 0.923777
A[3]= 2.075763
A[4]= 0.256813
A[5]= 1.030355
A[6]= 3.566976
A[7]= 2.046396
A[8]= -0.587392
A[9]= 1.174872
A[10]= 4.060752
chi2_min= 95.252140


Cross-Covariance parameters
1.000000	-0.471956	-0.742321	0.859017	-0.126962	0.341981	0.344624	0.794055	-0.109531	0.276466	0.356733	
-0.471956	1.000000	0.671031	-0.258513	0.013524	0.036956	-0.043298	-0.236471	0.047075	-0.007230	-0.104435	
-0.742321	0.671031	1.000000	-0.781155	-0.149425	0.095096	0.262868	-0.714043	-0.068658	0.030079	0.148748	
0.859017	-0.258513	-0.781155	1.000000	0.207118	-0.026948	-0.050404	0.826428	0.001001	0.141118	0.067942	
-0.126962	0.013524	-0.149425	0.207118	1.000000	-0.925890	-0.621281	0.015901	0.103109	-0.163679	-0.321110	
0.341981	0.036956	0.095096	-0.026948	-0.925890	1.000000	0.774134	0.156848	-0.154523	0.276503	0.463787	
0.344624	-0.043298	0.262868	-0.050404	-0.621281	0.774134	1.000000	0.027441	-0.256327	0.386732	0.706600	
0.794055	-0.236471	-0.714043	0.826428	0.015901	0.156848	0.027441	1.000000	0.297012	-0.195278	-0.105389	
-0.109531	0.047075	-0.068658	0.001001	0.103109	-0.154523	-0.256327	0.297012	1.000000	-0.941362	-0.668477	
0.276466	-0.007230	0.030079	0.141118	-0.163679	0.276503	0.386732	-0.195278	-0.941362	1.000000	0.793156	
0.356733	-0.104435	0.148748	0.067942	-0.321110	0.463787	0.706600	-0.105389	-0.668477	0.793156	1.000000	

Time taken for mcmc chain: 7.370000 hours
