Number of steps: 922033
Number of accepted steps: 303971
Burn-in number of steps: 12000
Accepted fraction of steps: 0.329675
Convergence Status
R[0]= 1.000199	R[1]= 1.000600	R[2]= 1.001033	R[3]= 1.000682	R[4]= 1.000342	R[5]= 1.000685	R[6]= 1.000504	R[7]= 1.000647	R[8]= 1.004578	R[9]= 1.003189	R[10]= 1.001595	
<R>= 1.001278

Mean parameters
A[0]= 0.971708 pm 0.035194
A[1]= 0.992470 pm 0.017218
A[2]= 0.840126 pm 0.081460
A[3]= 2.120637 pm 0.048352
A[4]= -0.541815 pm 0.754801
A[5]= 1.220588 pm 0.182326
A[6]= 3.950263 pm 0.374867
A[7]= 2.082358 pm 0.054496
A[8]= -0.267442 pm 1.179621
A[9]= 1.197991 pm 0.230995
A[10]= 3.977313 pm 0.426281

Best-fitting parameters
A[0]= 0.975198
A[1]= 0.986052
A[2]= 0.819606
A[3]= 2.118918
A[4]= -0.647635
A[5]= 1.224178
A[6]= 3.958663
A[7]= 2.085607
A[8]= -0.556060
A[9]= 1.201153
A[10]= 3.916875
chi2_min= 49.887810


Cross-Covariance parameters
1.000000	-0.483818	-0.632567	0.682262	-0.173289	0.309093	0.369572	0.632527	-0.093565	0.205254	0.318020	
-0.483818	1.000000	0.639996	-0.122301	0.052686	0.002658	-0.121269	-0.118816	0.039808	0.008446	-0.102590	
-0.632567	0.639996	1.000000	-0.691739	-0.228582	0.230180	0.345295	-0.612575	-0.146837	0.173902	0.315455	
0.682262	-0.122301	-0.691739	1.000000	0.416671	-0.315499	-0.286110	0.715554	0.097600	-0.034097	-0.152998	
-0.173289	0.052686	-0.228582	0.416671	1.000000	-0.959828	-0.734127	0.096979	0.171048	-0.229878	-0.407218	
0.309093	0.002658	0.230180	-0.315499	-0.959828	1.000000	0.829416	-0.004652	-0.199804	0.294512	0.497765	
0.369572	-0.121269	0.345295	-0.286110	-0.734127	0.829416	1.000000	-0.112988	-0.287422	0.399444	0.724278	
0.632527	-0.118816	-0.612575	0.715554	0.096979	-0.004652	-0.112988	1.000000	0.427060	-0.424785	-0.317098	
-0.093565	0.039808	-0.146837	0.097600	0.171048	-0.199804	-0.287422	0.427060	1.000000	-0.936274	-0.657615	
0.205254	0.008446	0.173902	-0.034097	-0.229878	0.294512	0.399444	-0.424785	-0.936274	1.000000	0.783877	
0.318020	-0.102590	0.315455	-0.152998	-0.407218	0.497765	0.724278	-0.317098	-0.657615	0.783877	1.000000	

Time taken for mcmc chain: 8.029444 hours
