Number of steps: 1555236
Number of accepted steps: 323590
Burn-in number of steps: 12000
Accepted fraction of steps: 0.208065
Convergence Status
R[0]= 1.001493	R[1]= 1.000665	R[2]= 1.001794	R[3]= 1.002676	R[4]= 1.007093	R[5]= 1.007832	R[6]= 1.010179	R[7]= 1.003043	R[8]= 1.001117	R[9]= 1.001298	R[10]= 1.004469	
<R>= 1.003787

Mean parameters
A[0]= 0.994302 pm 0.042283
A[1]= 0.966911 pm 0.022228
A[2]= 0.621363 pm 0.103462
A[3]= 2.282913 pm 0.068725
A[4]= -0.706684 pm 1.366435
A[5]= 1.238325 pm 0.466472
A[6]= 3.273284 pm 0.607657
A[7]= 2.269075 pm 0.066703
A[8]= 1.341503 pm 1.357029
A[9]= 0.875906 pm 0.239115
A[10]= 3.281935 pm 0.427744

Best-fitting parameters
A[0]= 0.976118
A[1]= 0.970773
A[2]= 0.686070
A[3]= 2.241481
A[4]= -1.294498
A[5]= 1.370376
A[6]= 3.415933
A[7]= 2.254647
A[8]= 1.206235
A[9]= 0.817232
A[10]= 3.439514
chi2_min= 90.985360


Cross-Covariance parameters
1.000000	-0.429966	-0.619669	0.506607	-0.153972	0.240413	0.285520	0.654358	-0.072925	0.151275	0.251048	
-0.429966	1.000000	0.584755	0.021913	0.004319	-0.009498	-0.097601	-0.013171	0.022896	0.038288	-0.056818	
-0.619669	0.584755	1.000000	-0.594731	-0.204137	0.206074	0.408742	-0.547512	0.026298	0.097658	0.422253	
0.506607	0.021913	-0.594731	1.000000	0.553784	-0.561853	-0.485055	0.599260	-0.008753	-0.027986	-0.284674	
-0.153972	0.004319	-0.204137	0.553784	1.000000	-0.961223	-0.670831	0.022591	0.041799	-0.140344	-0.361878	
0.240413	-0.009498	0.206074	-0.561853	-0.961223	1.000000	0.765407	0.023806	-0.055516	0.176453	0.433872	
0.285520	-0.097601	0.408742	-0.485055	-0.670831	0.765407	1.000000	-0.096880	-0.058992	0.242445	0.734423	
0.654358	-0.013171	-0.547512	0.599260	0.022591	0.023806	-0.096880	1.000000	-0.032899	-0.225182	-0.164460	
-0.072925	0.022896	0.026298	-0.008753	0.041799	-0.055516	-0.058992	-0.032899	1.000000	-0.761818	-0.208422	
0.151275	0.038288	0.097658	-0.027986	-0.140344	0.176453	0.242445	-0.225182	-0.761818	1.000000	0.481014	
0.251048	-0.056818	0.422253	-0.284674	-0.361878	0.433872	0.734423	-0.164460	-0.208422	0.481014	1.000000	

Time taken for mcmc chain: 13.866944 hours
