Number of steps: 1346423
Number of accepted steps: 304862
Burn-in number of steps: 12000
Accepted fraction of steps: 0.226424
Convergence Status
R[0]= 1.003974	R[1]= 1.000953	R[2]= 1.001803	R[3]= 1.003983	R[4]= 1.001068	R[5]= 1.001585	R[6]= 1.003758	R[7]= 1.005206	R[8]= 1.001083	R[9]= 1.001349	R[10]= 1.001634	
<R>= 1.002400

Mean parameters
A[0]= 1.034339 pm 0.043089
A[1]= 0.986307 pm 0.022876
A[2]= 0.806508 pm 0.091070
A[3]= 2.178623 pm 0.050015
A[4]= -0.221945 pm 0.974582
A[5]= 1.253654 pm 0.212080
A[6]= 4.316079 pm 0.430971
A[7]= 2.188626 pm 0.055595
A[8]= -0.349494 pm 1.238892
A[9]= 1.230996 pm 0.261467
A[10]= 4.459323 pm 0.510200

Best-fitting parameters
A[0]= 1.025990
A[1]= 0.986379
A[2]= 0.789269
A[3]= 2.177701
A[4]= -0.428031
A[5]= 1.246868
A[6]= 4.125437
A[7]= 2.187978
A[8]= -0.575389
A[9]= 1.215401
A[10]= 4.273880
chi2_min= 52.546150


Cross-Covariance parameters
1.000000	-0.486956	-0.636491	0.696527	-0.217045	0.346008	0.503199	0.633954	-0.167987	0.283589	0.473326	
-0.486956	1.000000	0.729832	-0.089495	0.013911	0.068252	-0.133693	-0.073597	0.025495	0.035087	-0.141248	
-0.636491	0.729832	1.000000	-0.599045	-0.174966	0.203783	0.183036	-0.530061	-0.113191	0.144915	0.139435	
0.696527	-0.089495	-0.599045	1.000000	0.294356	-0.187594	-0.102465	0.731841	0.019523	0.062983	0.038843	
-0.217045	0.013911	-0.174966	0.294356	1.000000	-0.943797	-0.735581	0.027892	0.180274	-0.259801	-0.406867	
0.346008	0.068252	0.203783	-0.187594	-0.943797	1.000000	0.849705	0.078022	-0.227720	0.346803	0.517725	
0.503199	-0.133693	0.183036	-0.102465	-0.735581	0.849705	1.000000	0.039090	-0.319872	0.450675	0.735111	
0.633954	-0.073597	-0.530061	0.731841	0.027892	0.078022	0.039090	1.000000	0.344490	-0.312314	-0.158776	
-0.167987	0.025495	-0.113191	0.019523	0.180274	-0.227720	-0.319872	0.344490	1.000000	-0.932356	-0.704617	
0.283589	0.035087	0.144915	0.062983	-0.259801	0.346803	0.450675	-0.312314	-0.932356	1.000000	0.832583	
0.473326	-0.141248	0.139435	0.038843	-0.406867	0.517725	0.735111	-0.158776	-0.704617	0.832583	1.000000	

Time taken for mcmc chain: 13.128056 hours
