Number of steps: 1403485
Number of accepted steps: 306506
Burn-in number of steps: 12000
Accepted fraction of steps: 0.218389
Convergence Status
R[0]= 1.004498	R[1]= 1.000763	R[2]= 1.000282	R[3]= 1.001219	R[4]= 1.002194	R[5]= 1.002235	R[6]= 1.004357	R[7]= 1.001427	R[8]= 1.001194	R[9]= 1.002361	R[10]= 1.004948	
<R>= 1.002316

Mean parameters
A[0]= 1.071653 pm 0.077343
A[1]= 0.955100 pm 0.041411
A[2]= 0.650913 pm 0.155098
A[3]= 2.235388 pm 0.078069
A[4]= -1.587892 pm 1.123740
A[5]= 1.774996 pm 0.461617
A[6]= 4.659809 pm 0.994012
A[7]= 2.285043 pm 0.082715
A[8]= 0.477287 pm 1.549036
A[9]= 1.199213 pm 0.366210
A[10]= 4.589226 pm 0.742538

Best-fitting parameters
A[0]= 1.070405
A[1]= 0.955416
A[2]= 0.670777
A[3]= 2.208967
A[4]= -2.115245
A[5]= 1.963459
A[6]= 4.828160
A[7]= 2.307133
A[8]= 0.427432
A[9]= 1.074676
A[10]= 4.524515
chi2_min= 65.756250


Cross-Covariance parameters
1.000000	-0.527561	-0.644917	0.668234	-0.256103	0.398336	0.601985	0.691245	-0.112154	0.292022	0.587272	
-0.527561	1.000000	0.751483	-0.068994	-0.028217	0.063810	-0.229496	-0.050602	0.033689	0.048998	-0.209583	
-0.644917	0.751483	1.000000	-0.548019	-0.204271	0.180301	0.060719	-0.479033	-0.006265	0.088756	0.034013	
0.668234	-0.068994	-0.548019	1.000000	0.269689	-0.119818	0.010403	0.760014	-0.026353	0.142732	0.148877	
-0.256103	-0.028217	-0.204271	0.269689	1.000000	-0.955524	-0.735076	-0.083457	0.093866	-0.261832	-0.460005	
0.398336	0.063810	0.180301	-0.119818	-0.955524	1.000000	0.830525	0.225359	-0.116168	0.340101	0.564686	
0.601985	-0.229496	0.060719	0.010403	-0.735076	0.830525	1.000000	0.208611	-0.147220	0.397022	0.782168	
0.691245	-0.050602	-0.479033	0.760014	-0.083457	0.225359	0.208611	1.000000	0.023885	-0.029019	0.139623	
-0.112154	0.033689	-0.006265	-0.026353	0.093866	-0.116168	-0.147220	0.023885	1.000000	-0.813061	-0.465005	
0.292022	0.048998	0.088756	0.142732	-0.261832	0.340101	0.397022	-0.029019	-0.813061	1.000000	0.746198	
0.587272	-0.209583	0.034013	0.148877	-0.460005	0.564686	0.782168	0.139623	-0.465005	0.746198	1.000000	

Time taken for mcmc chain: 17.760278 hours
