Number of steps: 1105286
Number of accepted steps: 308867
Burn-in number of steps: 12000
Accepted fraction of steps: 0.279445
Convergence Status
R[0]= 1.001126	R[1]= 1.000545	R[2]= 1.001691	R[3]= 1.001688	R[4]= 1.000310	R[5]= 1.001144	R[6]= 1.000520	R[7]= 1.000394	R[8]= 1.001776	R[9]= 1.001037	R[10]= 1.000110	
<R>= 1.000940

Mean parameters
A[0]= 0.962269 pm 0.049951
A[1]= 0.997340 pm 0.023042
A[2]= 0.916616 pm 0.106940
A[3]= 2.075732 pm 0.059632
A[4]= -0.557552 pm 0.866304
A[5]= 1.260957 pm 0.206253
A[6]= 4.095304 pm 0.433253
A[7]= 2.021000 pm 0.065434
A[8]= -1.049078 pm 1.094574
A[9]= 1.384506 pm 0.264898
A[10]= 4.263089 pm 0.554729

Best-fitting parameters
A[0]= 0.967622
A[1]= 0.993097
A[2]= 0.893576
A[3]= 2.079072
A[4]= -0.852532
A[5]= 1.305869
A[6]= 4.126150
A[7]= 2.018078
A[8]= -1.581638
A[9]= 1.482519
A[10]= 4.281534
chi2_min= 65.979490


Cross-Covariance parameters
1.000000	-0.633938	-0.750856	0.768701	-0.290901	0.424146	0.464243	0.700072	-0.196360	0.328161	0.423140	
-0.633938	1.000000	0.743147	-0.319338	0.162947	-0.127472	-0.241610	-0.306345	0.101044	-0.083194	-0.225765	
-0.750856	0.743147	1.000000	-0.770683	-0.083819	0.057444	0.121560	-0.703157	-0.079169	0.046900	0.094500	
0.768701	-0.319338	-0.770683	1.000000	0.227815	-0.105491	-0.097674	0.785356	0.029755	0.080091	-0.001531	
-0.290901	0.162947	-0.083819	0.227815	1.000000	-0.951801	-0.771816	0.022552	0.271966	-0.333795	-0.491384	
0.424146	-0.127472	0.057444	-0.105491	-0.951801	1.000000	0.866783	0.083658	-0.313471	0.416837	0.585553	
0.464243	-0.241610	0.121560	-0.097674	-0.771816	0.866783	1.000000	-0.004873	-0.401014	0.502822	0.760014	
0.700072	-0.306345	-0.703157	0.785356	0.022552	0.083658	-0.004873	1.000000	0.375645	-0.288698	-0.185061	
-0.196360	0.101044	-0.079169	0.029755	0.271966	-0.313471	-0.401014	0.375645	1.000000	-0.952919	-0.739689	
0.328161	-0.083194	0.046900	0.080091	-0.333795	0.416837	0.502822	-0.288698	-0.952919	1.000000	0.836924	
0.423140	-0.225765	0.094500	-0.001531	-0.491384	0.585553	0.760014	-0.185061	-0.739689	0.836924	1.000000	

Time taken for mcmc chain: 10.954722 hours
