Number of steps: 1174761
Number of accepted steps: 316124
Burn-in number of steps: 12000
Accepted fraction of steps: 0.269096
Convergence Status
R[0]= 1.000776	R[1]= 1.001178	R[2]= 1.000685	R[3]= 1.001676	R[4]= 1.000633	R[5]= 1.000464	R[6]= 1.000138	R[7]= 1.001115	R[8]= 1.000559	R[9]= 1.000351	R[10]= 1.000110	
<R>= 1.000699

Mean parameters
A[0]= 0.998492 pm 0.076316
A[1]= 0.978705 pm 0.040168
A[2]= 0.798803 pm 0.171764
A[3]= 2.276582 pm 0.089915
A[4]= 0.083646 pm 1.032725
A[5]= 1.100371 pm 0.299236
A[6]= 4.070075 pm 0.492405
A[7]= 2.259710 pm 0.096779
A[8]= -0.276426 pm 1.479595
A[9]= 1.219705 pm 0.439222
A[10]= 4.018033 pm 0.630717

Best-fitting parameters
A[0]= 0.976459
A[1]= 0.960454
A[2]= 0.783661
A[3]= 2.246055
A[4]= -0.238050
A[5]= 1.077473
A[6]= 3.975039
A[7]= 2.235726
A[8]= -0.814086
A[9]= 1.219260
A[10]= 3.909726
chi2_min= 58.469800


Cross-Covariance parameters
1.000000	-0.566226	-0.795789	0.830674	-0.190539	0.318486	0.457544	0.761141	-0.099093	0.223333	0.384738	
-0.566226	1.000000	0.778048	-0.207577	0.058889	-0.006530	-0.173493	-0.188167	0.030599	-0.009444	-0.153517	
-0.795789	0.778048	1.000000	-0.685668	-0.014646	0.018355	0.024452	-0.636253	-0.048879	0.030167	0.038283	
0.830674	-0.207577	-0.685668	1.000000	0.067841	0.025468	0.092755	0.836483	-0.014520	0.127393	0.119471	
-0.190539	0.058889	-0.014646	0.067841	1.000000	-0.927479	-0.621606	-0.070724	0.121453	-0.155884	-0.280288	
0.318486	-0.006530	0.018355	0.025468	-0.927479	1.000000	0.776132	0.178668	-0.152886	0.235688	0.409815	
0.457544	-0.173493	0.024452	0.092755	-0.621606	0.776132	1.000000	0.131288	-0.245888	0.369658	0.706441	
0.761141	-0.188167	-0.636253	0.836483	-0.070724	0.178668	0.131288	1.000000	0.234843	-0.198266	-0.050840	
-0.099093	0.030599	-0.048879	-0.014520	0.121453	-0.152886	-0.245888	0.234843	1.000000	-0.919880	-0.622428	
0.223333	-0.009444	0.030167	0.127393	-0.155884	0.235688	0.369658	-0.198266	-0.919880	1.000000	0.769580	
0.384738	-0.153517	0.038283	0.119471	-0.280288	0.409815	0.706441	-0.050840	-0.622428	0.769580	1.000000	

Time taken for mcmc chain: 12.770278 hours
