Number of steps: 1327817
Number of accepted steps: 314038
Burn-in number of steps: 12000
Accepted fraction of steps: 0.236507
Convergence Status
R[0]= 1.001245	R[1]= 1.000121	R[2]= 1.000860	R[3]= 1.001159	R[4]= 1.006539	R[5]= 1.004635	R[6]= 1.003374	R[7]= 1.000317	R[8]= 1.002254	R[9]= 1.001626	R[10]= 1.002233	
<R>= 1.002215

Mean parameters
A[0]= 1.052522 pm 0.039492
A[1]= 0.978035 pm 0.019432
A[2]= 0.767765 pm 0.085863
A[3]= 2.189878 pm 0.048747
A[4]= -0.924036 pm 0.947384
A[5]= 1.395531 pm 0.238717
A[6]= 4.577013 pm 0.528157
A[7]= 2.195400 pm 0.056593
A[8]= -0.653907 pm 1.190054
A[9]= 1.274824 pm 0.283784
A[10]= 4.186027 pm 0.544705

Best-fitting parameters
A[0]= 1.050430
A[1]= 0.972175
A[2]= 0.785256
A[3]= 2.154349
A[4]= -1.587210
A[5]= 1.542014
A[6]= 4.862565
A[7]= 2.165086
A[8]= -1.211323
A[9]= 1.376724
A[10]= 4.377218
chi2_min= 56.317330


Cross-Covariance parameters
1.000000	-0.444609	-0.535695	0.609097	-0.236574	0.365655	0.491573	0.539820	-0.153325	0.266526	0.422326	
-0.444609	1.000000	0.657639	-0.059755	-0.007092	0.067496	-0.110788	-0.036094	0.039169	0.015516	-0.097943	
-0.535695	0.657639	1.000000	-0.617376	-0.286073	0.301502	0.320715	-0.526649	-0.178781	0.213298	0.316406	
0.609097	-0.059755	-0.617376	1.000000	0.419359	-0.324249	-0.251707	0.660883	0.084536	-0.020885	-0.109948	
-0.236574	-0.007092	-0.286073	0.419359	1.000000	-0.954536	-0.781117	0.078859	0.185910	-0.254844	-0.442977	
0.365655	0.067496	0.301502	-0.324249	-0.954536	1.000000	0.875946	0.001460	-0.227914	0.329161	0.538093	
0.491573	-0.110788	0.320715	-0.251707	-0.781117	0.875946	1.000000	-0.072057	-0.329778	0.442805	0.741060	
0.539820	-0.036094	-0.526649	0.660883	0.078859	0.001460	-0.072057	1.000000	0.511070	-0.479032	-0.326928	
-0.153325	0.039169	-0.178781	0.084536	0.185910	-0.227914	-0.329778	0.511070	1.000000	-0.952191	-0.703473	
0.266526	0.015516	0.213298	-0.020885	-0.254844	0.329161	0.442805	-0.479032	-0.952191	1.000000	0.816851	
0.422326	-0.097943	0.316406	-0.109948	-0.442977	0.538093	0.741060	-0.326928	-0.703473	0.816851	1.000000	

Time taken for mcmc chain: 13.782778 hours
