Number of steps: 1561010
Number of accepted steps: 309072
Burn-in number of steps: 12000
Accepted fraction of steps: 0.197995
Convergence Status
R[0]= 1.001278	R[1]= 1.000535	R[2]= 1.001072	R[3]= 1.003913	R[4]= 1.002213	R[5]= 1.002029	R[6]= 1.003917	R[7]= 1.003718	R[8]= 1.000638	R[9]= 1.001402	R[10]= 1.004173	
<R>= 1.002263

Mean parameters
A[0]= 1.009259 pm 0.083231
A[1]= 0.941662 pm 0.036528
A[2]= 0.695723 pm 0.161491
A[3]= 2.174146 pm 0.091403
A[4]= -0.791441 pm 1.390537
A[5]= 1.378384 pm 0.453917
A[6]= 4.140168 pm 0.861594
A[7]= 2.224896 pm 0.096941
A[8]= 0.011959 pm 1.249616
A[9]= 1.178160 pm 0.345241
A[10]= 4.269623 pm 0.705688

Best-fitting parameters
A[0]= 1.004042
A[1]= 0.931067
A[2]= 0.716993
A[3]= 2.128779
A[4]= -1.955900
A[5]= 1.716256
A[6]= 4.546941
A[7]= 2.208738
A[8]= -0.580268
A[9]= 1.243816
A[10]= 4.339229
chi2_min= 56.836310


Cross-Covariance parameters
1.000000	-0.554611	-0.732931	0.769645	-0.268000	0.415621	0.543517	0.808882	-0.152050	0.321105	0.549509	
-0.554611	1.000000	0.732132	-0.210148	0.026718	-0.035297	-0.231195	-0.225348	0.057623	-0.021606	-0.241619	
-0.732931	0.732132	1.000000	-0.706605	-0.121484	0.070917	0.037989	-0.663904	-0.006768	0.006126	-0.013392	
0.769645	-0.210148	-0.706605	1.000000	0.158216	-0.053621	0.029597	0.835341	-0.047156	0.167026	0.159159	
-0.268000	0.026718	-0.121484	0.158216	1.000000	-0.939179	-0.730907	-0.119057	0.157511	-0.265612	-0.459070	
0.415621	-0.035297	0.070917	-0.053621	-0.939179	1.000000	0.853607	0.246097	-0.180182	0.340417	0.576055	
0.543517	-0.231195	0.037989	0.029597	-0.730907	0.853607	1.000000	0.233102	-0.234999	0.419536	0.784662	
0.808882	-0.225348	-0.663904	0.835341	-0.119057	0.246097	0.233102	1.000000	0.071939	0.008487	0.176937	
-0.152050	0.057623	-0.006768	-0.047156	0.157511	-0.180182	-0.234999	0.071939	1.000000	-0.898171	-0.555550	
0.321105	-0.021606	0.006126	0.167026	-0.265612	0.340417	0.419536	0.008487	-0.898171	1.000000	0.753445	
0.549509	-0.241619	-0.013392	0.159159	-0.459070	0.576055	0.784662	0.176937	-0.555550	0.753445	1.000000	

Time taken for mcmc chain: 17.944722 hours
