Number of steps: 908639
Number of accepted steps: 303722
Burn-in number of steps: 12000
Accepted fraction of steps: 0.334260
Convergence Status
R[0]= 1.000485	R[1]= 1.000320	R[2]= 1.000850	R[3]= 1.001229	R[4]= 1.004857	R[5]= 1.003469	R[6]= 1.001598	R[7]= 1.000806	R[8]= 1.001624	R[9]= 1.001473	R[10]= 1.002745	
<R>= 1.001769

Mean parameters
A[0]= 1.076162 pm 0.044074
A[1]= 0.976778 pm 0.022249
A[2]= 0.800566 pm 0.085632
A[3]= 2.159039 pm 0.046804
A[4]= -1.624398 pm 0.794674
A[5]= 1.653684 pm 0.235104
A[6]= 5.070329 pm 0.640661
A[7]= 2.154658 pm 0.049639
A[8]= 0.033945 pm 1.043489
A[9]= 1.258285 pm 0.208277
A[10]= 4.618856 pm 0.489071

Best-fitting parameters
A[0]= 1.060163
A[1]= 0.974201
A[2]= 0.801504
A[3]= 2.132505
A[4]= -1.917314
A[5]= 1.693525
A[6]= 5.011572
A[7]= 2.154367
A[8]= 0.587036
A[9]= 1.099112
A[10]= 4.325545
chi2_min= 77.265190


Cross-Covariance parameters
1.000000	-0.503662	-0.511746	0.585673	-0.328441	0.470035	0.636421	0.632015	-0.174543	0.323419	0.585910	
-0.503662	1.000000	0.686664	-0.033363	0.089675	-0.014517	-0.267895	-0.076933	0.025699	0.065600	-0.194521	
-0.511746	0.686664	1.000000	-0.537768	-0.223382	0.238598	0.165668	-0.466721	-0.079027	0.157693	0.179024	
0.585673	-0.033363	-0.537768	1.000000	0.368234	-0.213253	-0.107644	0.676060	-0.023206	0.120891	0.049437	
-0.328441	0.089675	-0.223382	0.368234	1.000000	-0.952777	-0.783972	-0.038346	0.154659	-0.263870	-0.493055	
0.470035	-0.014517	0.238598	-0.213253	-0.952777	1.000000	0.871962	0.171998	-0.193385	0.356743	0.600151	
0.636421	-0.267895	0.165668	-0.107644	-0.783972	0.871962	1.000000	0.153402	-0.243605	0.406335	0.777705	
0.632015	-0.076933	-0.466721	0.676060	-0.038346	0.171998	0.153402	1.000000	0.242178	-0.185710	0.007154	
-0.174543	0.025699	-0.079027	-0.023206	0.154659	-0.193385	-0.243605	0.242178	1.000000	-0.914643	-0.589217	
0.323419	0.065600	0.157693	0.120891	-0.263870	0.356743	0.406335	-0.185710	-0.914643	1.000000	0.754530	
0.585910	-0.194521	0.179024	0.049437	-0.493055	0.600151	0.777705	0.007154	-0.589217	0.754530	1.000000	

Time taken for mcmc chain: 10.563611 hours
