Number of steps: 806389
Number of accepted steps: 309000
Burn-in number of steps: 60000
Accepted fraction of steps: 0.383190
Convergence Status
R[0]= 1.000575	R[1]= 1.001361	R[2]= 1.004116	R[3]= 1.000233	R[4]= 1.004611	R[5]= 1.004549	R[6]= 1.000570	R[7]= 1.003039	R[8]= 1.003330	R[9]= 1.002514	R[10]= 1.002270	R[11]= 1.000597	R[12]= 1.001932	R[13]= 1.002139	R[14]= 1.002649	R[15]= 1.003188	R[16]= 1.002030	
<R>= 1.002336

Mean parameters
A[0]= 0.941174 pm 0.017809
A[1]= 1.007951 pm 0.013841
A[2]= 0.178094 pm 0.123014
A[3]= 5.460572 pm 0.510856
A[4]= 3626.405284 pm 3468.467117
A[5]= -265.762294 pm 1231.734060
A[6]= -179.587854 pm 157.773002
A[7]= 5225.758809 pm 7094.611480
A[8]= -1079.632728 pm 2350.029723
A[9]= -106.153770 pm 109.257756
A[10]= 4.047447 pm 0.758252
A[11]= 6728.784240 pm 4100.425564
A[12]= -2297.760017 pm 1232.110089
A[13]= 305.445214 pm 225.097144
A[14]= 4156.519368 pm 8453.153466
A[15]= -1188.203498 pm 2523.875667
A[16]= -78.090185 pm 151.576857

Best-fitting parameters
A[0]= 0.950160
A[1]= 1.002962
A[2]= 0.055025
A[3]= 5.508419
A[4]= -787.923700
A[5]= 1265.124000
A[6]= -252.794400
A[7]= 1413.007000
A[8]= 539.408400
A[9]= -163.240400
A[10]= 4.286713
A[11]= 4765.643000
A[12]= -1401.426000
A[13]= 213.689900
A[14]= -119.538300
A[15]= 468.572900
A[16]= -152.299800
chi2_min= 59.622170


Cross-Covariance parameters
1.000000	-0.396451	-0.078880	-0.085790	-0.088878	0.064048	0.035249	0.041797	-0.009835	-0.178581	0.067589	-0.031240	0.070761	-0.087786	0.001330	0.005190	-0.102937	
-0.396451	1.000000	0.054110	-0.074915	0.240875	-0.214848	0.080645	-0.100825	0.055272	0.129651	0.000934	0.167652	-0.150883	0.002337	-0.062492	0.040982	0.061897	
-0.078880	0.054110	1.000000	-0.226922	0.700991	-0.836946	0.382616	0.649507	-0.774146	0.448271	-0.133844	0.428169	-0.621144	0.218452	0.322857	-0.462474	0.167438	
-0.085790	-0.074915	-0.226922	1.000000	-0.001371	0.337293	-0.954195	-0.097878	0.107557	-0.023090	-0.000619	-0.110660	0.138362	-0.014638	-0.090884	0.124239	-0.054515	
-0.088878	0.240875	0.700991	-0.001371	1.000000	-0.922830	0.268576	0.428943	-0.532030	0.328413	-0.091670	0.327067	-0.455467	0.147358	0.210043	-0.309473	0.119846	
0.064048	-0.214848	-0.836946	0.337293	-0.922830	1.000000	-0.570438	-0.510943	0.621706	-0.363287	0.101748	-0.382116	0.534036	-0.168756	-0.262700	0.381369	-0.147128	
0.035249	0.080645	0.382616	-0.954195	0.268576	-0.570438	1.000000	0.195532	-0.227517	0.093454	-0.024809	0.171962	-0.232143	0.053032	0.140680	-0.194969	0.081903	
0.041797	-0.100825	0.649507	-0.097878	0.428943	-0.510943	0.195532	1.000000	-0.977177	0.878849	-0.076518	0.268784	-0.391431	0.132899	0.214881	-0.306244	0.097919	
-0.009835	0.055272	-0.774146	0.107557	-0.532030	0.621706	-0.227517	-0.977177	1.000000	-0.865195	0.093785	-0.327415	0.473665	-0.160912	-0.250549	0.359802	-0.119399	
-0.178581	0.129651	0.448271	-0.023090	0.328413	-0.363287	0.093454	0.878849	-0.865195	1.000000	-0.051030	0.212392	-0.292724	0.094078	0.123333	-0.189817	0.082405	
0.067589	0.000934	-0.133844	-0.000619	-0.091670	0.101748	-0.024809	-0.076518	0.093785	-0.051030	1.000000	0.226670	0.246815	-0.961592	-0.009130	-0.016398	0.040362	
-0.031240	0.167652	0.428169	-0.110660	0.327067	-0.382116	0.171962	0.268784	-0.327415	0.212392	0.226670	1.000000	-0.864768	0.019558	0.094298	-0.174122	0.043384	
0.070761	-0.150883	-0.621144	0.138362	-0.455467	0.534036	-0.232143	-0.391431	0.473665	-0.292724	0.246815	-0.864768	1.000000	-0.477160	-0.146945	0.233532	-0.049560	
-0.087786	0.002337	0.218452	-0.014638	0.147358	-0.168756	0.053032	0.132899	-0.160912	0.094078	-0.961592	0.019558	-0.477160	1.000000	0.022967	-0.012427	-0.040303	
0.001330	-0.062492	0.322857	-0.090884	0.210043	-0.262700	0.140680	0.214881	-0.250549	0.123333	-0.009130	0.094298	-0.146945	0.022967	1.000000	-0.974007	0.895401	
0.005190	0.040982	-0.462474	0.124239	-0.309473	0.381369	-0.194969	-0.306244	0.359802	-0.189817	-0.016398	-0.174122	0.233532	-0.012427	-0.974007	1.000000	-0.911932	
-0.102937	0.061897	0.167438	-0.054515	0.119846	-0.147128	0.081903	0.097919	-0.119399	0.082405	0.040362	0.043384	-0.049560	-0.040303	0.895401	-0.911932	1.000000	

Time taken for mcmc chain: 4.883333 minutes
