Number of steps: 1365999
Number of accepted steps: 323000
Burn-in number of steps: 60000
Accepted fraction of steps: 0.236457
Convergence Status
R[0]= 1.001591	R[1]= 1.001491	R[2]= 1.001942	R[3]= 1.003414	R[4]= 1.001298	R[5]= 1.001963	R[6]= 1.004260	R[7]= 1.002108	R[8]= 1.002594	R[9]= 1.001232	R[10]= 1.001328	R[11]= 1.001389	R[12]= 1.003110	R[13]= 1.001736	R[14]= 1.000122	R[15]= 1.000327	R[16]= 1.000177	
<R>= 1.001770

Mean parameters
A[0]= 0.997034 pm 0.038978
A[1]= 1.035726 pm 0.032172
A[2]= 0.405880 pm 0.215016
A[3]= 4.206488 pm 0.846536
A[4]= 6303.646832 pm 5339.179705
A[5]= -2889.588949 pm 1745.718504
A[6]= 366.816750 pm 257.006173
A[7]= 8024.778882 pm 8329.545261
A[8]= -4497.229462 pm 2937.008174
A[9]= 153.990762 pm 150.249946
A[10]= 3.965930 pm 1.286801
A[11]= 12533.738792 pm 5006.031127
A[12]= -4326.758019 pm 1678.352063
A[13]= 453.523366 pm 390.535711
A[14]= -8097.108373 pm 8793.827282
A[15]= 1369.426427 pm 3028.180300
A[16]= -373.814276 pm 178.727066

Best-fitting parameters
A[0]= 0.989800
A[1]= 1.055686
A[2]= 0.568912
A[3]= 4.373736
A[4]= 10717.190000
A[5]= -4441.555000
A[6]= 361.557000
A[7]= 18072.080000
A[8]= -8111.230000
A[9]= 310.410700
A[10]= 4.181319
A[11]= 19031.130000
A[12]= -6562.618000
A[13]= 486.789500
A[14]= -10678.850000
A[15]= 1059.202000
A[16]= -391.366900
chi2_min= 48.896740


Cross-Covariance parameters
1.000000	-0.410074	-0.079381	-0.066511	-0.099614	0.095587	0.028076	0.077688	-0.029497	-0.168602	-0.057706	-0.050947	0.041788	0.049365	0.017586	0.013487	-0.178811	
-0.410074	1.000000	0.051634	0.035514	0.300218	-0.263454	-0.023788	-0.090182	0.025342	0.202942	-0.206618	0.122597	-0.202194	0.179085	-0.088183	0.080537	0.162123	
-0.079381	0.051634	1.000000	-0.231195	0.527760	-0.772273	0.377809	0.477194	-0.683103	0.337924	-0.176799	0.329332	-0.606257	0.225443	0.303472	-0.516501	0.152707	
-0.066511	0.035514	-0.231195	1.000000	0.283990	0.109219	-0.954918	0.032052	-0.058653	0.045557	0.071375	-0.054834	0.137238	-0.085111	-0.074603	0.116884	-0.023174	
-0.099614	0.300218	0.527760	0.283990	1.000000	-0.897763	-0.017608	0.260207	-0.426964	0.229726	-0.148282	0.214181	-0.375157	0.162387	0.143966	-0.255338	0.122098	
0.095587	-0.263454	-0.772273	0.109219	-0.897763	1.000000	-0.365957	-0.337922	0.527028	-0.272623	0.190712	-0.283435	0.514871	-0.219178	-0.221096	0.383553	-0.151443	
0.028076	-0.023788	0.377809	-0.954918	-0.017608	-0.365957	1.000000	0.037261	-0.051021	0.000774	-0.093403	0.102955	-0.223646	0.113878	0.122281	-0.195614	0.052294	
0.077688	-0.090182	0.477194	0.032052	0.260207	-0.337922	0.037261	1.000000	-0.946798	0.838847	-0.064870	0.173753	-0.292598	0.092143	0.136846	-0.241031	0.020640	
-0.029497	0.025342	-0.683103	-0.058653	-0.426964	0.527028	-0.051021	-0.946798	1.000000	-0.832833	0.110761	-0.241831	0.422510	-0.145432	-0.198858	0.347457	-0.068454	
-0.168602	0.202942	0.337924	0.045557	0.229726	-0.272623	0.000774	0.838847	-0.832833	1.000000	-0.083474	0.141850	-0.238248	0.095694	0.066420	-0.140281	0.069333	
-0.057706	-0.206618	-0.176799	0.071375	-0.148282	0.190712	-0.093403	-0.064870	0.110761	-0.083474	1.000000	0.180862	0.340851	-0.977023	0.118537	-0.209868	0.076366	
-0.050947	0.122597	0.329332	-0.054834	0.214181	-0.283435	0.102955	0.173753	-0.241831	0.141850	0.180862	1.000000	-0.817813	-0.004441	0.117148	-0.229102	0.064124	
0.041788	-0.202194	-0.606257	0.137238	-0.375157	0.514871	-0.223646	-0.292598	0.422510	-0.238248	0.340851	-0.817813	1.000000	-0.498943	-0.135824	0.247299	-0.064482	
0.049365	0.179085	0.225443	-0.085111	0.162387	-0.219178	0.113878	0.092143	-0.145432	0.095694	-0.977023	-0.004441	-0.498943	1.000000	-0.100414	0.177796	-0.077402	
0.017586	-0.088183	0.303472	-0.074603	0.143966	-0.221096	0.122281	0.136846	-0.198858	0.066420	0.118537	0.117148	-0.135824	-0.100414	1.000000	-0.929940	0.795118	
0.013487	0.080537	-0.516501	0.116884	-0.255338	0.383553	-0.195614	-0.241031	0.347457	-0.140281	-0.209868	-0.229102	0.247299	0.177796	-0.929940	1.000000	-0.808077	
-0.178811	0.162123	0.152707	-0.023174	0.122098	-0.151443	0.052294	0.020640	-0.068454	0.069333	0.076366	0.064124	-0.064482	-0.077402	0.795118	-0.808077	1.000000	

Time taken for mcmc chain: 6.850000 minutes
