Number of steps: 9181631
Number of accepted steps: 2000000
Burn-in number of steps: 10000
Accepted fraction of steps: 0.217826
Convergence Status
R[0]= 1.000085	R[1]= 1.000182	R[2]= 1.004550	R[3]= 1.001178	R[4]= 1.000328	R[5]= 1.000198	R[6]= 1.000704	R[7]= 1.000294	R[8]= 1.000833	R[9]= 1.002421	R[10]= 1.001286	R[11]= 1.000269	R[12]= 1.000162	R[13]= 1.000498	R[14]= 1.000193	R[15]= 1.000506	R[16]= 1.002488	
<R>= 1.000951

Mean parameters
A[0]= 0.985022 pm 0.069002
A[1]= 1.044593 pm 0.041683
A[2]= 0.367141 pm 0.270452
A[3]= 5.088732 pm 1.310191
A[4]= 4287.541870 pm 4891.768405
A[5]= -249.196841 pm 1551.955227
A[6]= 109.604713 pm 398.223014
A[7]= -5981.526179 pm 8728.762313
A[8]= 1550.717783 pm 2790.710058
A[9]= -159.394925 pm 566.896827
A[10]= 7.123682 pm 1.785034
A[11]= -781.772190 pm 7379.492750
A[12]= 2893.622069 pm 2250.359190
A[13]= -714.473704 pm 571.315366
A[14]= 756.150306 pm 10568.663791
A[15]= 1450.086728 pm 3621.332299
A[16]= -553.682990 pm 819.610845

Best-fitting parameters
A[0]= 1.010335
A[1]= 1.056125
A[2]= 0.270170
A[3]= 5.410997
A[4]= 9074.039000
A[5]= -1548.650000
A[6]= 136.986100
A[7]= -9403.855000
A[8]= 2075.722000
A[9]= -75.444540
A[10]= 7.196365
A[11]= 844.109300
A[12]= 2058.029000
A[13]= -604.994400
A[14]= 3119.180000
A[15]= 18.400460
A[16]= -246.770100
chi2_min= 50.885470


Cross-Covariance parameters
1.000000	-0.412305	-0.284910	0.115911	0.194881	-0.240694	0.086349	0.307796	-0.381966	0.137389	0.101064	0.174527	-0.247490	0.112303	0.251477	-0.345985	0.130373	
-0.412305	1.000000	0.253457	-0.344016	0.187048	-0.270403	0.168935	-0.203373	0.243760	-0.074769	-0.230969	0.217648	-0.204702	0.021259	-0.189219	0.248475	-0.103208	
-0.284910	0.253457	1.000000	-0.582584	-0.075183	0.108049	-0.063149	0.014892	0.459364	-0.872709	-0.547672	-0.039439	0.124897	-0.131351	0.005638	0.530341	-0.885083	
0.115911	-0.344016	-0.582584	1.000000	0.169829	0.350034	-0.739465	-0.016991	-0.147797	0.302328	0.362975	-0.058945	0.024594	0.042875	0.014463	-0.315778	0.506098	
0.194881	0.187048	-0.075183	0.169829	1.000000	-0.748637	-0.003986	0.121924	-0.128711	0.047007	-0.002748	0.136872	-0.159411	0.049221	0.014444	-0.062486	0.068450	
-0.240694	-0.270403	0.108049	0.350034	-0.748637	1.000000	-0.651304	-0.131481	0.264429	-0.276843	0.009964	-0.175311	0.216868	-0.081500	-0.008624	0.084387	-0.110062	
0.086349	0.168935	-0.063149	-0.739465	-0.003986	-0.651304	1.000000	0.046523	-0.235557	0.358459	-0.010386	0.081227	-0.113036	0.056630	-0.012921	-0.039419	0.078108	
0.307796	-0.203373	0.014892	-0.016991	0.121924	-0.131481	0.046523	1.000000	-0.839999	0.172783	-0.012594	0.022387	-0.035714	0.015348	0.097080	-0.065429	-0.061645	
-0.381966	0.243760	0.459364	-0.147797	-0.128711	0.264429	-0.235557	-0.839999	1.000000	-0.661454	-0.242250	-0.046069	0.104857	-0.086913	-0.069483	0.305715	-0.381988	
0.137389	-0.074769	-0.872709	0.302328	0.047007	-0.276843	0.358459	0.172783	-0.661454	1.000000	0.470101	0.043001	-0.126570	0.131242	-0.051280	-0.442661	0.817101	
0.101064	-0.230969	-0.547672	0.362975	-0.002748	0.009964	-0.010386	-0.012594	-0.242250	0.470101	1.000000	0.188042	0.311869	-0.720048	-0.039401	-0.136703	0.278798	
0.174527	0.217648	-0.039439	-0.058945	0.136872	-0.175311	0.081227	0.022387	-0.046069	0.043001	0.188042	1.000000	-0.754984	-0.039017	0.097595	-0.077412	-0.006481	
-0.247490	-0.204702	0.124897	0.024594	-0.159411	0.216868	-0.113036	-0.035714	0.104857	-0.126570	0.311869	-0.754984	1.000000	-0.616440	-0.129070	0.268301	-0.261742	
0.112303	0.021259	-0.131351	0.042875	0.049221	-0.081500	0.056630	0.015348	-0.086913	0.131242	-0.720048	-0.039017	-0.616440	1.000000	0.074625	-0.304460	0.403297	
0.251477	-0.189219	0.005638	0.014463	0.014444	-0.008624	-0.012921	0.097080	-0.069483	-0.051280	-0.039401	0.097595	-0.129070	0.074625	1.000000	-0.789817	0.158049	
-0.345985	0.248475	0.530341	-0.315778	-0.062486	0.084387	-0.039419	-0.065429	0.305715	-0.442661	-0.136703	-0.077412	0.268301	-0.304460	-0.789817	1.000000	-0.708300	
0.130373	-0.103208	-0.885083	0.506098	0.068450	-0.110062	0.078108	-0.061645	-0.381988	0.817101	0.278798	-0.006481	-0.261742	0.403297	0.158049	-0.708300	1.000000	

Time taken for mcmc chain: 3.012222 hours
