Number of steps: 20212797
Number of accepted steps: 2000000
Burn-in number of steps: 10000
Accepted fraction of steps: 0.098947
Convergence Status
R[0]= 1.000809	R[1]= 1.002975	R[2]= 1.003310	R[3]= 1.001904	R[4]= 1.000274	R[5]= 1.000463	R[6]= 1.000856	R[7]= 1.000192	R[8]= 1.000675	R[9]= 1.000899	R[10]= 1.000334	R[11]= 1.000077	R[12]= 1.000169	R[13]= 1.000280	R[14]= 1.000949	R[15]= 1.001014	R[16]= 1.000899	
<R>= 1.000946

Mean parameters
A[0]= 0.928436 pm 0.052984
A[1]= 1.008088 pm 0.054533
A[2]= 1.082031 pm 0.601459
A[3]= 4.158520 pm 1.489471
A[4]= 3917.465554 pm 4874.704721
A[5]= 373.903847 pm 1757.536683
A[6]= -113.484647 pm 444.196978
A[7]= 1247.664702 pm 9485.799794
A[8]= 2600.417792 pm 3689.024211
A[9]= -1290.879827 pm 959.214217
A[10]= 2.193275 pm 1.247647
A[11]= -2826.433860 pm 6784.239314
A[12]= -1047.842065 pm 2261.326981
A[13]= 959.935205 pm 577.771432
A[14]= 5709.844939 pm 9655.882812
A[15]= -1068.167954 pm 3423.797776
A[16]= -239.844694 pm 758.542198

Best-fitting parameters
A[0]= 0.909001
A[1]= 1.004710
A[2]= 1.065262
A[3]= 4.154596
A[4]= 5464.767000
A[5]= 433.479000
A[6]= -228.737800
A[7]= 1181.545000
A[8]= 3304.750000
A[9]= -1515.332000
A[10]= 1.893005
A[11]= -3148.984000
A[12]= -1268.740000
A[13]= 1077.119000
A[14]= 12297.090000
A[15]= -2585.948000
A[16]= -132.524700
chi2_min= 69.253830


Cross-Covariance parameters
1.000000	-0.482375	-0.288039	0.245612	0.159440	-0.201343	0.102810	0.361546	-0.420907	0.190592	0.094507	0.046821	-0.122380	0.114380	0.111201	-0.215791	0.164973	
-0.482375	1.000000	0.246079	-0.340532	0.243891	-0.243565	0.086759	-0.230442	0.234038	-0.070149	-0.154820	0.111107	-0.061010	-0.042248	-0.081754	0.138780	-0.096356	
-0.288039	0.246079	1.000000	-0.807122	-0.130406	0.116531	-0.029994	-0.024674	0.583451	-0.812591	-0.495080	-0.048488	0.061599	-0.033078	-0.013380	0.340580	-0.557951	
0.245612	-0.340532	-0.807122	1.000000	0.095261	0.242542	-0.472068	0.013898	-0.349045	0.485127	0.430015	0.011354	-0.028445	0.028844	0.016352	-0.292103	0.469501	
0.159440	0.243891	-0.130406	0.095261	1.000000	-0.747346	0.129452	0.130658	-0.176206	0.129123	0.033671	0.076660	-0.081299	0.024670	0.007632	-0.063142	0.092913	
-0.201343	-0.243565	0.116531	0.242542	-0.747346	1.000000	-0.748651	-0.150587	0.398166	-0.422500	-0.026882	-0.079122	0.095894	-0.043724	-0.005770	0.074901	-0.111421	
0.102810	0.086759	-0.029994	-0.472068	0.129452	-0.748651	1.000000	0.085676	-0.405850	0.494735	0.005694	0.029551	-0.048101	0.035251	-0.000774	-0.040412	0.063586	
0.361546	-0.230442	-0.024674	0.013898	0.130658	-0.150587	0.085676	1.000000	-0.718298	0.143884	-0.001815	-0.005585	-0.023832	0.036874	0.042436	-0.051432	0.007039	
-0.420907	0.234038	0.583451	-0.349045	-0.176206	0.398166	-0.405850	-0.718298	1.000000	-0.783038	-0.291582	-0.033744	0.069869	-0.059993	-0.029725	0.249878	-0.365332	
0.190592	-0.070149	-0.812591	0.485127	0.129123	-0.422500	0.494735	0.143884	-0.783038	1.000000	0.422559	0.051820	-0.071152	0.043996	-0.007668	-0.300663	0.519495	
0.094507	-0.154820	-0.495080	0.430015	0.033671	-0.026882	0.005694	-0.001815	-0.291582	0.422559	1.000000	0.117136	0.430925	-0.778635	-0.029977	0.160206	-0.230484	
0.046821	0.111107	-0.048488	0.011354	0.076660	-0.079122	0.029551	-0.005585	-0.033744	0.051820	0.117136	1.000000	-0.740577	0.075718	0.099555	-0.069060	-0.008072	
-0.122380	-0.061010	0.061599	-0.028445	-0.081299	0.095894	-0.048101	-0.023832	0.069869	-0.071152	0.430925	-0.740577	1.000000	-0.719747	-0.118961	0.381361	-0.484686	
0.114380	-0.042248	-0.033078	0.028844	0.024670	-0.043724	0.035251	0.036874	-0.059993	0.043996	-0.778635	0.075718	-0.719747	1.000000	0.072584	-0.494324	0.732496	
0.111201	-0.081754	-0.013380	0.016352	0.007632	-0.005770	-0.000774	0.042436	-0.029725	-0.007668	-0.029977	0.099555	-0.118961	0.072584	1.000000	-0.789679	0.237211	
-0.215791	0.138780	0.340580	-0.292103	-0.063142	0.074901	-0.040412	-0.051432	0.249878	-0.300663	0.160206	-0.069060	0.381361	-0.494324	-0.789679	1.000000	-0.767444	
0.164973	-0.096356	-0.557951	0.469501	0.092913	-0.111421	0.063586	0.007039	-0.365332	0.519495	-0.230484	-0.008072	-0.484686	0.732496	0.237211	-0.767444	1.000000	

Time taken for mcmc chain: 6.062500 hours
