Number of steps: 7125491
Number of accepted steps: 2000000
Burn-in number of steps: 10000
Accepted fraction of steps: 0.280682
Convergence Status
R[0]= 1.000724	R[1]= 1.000292	R[2]= 1.002540	R[3]= 1.001182	R[4]= 1.000664	R[5]= 1.000346	R[6]= 1.000145	R[7]= 1.000139	R[8]= 1.000395	R[9]= 1.001685	R[10]= 1.000426	R[11]= 1.000125	R[12]= 1.000051	R[13]= 1.000205	R[14]= 1.000343	R[15]= 1.000190	R[16]= 1.001479	
<R>= 1.000643

Mean parameters
A[0]= 0.920494 pm 0.080244
A[1]= 1.013677 pm 0.028105
A[2]= 0.220342 pm 0.191832
A[3]= 7.085584 pm 1.435323
A[4]= -418.917049 pm 4874.848116
A[5]= 1714.967786 pm 1693.246215
A[6]= -301.618861 pm 420.536122
A[7]= -7773.444328 pm 8396.633393
A[8]= 1253.352982 pm 2745.301942
A[9]= 233.811253 pm 535.178776
A[10]= 6.677968 pm 1.874250
A[11]= -5517.180468 pm 6742.772693
A[12]= 2487.161563 pm 2257.328271
A[13]= -243.520273 pm 594.347803
A[14]= -848.616181 pm 10472.092064
A[15]= -1734.097994 pm 3268.452980
A[16]= 428.095567 pm 555.186227

Best-fitting parameters
A[0]= 0.915371
A[1]= 0.997326
A[2]= 0.030242
A[3]= 8.163636
A[4]= -89.226950
A[5]= 1819.582000
A[6]= -335.180700
A[7]= -11853.380000
A[8]= 805.986700
A[9]= 715.457700
A[10]= 7.264565
A[11]= -5224.711000
A[12]= 2031.040000
A[13]= -101.078200
A[14]= -4969.040000
A[15]= -2083.620000
A[16]= 885.704600
chi2_min= 49.816620


Cross-Covariance parameters
1.000000	-0.415334	-0.206913	-0.113009	0.299400	-0.403201	0.224582	0.382318	-0.383341	-0.000607	0.080771	0.237124	-0.197273	-0.019824	0.220781	-0.234372	-0.052984	
-0.415334	1.000000	0.158637	-0.115067	0.125239	-0.087981	-0.006654	-0.229648	0.236887	-0.006905	-0.218240	0.044940	-0.128051	0.135733	-0.140711	0.140757	0.036516	
-0.206913	0.158637	1.000000	-0.508445	-0.137430	0.172339	-0.096725	-0.045652	0.507960	-0.891051	-0.371982	-0.069289	0.105651	-0.063507	-0.022154	0.399130	-0.821823	
-0.113009	-0.115067	-0.508445	1.000000	0.103961	0.430131	-0.777716	-0.103133	-0.078767	0.353838	0.214158	-0.040466	0.022767	0.016418	-0.037443	-0.163042	0.453401	
0.299400	0.125239	-0.137430	0.103961	1.000000	-0.753244	0.098816	0.174894	-0.205470	0.096547	0.001488	0.112484	-0.126754	0.039060	0.052348	-0.092675	0.068346	
-0.403201	-0.087981	0.172339	0.430131	-0.753244	1.000000	-0.720686	-0.241785	0.350455	-0.235729	-0.015291	-0.143177	0.154352	-0.041355	-0.079452	0.129224	-0.081811	
0.224582	-0.006654	-0.096725	-0.777716	0.098816	-0.720686	1.000000	0.160356	-0.290124	0.252308	0.019598	0.073862	-0.076600	0.018307	0.052562	-0.081538	0.049053	
0.382318	-0.229648	-0.045652	-0.103133	0.174894	-0.241785	0.160356	1.000000	-0.848794	0.196971	0.022977	0.074242	-0.059760	-0.010433	0.092441	-0.083787	-0.052003	
-0.383341	0.236887	0.507960	-0.078767	-0.205470	0.350455	-0.290124	-0.848794	1.000000	-0.662394	-0.193351	-0.090943	0.098699	-0.025417	-0.080620	0.255546	-0.357158	
-0.000607	-0.006905	-0.891051	0.353838	0.096547	-0.235729	0.252308	0.196971	-0.662394	1.000000	0.319949	0.028933	-0.078704	0.077862	-0.023431	-0.332201	0.792550	
0.080771	-0.218240	-0.371982	0.214158	0.001488	-0.015291	0.019598	0.022977	-0.193351	0.319949	1.000000	0.144381	0.487195	-0.873987	-0.050997	0.007908	0.093587	
0.237124	0.044940	-0.069289	-0.040466	0.112484	-0.143177	0.073862	0.074242	-0.090943	0.028933	0.144381	1.000000	-0.724009	0.034449	0.139609	-0.143867	0.032785	
-0.197273	-0.128051	0.105651	0.022767	-0.126754	0.154352	-0.076600	-0.059760	0.098699	-0.078704	0.487195	-0.724009	1.000000	-0.706314	-0.164020	0.271779	-0.251102	
-0.019824	0.135733	-0.063507	0.016418	0.039060	-0.041355	0.018307	-0.010433	-0.025417	0.077862	-0.873987	0.034449	-0.706314	1.000000	0.083916	-0.229755	0.326934	
0.220781	-0.140711	-0.022154	-0.037443	0.052348	-0.079452	0.052562	0.092441	-0.080620	-0.023431	-0.050997	0.139609	-0.164020	0.083916	1.000000	-0.878456	0.276218	
-0.234372	0.140757	0.399130	-0.163042	-0.092675	0.129224	-0.081538	-0.083787	0.255546	-0.332201	0.007908	-0.143867	0.271779	-0.229755	-0.878456	1.000000	-0.671183	
-0.052984	0.036516	-0.821823	0.453401	0.068346	-0.081811	0.049053	-0.052003	-0.357158	0.792550	0.093587	0.032785	-0.251102	0.326934	0.276218	-0.671183	1.000000	

Time taken for mcmc chain: 2.533333 hours
