Number of steps: 10421179
Number of accepted steps: 2000000
Burn-in number of steps: 10000
Accepted fraction of steps: 0.191917
Convergence Status
R[0]= 1.000259	R[1]= 1.002550	R[2]= 1.015328	R[3]= 1.005214	R[4]= 1.000562	R[5]= 1.000264	R[6]= 1.002258	R[7]= 1.000153	R[8]= 1.001590	R[9]= 1.003499	R[10]= 1.002395	R[11]= 1.000553	R[12]= 1.000024	R[13]= 1.000430	R[14]= 1.000373	R[15]= 1.002112	R[16]= 1.004147	
<R>= 1.002453

Mean parameters
A[0]= 1.089798 pm 0.100213
A[1]= 0.910310 pm 0.040561
A[2]= 0.339334 pm 0.287870
A[3]= 6.146220 pm 1.603737
A[4]= 3652.060876 pm 4916.074155
A[5]= 190.859377 pm 1774.749519
A[6]= 1.280464 pm 435.221262
A[7]= 9172.583041 pm 8019.817779
A[8]= -2723.854684 pm 2739.133840
A[9]= -213.789131 pm 606.770738
A[10]= 5.306405 pm 1.934554
A[11]= -811.389619 pm 6889.498770
A[12]= 974.485019 pm 2361.002883
A[13]= 170.181651 pm 621.249858
A[14]= -826.629831 pm 10482.043604
A[15]= -1303.435316 pm 3269.234352
A[16]= -5.394393 pm 615.736016

Best-fitting parameters
A[0]= 1.094072
A[1]= 0.891534
A[2]= 0.203285
A[3]= 7.308708
A[4]= 5031.368000
A[5]= 424.605100
A[6]= -200.808200
A[7]= 11589.290000
A[8]= -3838.033000
A[9]= -31.841670
A[10]= 5.687950
A[11]= -4152.910000
A[12]= 1863.091000
A[13]= 138.478000
A[14]= -2147.878000
A[15]= -1396.687000
A[16]= 165.385400
chi2_min= 61.237130


Cross-Covariance parameters
1.000000	-0.360955	-0.269006	0.083534	0.278958	-0.292615	0.098801	0.394952	-0.469050	0.119112	-0.044736	0.140589	-0.246564	0.173899	0.204697	-0.319717	0.157173	
-0.360955	1.000000	0.088962	-0.259009	0.223965	-0.263446	0.140183	-0.205529	0.190896	0.041020	-0.016112	0.149350	-0.051122	-0.103078	-0.083913	0.133539	-0.054612	
-0.269006	0.088962	1.000000	-0.616632	-0.067529	-0.022494	0.110268	-0.045979	0.548393	-0.846672	-0.401920	-0.012996	-0.004715	0.021976	-0.014325	0.391286	-0.744549	
0.083534	-0.259009	-0.616632	1.000000	0.001983	0.525396	-0.811698	0.076157	-0.261829	0.293651	0.279282	-0.060424	0.071947	-0.028471	-0.004781	-0.227999	0.459909	
0.278958	0.223965	-0.067529	0.001983	1.000000	-0.762183	0.146356	0.197897	-0.203059	0.047859	-0.025928	0.116509	-0.122357	0.030683	0.063515	-0.086216	0.034461	
-0.292615	-0.263446	-0.022494	0.525396	-0.762183	1.000000	-0.743808	-0.127437	0.218043	-0.196910	0.077019	-0.130541	0.152969	-0.056436	-0.062221	0.064843	0.007259	
0.098801	0.140183	0.110268	-0.811698	0.146356	-0.743808	1.000000	-0.033852	-0.102661	0.259072	-0.083391	0.057096	-0.083910	0.048155	0.017735	0.003444	-0.045810	
0.394952	-0.205529	-0.045979	0.076157	0.197897	-0.127437	-0.033852	1.000000	-0.804349	0.122900	-0.025092	0.046512	-0.080504	0.054045	0.086225	-0.100627	-0.008009	
-0.469050	0.190896	0.548393	-0.261829	-0.203059	0.218043	-0.102661	-0.804349	1.000000	-0.663063	-0.179802	-0.048402	0.078870	-0.049899	-0.073482	0.294524	-0.406794	
0.119112	0.041020	-0.846672	0.293651	0.047859	-0.196910	0.259072	0.122900	-0.663063	1.000000	0.355457	0.006774	0.007196	-0.018329	-0.024134	-0.322108	0.693888	
-0.044736	-0.016112	-0.401920	0.279282	-0.025928	0.077019	-0.083391	-0.025092	-0.179802	0.355457	1.000000	0.090194	0.546482	-0.889105	0.075801	-0.056319	-0.073158	
0.140589	0.149350	-0.012996	-0.060424	0.116509	-0.130541	0.057096	0.046512	-0.048402	0.006774	0.090194	1.000000	-0.721645	0.058349	0.149909	-0.127709	-0.020446	
-0.246564	-0.051122	-0.004715	0.071947	-0.122357	0.152969	-0.083910	-0.080504	0.078870	0.007196	0.546482	-0.721645	1.000000	-0.726042	-0.072786	0.201773	-0.291555	
0.173899	-0.103078	0.021976	-0.028471	0.030683	-0.056436	0.048155	0.054045	-0.049899	-0.018329	-0.889105	0.058349	-0.726042	1.000000	-0.053384	-0.154044	0.448357	
0.204697	-0.083913	-0.014325	-0.004781	0.063515	-0.062221	0.017735	0.086225	-0.073482	-0.024134	0.075801	0.149909	-0.072786	-0.053384	1.000000	-0.857947	0.200756	
-0.319717	0.133539	0.391286	-0.227999	-0.086216	0.064843	0.003444	-0.100627	0.294524	-0.322108	-0.056319	-0.127709	0.201773	-0.154044	-0.857947	1.000000	-0.644275	
0.157173	-0.054612	-0.744549	0.459909	0.034461	0.007259	-0.045810	-0.008009	-0.406794	0.693888	-0.073158	-0.020446	-0.291555	0.448357	0.200756	-0.644275	1.000000	

Time taken for mcmc chain: 3.305000 hours
