Number of steps: 2805251
Number of accepted steps: 890000
Burn-in number of steps: 10000
Accepted fraction of steps: 0.317262
Convergence Status
R[0]= 1.000537	R[1]= 1.000717	R[2]= 1.000994	R[3]= 1.000983	R[4]= 1.000329	R[5]= 1.000418	R[6]= 1.000677	R[7]= 1.000110	R[8]= 1.000221	R[9]= 1.000851	R[10]= 1.000310	R[11]= 1.000189	R[12]= 1.000511	R[13]= 1.000917	R[14]= 1.000105	R[15]= 1.000173	R[16]= 1.000999	
<R>= 1.000532

Mean parameters
A[0]= 0.974434 pm 0.056519
A[1]= 1.027388 pm 0.020297
A[2]= 0.300737 pm 0.192461
A[3]= 5.246088 pm 0.833111
A[4]= 5405.342996 pm 3143.653208
A[5]= -403.608747 pm 977.233778
A[6]= 41.411212 pm 228.373175
A[7]= -350.987631 pm 7328.371840
A[8]= -867.844197 pm 2279.589443
A[9]= 164.551927 pm 422.981235
A[10]= 4.589171 pm 1.032048
A[11]= -1693.677907 pm 4826.865442
A[12]= 569.540225 pm 1410.484929
A[13]= 222.584690 pm 358.466136
A[14]= -6542.292036 pm 8324.223273
A[15]= -160.386062 pm 2558.422211
A[16]= 255.877083 pm 428.215173

Best-fitting parameters
A[0]= 0.972120
A[1]= 1.015741
A[2]= 0.328273
A[3]= 5.069425
A[4]= 3535.325000
A[5]= 16.955670
A[6]= 48.009320
A[7]= -155.400600
A[8]= -842.158600
A[9]= 109.820800
A[10]= 4.828479
A[11]= -750.192600
A[12]= 663.328800
A[13]= 119.161500
A[14]= -7709.869000
A[15]= 625.884900
A[16]= 96.113060
chi2_min= 53.269140


Cross-Covariance parameters
1.000000	-0.461299	-0.288689	0.091873	0.292558	-0.377222	0.164353	0.449550	-0.512391	0.202354	-0.015970	0.157287	-0.273871	0.178141	0.252390	-0.333813	0.178863	
-0.461299	1.000000	0.177807	-0.203652	0.081978	-0.089003	0.040722	-0.298144	0.312398	-0.092491	-0.048095	0.101858	-0.034947	-0.071643	-0.174958	0.210518	-0.093982	
-0.288689	0.177807	1.000000	-0.663572	-0.149112	0.220030	-0.147392	-0.013378	0.468800	-0.927187	-0.353404	-0.045784	0.185333	-0.211641	-0.012696	0.394736	-0.859621	
0.091873	-0.203652	-0.663572	1.000000	0.207238	0.202067	-0.613549	-0.069882	-0.177556	0.483870	0.257016	-0.012177	-0.070116	0.120736	-0.002246	-0.250092	0.574414	
0.292558	0.081978	-0.149112	0.207238	1.000000	-0.787645	0.041438	0.217998	-0.246806	0.130421	0.008947	0.100610	-0.137968	0.067892	0.058330	-0.108591	0.112247	
-0.377222	-0.089003	0.220030	0.202067	-0.787645	1.000000	-0.638549	-0.277166	0.393344	-0.319691	-0.020849	-0.122938	0.179008	-0.097278	-0.066606	0.145468	-0.171193	
0.164353	0.040722	-0.147392	-0.613549	0.041438	-0.638549	1.000000	0.143810	-0.289841	0.340244	0.024438	0.050577	-0.086972	0.058954	0.016957	-0.074618	0.122107	
0.449550	-0.298144	-0.013378	-0.069882	0.217998	-0.277166	0.143810	1.000000	-0.871525	0.206731	-0.052111	0.050488	-0.093343	0.062428	0.126676	-0.117255	-0.024089	
-0.512391	0.312398	0.468800	-0.177556	-0.246806	0.393344	-0.289841	-0.871525	1.000000	-0.646880	-0.116183	-0.067009	0.167944	-0.151397	-0.109560	0.277915	-0.374627	
0.202354	-0.092491	-0.927187	0.483870	0.130421	-0.319691	0.340244	0.206731	-0.646880	1.000000	0.331042	0.039310	-0.166358	0.193819	-0.013935	-0.345825	0.806237	
-0.015970	-0.048095	-0.353404	0.257016	0.008947	-0.020849	0.024438	-0.052111	-0.116183	0.331042	1.000000	0.250855	0.314706	-0.807828	-0.080395	0.053081	0.047494	
0.157287	0.101858	-0.045784	-0.012177	0.100610	-0.122938	0.050577	0.050488	-0.067009	0.039310	0.250855	1.000000	-0.754433	-0.052645	0.131257	-0.119727	0.009507	
-0.273871	-0.034947	0.185333	-0.070116	-0.137968	0.179008	-0.086972	-0.093343	0.167944	-0.166358	0.314706	-0.754433	1.000000	-0.607459	-0.188564	0.318411	-0.329803	
0.178141	-0.071643	-0.211641	0.120736	0.067892	-0.097278	0.058954	0.062428	-0.151397	0.193819	-0.807828	-0.052645	-0.607459	1.000000	0.118300	-0.323930	0.483162	
0.252390	-0.174958	-0.012696	-0.002246	0.058330	-0.066606	0.016957	0.126676	-0.109560	-0.013935	-0.080395	0.131257	-0.188564	0.118300	1.000000	-0.888201	0.299929	
-0.333813	0.210518	0.394736	-0.250092	-0.108591	0.145468	-0.074618	-0.117255	0.277915	-0.345825	0.053081	-0.119727	0.318411	-0.323930	-0.888201	1.000000	-0.684740	
0.178863	-0.093982	-0.859621	0.574414	0.112247	-0.171193	0.122107	-0.024089	-0.374627	0.806237	0.047494	0.009507	-0.329803	0.483162	0.299929	-0.684740	1.000000	

Time taken for mcmc chain: 52.933333 minutes
