Number of steps: 9648065
Number of accepted steps: 2000000
Burn-in number of steps: 10000
Accepted fraction of steps: 0.207295
Convergence Status
R[0]= 1.000298	R[1]= 1.001864	R[2]= 1.001874	R[3]= 1.000979	R[4]= 1.000238	R[5]= 1.000128	R[6]= 1.000597	R[7]= 1.000131	R[8]= 1.000107	R[9]= 1.000579	R[10]= 1.000833	R[11]= 1.000361	R[12]= 1.000433	R[13]= 1.000620	R[14]= 1.000123	R[15]= 1.000376	R[16]= 1.000800	
<R>= 1.000608

Mean parameters
A[0]= 0.961904 pm 0.136717
A[1]= 1.018522 pm 0.043167
A[2]= 0.261743 pm 0.228895
A[3]= 4.804249 pm 1.331104
A[4]= -50.239634 pm 5165.064462
A[5]= -293.170194 pm 1710.362836
A[6]= 428.168402 pm 406.563173
A[7]= -1956.026839 pm 9814.190551
A[8]= -1610.736100 pm 2988.443243
A[9]= 479.951254 pm 448.967777
A[10]= 6.627366 pm 1.897818
A[11]= 445.612102 pm 7410.724175
A[12]= 1273.646474 pm 2507.283836
A[13]= -226.896915 pm 614.435104
A[14]= -5404.601475 pm 10076.783510
A[15]= 1027.513699 pm 3321.702231
A[16]= 15.238674 pm 657.267828

Best-fitting parameters
A[0]= 0.901984
A[1]= 1.011196
A[2]= 0.038840
A[3]= 5.740624
A[4]= -292.857900
A[5]= -184.135000
A[6]= 408.951800
A[7]= -4398.486000
A[8]= -2115.405000
A[9]= 944.912600
A[10]= 8.017201
A[11]= 1460.561000
A[12]= 1135.253000
A[13]= -266.837500
A[14]= -8475.028000
A[15]= -36.113550
A[16]= 717.675600
chi2_min= 50.399610


Cross-Covariance parameters
1.000000	-0.425864	-0.228754	-0.145543	0.370118	-0.486952	0.252869	0.468759	-0.472848	-0.026681	-0.009474	0.330699	-0.352538	0.090421	0.343859	-0.350989	-0.095956	
-0.425864	1.000000	0.189747	-0.024334	0.115461	-0.016645	-0.112579	-0.282636	0.297393	-0.017606	-0.309142	0.073135	-0.186104	0.211818	-0.208177	0.177364	0.108618	
-0.228754	0.189747	1.000000	-0.473463	-0.125251	0.129394	-0.033633	-0.073319	0.401771	-0.820035	-0.384848	-0.080874	0.149128	-0.116191	-0.052207	0.489013	-0.810102	
-0.145543	-0.024334	-0.473463	1.000000	0.110799	0.431293	-0.831748	-0.118406	0.018235	0.259203	0.236953	-0.053470	0.037852	0.012519	-0.064678	-0.166029	0.457596	
0.370118	0.115461	-0.125251	0.110799	1.000000	-0.777181	0.064408	0.233477	-0.239722	0.036750	-0.074807	0.206078	-0.252903	0.116961	0.105356	-0.146930	0.040375	
-0.486952	-0.016645	0.129394	0.431293	-0.777181	1.000000	-0.668164	-0.312334	0.377845	-0.173337	0.080979	-0.228438	0.279751	-0.125735	-0.152594	0.181984	-0.002124	
0.252869	-0.112579	-0.033633	-0.831748	0.064408	-0.668164	1.000000	0.188134	-0.283938	0.236872	-0.029614	0.080128	-0.099431	0.043017	0.093674	-0.085870	-0.044959	
0.468759	-0.282636	-0.073319	-0.118406	0.233477	-0.312334	0.188134	1.000000	-0.914582	0.242871	0.011169	0.129612	-0.125444	0.012261	0.169114	-0.149671	-0.091240	
-0.472848	0.297393	0.401771	0.018235	-0.239722	0.377845	-0.283938	-0.914582	1.000000	-0.583941	-0.132749	-0.134571	0.162902	-0.062257	-0.160843	0.298417	-0.207578	
-0.026681	-0.017606	-0.820035	0.259203	0.036750	-0.173337	0.236872	0.242871	-0.583941	1.000000	0.308467	-0.000325	-0.079254	0.120373	-0.034982	-0.360811	0.757531	
-0.009474	-0.309142	-0.384848	0.236953	-0.074807	0.080979	-0.029614	0.011169	-0.132749	0.308467	1.000000	0.093471	0.465308	-0.838690	-0.016503	-0.030032	0.096307	
0.330699	0.073135	-0.080874	-0.053470	0.206078	-0.228438	0.080128	0.129612	-0.134571	-0.000325	0.093471	1.000000	-0.761468	0.075860	0.198489	-0.191783	-0.005630	
-0.352538	-0.186104	0.149128	0.037852	-0.252903	0.279751	-0.099431	-0.125444	0.162902	-0.079254	0.465308	-0.761468	1.000000	-0.694554	-0.195725	0.328006	-0.239412	
0.090421	0.211818	-0.116191	0.012519	0.116961	-0.125735	0.043017	0.012261	-0.062257	0.120373	-0.838690	0.075860	-0.694554	1.000000	0.058278	-0.265306	0.382980	
0.343859	-0.208177	-0.052207	-0.064678	0.105356	-0.152594	0.093674	0.169114	-0.160843	-0.034982	-0.016503	0.198489	-0.195725	0.058278	1.000000	-0.837267	0.156891	
-0.350989	0.177364	0.489013	-0.166029	-0.146930	0.181984	-0.085870	-0.149671	0.298417	-0.360811	-0.030032	-0.191783	0.328006	-0.265306	-0.837267	1.000000	-0.629755	
-0.095956	0.108618	-0.810102	0.457596	0.040375	-0.002124	-0.044959	-0.091240	-0.207578	0.757531	0.096307	-0.005630	-0.239412	0.382980	0.156891	-0.629755	1.000000	

Time taken for mcmc chain: 3.322500 hours
