Number of steps: 5103825
Number of accepted steps: 2000000
Burn-in number of steps: 10000
Accepted fraction of steps: 0.391863
Convergence Status
R[0]= 1.002560	R[1]= 1.000531	R[2]= 1.003047	R[3]= 1.001105	R[4]= 1.000373	R[5]= 1.000224	R[6]= 1.000269	R[7]= 1.000631	R[8]= 1.001096	R[9]= 1.001459	R[10]= 1.000085	R[11]= 1.000371	R[12]= 1.000792	R[13]= 1.000517	R[14]= 1.000606	R[15]= 1.001144	R[16]= 1.001798	
<R>= 1.000977

Mean parameters
A[0]= 1.083311 pm 0.058161
A[1]= 0.997402 pm 0.023624
A[2]= 0.144905 pm 0.119346
A[3]= 4.848928 pm 0.731657
A[4]= -241.558987 pm 3152.694110
A[5]= -128.174499 pm 913.543630
A[6]= 342.107983 pm 217.983152
A[7]= 9311.982720 pm 6242.804401
A[8]= -4319.849447 pm 1784.832918
A[9]= 564.152101 pm 252.208581
A[10]= 6.187703 pm 1.154222
A[11]= 7746.073148 pm 4785.385865
A[12]= -843.765557 pm 1392.877426
A[13]= -30.362562 pm 350.834442
A[14]= 11304.302346 pm 6664.787387
A[15]= -5322.611824 pm 1983.316228
A[16]= 572.264890 pm 331.278983

Best-fitting parameters
A[0]= 1.116098
A[1]= 0.991376
A[2]= 0.042387
A[3]= 5.025987
A[4]= 1832.836000
A[5]= -808.119200
A[6]= 416.658300
A[7]= 15417.910000
A[8]= -6518.595000
A[9]= 844.920100
A[10]= 7.072136
A[11]= 9872.735000
A[12]= -966.746100
A[13]= -181.220300
A[14]= 16899.450000
A[15]= -7526.113000
A[16]= 871.571700
chi2_min= 73.495390


Cross-Covariance parameters
1.000000	-0.433488	-0.224714	-0.021465	0.195867	-0.281237	0.129836	0.385483	-0.424170	0.071073	0.054686	0.170124	-0.186228	0.019181	0.269043	-0.308142	-0.011664	
-0.433488	1.000000	0.165545	-0.092957	0.186669	-0.154719	-0.023809	-0.252905	0.268863	-0.034009	-0.276730	0.133551	-0.245753	0.203366	-0.190886	0.188457	0.059653	
-0.224714	0.165545	1.000000	-0.437040	-0.044781	0.071904	-0.052967	0.009114	0.308201	-0.858770	-0.363884	-0.018986	0.033422	-0.022751	0.013361	0.346675	-0.825144	
-0.021465	-0.092957	-0.437040	1.000000	0.216206	0.332469	-0.845698	-0.024262	-0.059604	0.206866	0.181651	-0.032618	0.037729	-0.010217	-0.032275	-0.126575	0.376336	
0.195867	0.186669	-0.044781	0.216206	1.000000	-0.790037	-0.041513	0.181548	-0.182545	0.038729	-0.066156	0.111310	-0.152483	0.075115	0.025841	-0.047120	0.030550	
-0.281237	-0.154719	0.071904	0.332469	-0.790037	1.000000	-0.569539	-0.200354	0.254513	-0.191762	0.059359	-0.127802	0.171003	-0.078126	-0.047552	0.075416	-0.036946	
0.129836	-0.023809	-0.052967	-0.845698	-0.041513	-0.569539	1.000000	0.056190	-0.140809	0.260886	0.007158	0.033346	-0.040006	0.012142	0.027665	-0.043826	0.022932	
0.385483	-0.252905	0.009114	-0.024262	0.181548	-0.200354	0.056190	1.000000	-0.928639	0.262456	0.015720	0.048499	-0.036387	-0.023886	0.126484	-0.098649	-0.104283	
-0.424170	0.268863	0.308201	-0.059604	-0.182545	0.254513	-0.140809	-0.928639	1.000000	-0.576176	-0.124389	-0.053385	0.050407	0.008905	-0.108712	0.198983	-0.169250	
0.071073	-0.034009	-0.858770	0.206866	0.038729	-0.191762	0.260886	0.262456	-0.576176	1.000000	0.300937	0.007913	-0.027704	0.033445	-0.054858	-0.265259	0.745891	
0.054686	-0.276730	-0.363884	0.181651	-0.066156	0.059359	0.007158	0.015720	-0.124389	0.300937	1.000000	0.211613	0.394991	-0.896671	0.017011	-0.053691	0.046695	
0.170124	0.133551	-0.018986	-0.032618	0.111310	-0.127802	0.033346	0.048499	-0.053385	0.007913	0.211613	1.000000	-0.766358	-0.051039	0.119877	-0.116618	-0.021122	
-0.186228	-0.245753	0.033422	0.037729	-0.152483	0.171003	-0.040006	-0.036387	0.050407	-0.027704	0.394991	-0.766358	1.000000	-0.592933	-0.101483	0.179522	-0.183339	
0.019181	0.203366	-0.022751	-0.010217	0.075115	-0.078126	0.012142	-0.023886	0.008905	0.033445	-0.896671	-0.051039	-0.592933	1.000000	-0.005817	-0.115899	0.316473	
0.269043	-0.190886	0.013361	-0.032275	0.025841	-0.047552	0.027665	0.126484	-0.108712	-0.054858	0.017011	0.119877	-0.101483	-0.005817	1.000000	-0.888069	0.211844	
-0.308142	0.188457	0.346675	-0.126575	-0.047120	0.075416	-0.043826	-0.098649	0.198983	-0.265259	-0.053691	-0.116618	0.179522	-0.115899	-0.888069	1.000000	-0.596874	
-0.011664	0.059653	-0.825144	0.376336	0.030550	-0.036946	0.022932	-0.104283	-0.169250	0.745891	0.046695	-0.021122	-0.183339	0.316473	0.211844	-0.596874	1.000000	

Time taken for mcmc chain: 1.787778 hours
