Number of steps: 6050797
Number of accepted steps: 2000000
Burn-in number of steps: 10000
Accepted fraction of steps: 0.330535
Convergence Status
R[0]= 1.000200	R[1]= 1.000339	R[2]= 1.001868	R[3]= 1.000971	R[4]= 1.000079	R[5]= 1.000128	R[6]= 1.000103	R[7]= 1.000263	R[8]= 1.000644	R[9]= 1.001427	R[10]= 1.000273	R[11]= 1.000109	R[12]= 1.000073	R[13]= 1.000160	R[14]= 1.000162	R[15]= 1.000232	R[16]= 1.000848	
<R>= 1.000463

Mean parameters
A[0]= 1.023099 pm 0.045889
A[1]= 0.987580 pm 0.029639
A[2]= 0.237534 pm 0.166627
A[3]= 5.658713 pm 0.852666
A[4]= 5848.992395 pm 3155.672247
A[5]= -658.975755 pm 988.039292
A[6]= 59.650270 pm 229.630402
A[7]= -1766.098220 pm 7167.057607
A[8]= -1111.439463 pm 2119.870719
A[9]= 220.977316 pm 389.849455
A[10]= 3.679333 pm 1.098368
A[11]= -3795.198280 pm 4702.267840
A[12]= 332.991184 pm 1385.072908
A[13]= 561.349994 pm 353.167618
A[14]= 3948.477749 pm 8731.386814
A[15]= -2288.982928 pm 2483.188714
A[16]= 388.059447 pm 311.881597

Best-fitting parameters
A[0]= 1.044552
A[1]= 0.975576
A[2]= 0.119625
A[3]= 6.158630
A[4]= 6085.735000
A[5]= -693.588400
A[6]= 48.262910
A[7]= -1677.846000
A[8]= -1773.846000
A[9]= 447.657300
A[10]= 4.087632
A[11]= -4106.708000
A[12]= 630.133800
A[13]= 491.664600
A[14]= 10646.920000
A[15]= -4394.565000
A[16]= 599.877200
chi2_min= 53.630440


Cross-Covariance parameters
1.000000	-0.433338	-0.194104	0.087200	0.142443	-0.174895	0.066680	0.409464	-0.443169	0.107797	0.036560	0.049230	-0.076463	0.034439	0.172572	-0.205073	0.069043	
-0.433338	1.000000	0.177080	-0.309791	0.272985	-0.334756	0.156398	-0.302556	0.314168	-0.058822	-0.168425	0.151067	-0.187403	0.082552	-0.138123	0.150842	-0.030208	
-0.194104	0.177080	1.000000	-0.613021	-0.007665	0.057307	-0.091435	0.043824	0.403082	-0.919132	-0.343677	-0.002775	-0.000804	0.004060	0.024008	0.213099	-0.717987	
0.087200	-0.309791	-0.613021	1.000000	0.074675	0.372520	-0.701661	-0.006622	-0.197796	0.412683	0.246496	-0.044525	0.061177	-0.030783	0.000416	-0.140482	0.427368	
0.142443	0.272985	-0.007665	0.074675	1.000000	-0.791000	0.058895	0.140498	-0.134179	0.036094	-0.047418	0.083402	-0.104347	0.041999	-0.000941	-0.009259	0.024175	
-0.174895	-0.334756	0.057307	0.372520	-0.791000	1.000000	-0.648312	-0.128405	0.204170	-0.206526	0.045300	-0.099731	0.127779	-0.054778	0.006921	0.017363	-0.064976	
0.066680	0.156398	-0.091435	-0.701661	0.058895	-0.648312	1.000000	0.023562	-0.157142	0.298383	-0.000301	0.042753	-0.056899	0.027086	-0.013065	-0.014458	0.079181	
0.409464	-0.302556	0.043824	-0.006622	0.140498	-0.128405	0.023562	1.000000	-0.877839	0.155577	-0.000593	-0.004287	0.004634	-0.007684	0.097883	-0.076987	-0.073135	
-0.443169	0.314168	0.403082	-0.197796	-0.134179	0.204170	-0.157142	-0.877839	1.000000	-0.595592	-0.148055	-0.003602	0.003363	0.005114	-0.071113	0.158778	-0.256144	
0.107797	-0.058822	-0.919132	0.412683	0.036094	-0.206526	0.298383	0.155577	-0.595592	1.000000	0.310284	0.015300	-0.013711	0.001556	-0.041387	-0.180698	0.674342	
0.036560	-0.168425	-0.343677	0.246496	-0.047418	0.045300	-0.000301	-0.000593	-0.148055	0.310284	1.000000	0.203158	0.426417	-0.910643	-0.010053	0.034785	-0.097543	
0.049230	0.151067	-0.002775	-0.044525	0.083402	-0.099731	0.042753	-0.004287	-0.003602	0.015300	0.203158	1.000000	-0.755848	-0.031795	0.122472	-0.110475	-0.000251	
-0.076463	-0.187403	-0.000804	0.061177	-0.104347	0.127779	-0.056899	0.004634	0.003363	-0.013711	0.426417	-0.755848	1.000000	-0.622430	-0.121721	0.195127	-0.264261	
0.034439	0.082552	0.004060	-0.030783	0.041999	-0.054778	0.027086	-0.007684	0.005114	0.001556	-0.910643	-0.031795	-0.622430	1.000000	0.035718	-0.159769	0.404825	
0.172572	-0.138123	0.024008	0.000416	-0.000941	0.006921	-0.013065	0.097883	-0.071113	-0.041387	-0.010053	0.122472	-0.121721	0.035718	1.000000	-0.939523	0.404321	
-0.205073	0.150842	0.213099	-0.140482	-0.009259	0.017363	-0.014458	-0.076987	0.158778	-0.180698	0.034785	-0.110475	0.195127	-0.159769	-0.939523	1.000000	-0.669200	
0.069043	-0.030208	-0.717987	0.427368	0.024175	-0.064976	0.079181	-0.073135	-0.256144	0.674342	-0.097543	-0.000251	-0.264261	0.404825	0.404321	-0.669200	1.000000	

Time taken for mcmc chain: 2.058611 hours
