Number of steps: 14928151
Number of accepted steps: 2000000
Burn-in number of steps: 10000
Accepted fraction of steps: 0.133975
Convergence Status
R[0]= 1.000198	R[1]= 1.001862	R[2]= 1.023350	R[3]= 1.004684	R[4]= 1.000087	R[5]= 1.000152	R[6]= 1.000228	R[7]= 1.000143	R[8]= 1.002616	R[9]= 1.005525	R[10]= 1.007810	R[11]= 1.000153	R[12]= 1.000332	R[13]= 1.001582	R[14]= 1.000247	R[15]= 1.002720	R[16]= 1.005907	
<R>= 1.003388

Mean parameters
A[0]= 1.023058 pm 0.093033
A[1]= 0.991319 pm 0.043581
A[2]= 0.544862 pm 0.428794
A[3]= 3.430350 pm 1.216160
A[4]= -1425.700603 pm 4739.401055
A[5]= -760.057402 pm 1530.684269
A[6]= 688.252445 pm 409.241046
A[7]= 11610.856267 pm 6600.377272
A[8]= -5233.104605 pm 2403.256509
A[9]= 350.823488 pm 575.733301
A[10]= 6.152015 pm 2.023387
A[11]= 2741.784948 pm 7151.842854
A[12]= 1021.715613 pm 2392.852292
A[13]= -363.664754 pm 608.352372
A[14]= 6327.117464 pm 9653.883016
A[15]= 552.256642 pm 3666.606516
A[16]= -843.733471 pm 955.910547

Best-fitting parameters
A[0]= 1.071370
A[1]= 0.987302
A[2]= 0.370719
A[3]= 3.786249
A[4]= 1587.370000
A[5]= -1574.309000
A[6]= 693.222100
A[7]= 19820.550000
A[8]= -7863.855000
A[9]= 587.280700
A[10]= 6.524990
A[11]= 7450.593000
A[12]= -450.166300
A[13]= -255.881100
A[14]= 16022.900000
A[15]= -3039.061000
A[16]= -446.545700
chi2_min= 54.057220


Cross-Covariance parameters
1.000000	-0.398266	-0.316355	0.062486	0.170654	-0.284247	0.178748	0.227620	-0.369075	0.208767	0.126368	0.212590	-0.281920	0.130782	0.259043	-0.403494	0.188143	
-0.398266	1.000000	0.231661	-0.115848	0.184248	-0.088572	-0.092492	-0.127969	0.226092	-0.143288	-0.321577	0.139607	-0.211993	0.149497	-0.159148	0.190459	-0.042105	
-0.316355	0.231661	1.000000	-0.562708	-0.097856	0.112254	-0.043446	-0.024975	0.526469	-0.793136	-0.640995	-0.075683	0.058067	0.011724	0.008509	0.580557	-0.829627	
0.062486	-0.115848	-0.562708	1.000000	0.187407	0.365567	-0.748219	-0.003521	-0.109272	0.168417	0.405984	0.018422	0.020733	-0.052385	-0.036234	-0.301251	0.479261	
0.170654	0.184248	-0.097856	0.187407	1.000000	-0.723637	-0.010722	0.123135	-0.110770	0.013952	-0.013847	0.109858	-0.142156	0.069261	0.027242	-0.092985	0.089410	
-0.284247	-0.088572	0.112254	0.365567	-0.723637	1.000000	-0.674257	-0.133061	0.326882	-0.340564	0.009569	-0.110867	0.170726	-0.107707	-0.062570	0.148263	-0.118513	
0.178748	-0.092492	-0.043446	-0.748219	-0.010722	-0.674257	1.000000	0.047947	-0.338913	0.475841	0.006045	0.018239	-0.063422	0.066707	0.051429	-0.096160	0.064639	
0.227620	-0.127969	-0.024975	-0.003521	0.123135	-0.133061	0.047947	1.000000	-0.762210	0.169246	0.008302	0.046740	-0.052348	0.013333	0.080592	-0.067128	-0.020150	
-0.369075	0.226092	0.526469	-0.109272	-0.110770	0.326882	-0.338913	-0.762210	1.000000	-0.747309	-0.338445	-0.074422	0.093615	-0.038934	-0.067101	0.386676	-0.454514	
0.208767	-0.143288	-0.793136	0.168417	0.013952	-0.340564	0.475841	0.169246	-0.747309	1.000000	0.522763	0.046349	-0.064286	0.036149	-0.020088	-0.503211	0.747862	
0.126368	-0.321577	-0.640995	0.405984	-0.013847	0.009569	0.006045	0.008302	-0.338445	0.522763	1.000000	0.120237	0.380851	-0.718032	0.003234	-0.233811	0.312916	
0.212590	0.139607	-0.075683	0.018422	0.109858	-0.110867	0.018239	0.046740	-0.074422	0.046349	0.120237	1.000000	-0.744362	0.052303	0.141557	-0.137520	0.027048	
-0.281920	-0.211993	0.058067	0.020733	-0.142156	0.170726	-0.063422	-0.052348	0.093615	-0.064286	0.380851	-0.744362	1.000000	-0.697119	-0.127118	0.294766	-0.275936	
0.130782	0.149497	0.011724	-0.052385	0.069261	-0.107707	0.066707	0.013333	-0.038934	0.036149	-0.718032	0.052303	-0.697119	1.000000	0.025621	-0.274522	0.380921	
0.259043	-0.159148	0.008509	-0.036234	0.027242	-0.062570	0.051429	0.080592	-0.067101	-0.020088	0.003234	0.141557	-0.127118	0.025621	1.000000	-0.709177	0.103609	
-0.403494	0.190459	0.580557	-0.301251	-0.092985	0.148263	-0.096160	-0.067128	0.386676	-0.503211	-0.233811	-0.137520	0.294766	-0.274522	-0.709177	1.000000	-0.752379	
0.188143	-0.042105	-0.829627	0.479261	0.089410	-0.118513	0.064639	-0.020150	-0.454514	0.747862	0.312916	0.027048	-0.275936	0.380921	0.103609	-0.752379	1.000000	

Time taken for mcmc chain: 4.607222 hours
