Number of steps: 11857741
Number of accepted steps: 2000000
Burn-in number of steps: 10000
Accepted fraction of steps: 0.168666
Convergence Status
R[0]= 1.000705	R[1]= 1.002595	R[2]= 1.015330	R[3]= 1.003450	R[4]= 1.000562	R[5]= 1.000299	R[6]= 1.000112	R[7]= 1.000400	R[8]= 1.001858	R[9]= 1.007213	R[10]= 1.004043	R[11]= 1.000047	R[12]= 1.000778	R[13]= 1.001647	R[14]= 1.000650	R[15]= 1.000452	R[16]= 1.002647	
<R>= 1.002517

Mean parameters
A[0]= 1.092872 pm 0.145029
A[1]= 1.001911 pm 0.050169
A[2]= 0.395217 pm 0.351366
A[3]= 4.173888 pm 1.338194
A[4]= 2934.509418 pm 5076.461097
A[5]= -1080.694002 pm 1628.400833
A[6]= 524.559269 pm 407.371252
A[7]= 5906.722071 pm 9182.108779
A[8]= -2873.084545 pm 2916.819770
A[9]= 193.368499 pm 550.265421
A[10]= 4.078831 pm 1.612167
A[11]= 11461.530341 pm 5547.937937
A[12]= -3083.585141 pm 1939.858330
A[13]= 641.928975 pm 553.526213
A[14]= 6368.405440 pm 9595.309638
A[15]= -2888.953216 pm 3061.182611
A[16]= 170.237794 pm 591.813801

Best-fitting parameters
A[0]= 1.266267
A[1]= 0.991881
A[2]= 0.206515
A[3]= 4.572961
A[4]= 6618.549000
A[5]= -2155.365000
A[6]= 531.135000
A[7]= 17043.000000
A[8]= -6413.896000
A[9]= 434.693400
A[10]= 4.586796
A[11]= 17844.850000
A[12]= -4693.180000
A[13]= 641.274900
A[14]= 10898.670000
A[15]= -5040.391000
A[16]= 341.749600
chi2_min= 49.307610


Cross-Covariance parameters
1.000000	-0.430423	-0.245919	-0.003134	0.302613	-0.414825	0.201295	0.435606	-0.512633	0.118356	-0.008355	0.160651	-0.266792	0.137410	0.253711	-0.356753	0.071660	
-0.430423	1.000000	0.169580	-0.211149	0.118114	-0.136121	0.063101	-0.263024	0.280290	-0.018651	-0.117411	0.088296	-0.056710	-0.016907	-0.166735	0.197458	-0.001417	
-0.245919	0.169580	1.000000	-0.576000	-0.107496	0.070134	0.032317	-0.010495	0.428512	-0.828745	-0.450503	-0.043516	0.025039	0.021889	0.023165	0.361491	-0.726659	
-0.003134	-0.211149	-0.576000	1.000000	0.173624	0.373398	-0.793821	-0.007896	-0.120320	0.245473	0.308064	-0.029812	0.059190	-0.042275	-0.029281	-0.188123	0.436500	
0.302613	0.118114	-0.107496	0.173624	1.000000	-0.758305	0.000643	0.224455	-0.229325	0.031672	-0.009360	0.105555	-0.136417	0.048220	0.054631	-0.108624	0.065564	
-0.414825	-0.136121	0.070134	0.373398	-0.758305	1.000000	-0.642157	-0.232953	0.339541	-0.234541	0.053013	-0.133753	0.187315	-0.080430	-0.077412	0.128821	-0.041592	
0.201295	0.063101	0.032317	-0.793821	0.000643	-0.642157	1.000000	0.059771	-0.216325	0.326324	-0.063280	0.058799	-0.096357	0.054468	0.035803	-0.044013	-0.017354	
0.435606	-0.263024	-0.010495	-0.007896	0.224455	-0.232953	0.059771	1.000000	-0.863075	0.146599	-0.033119	0.062792	-0.102363	0.050416	0.130021	-0.125319	-0.065707	
-0.512633	0.280290	0.428512	-0.120320	-0.229325	0.339541	-0.216325	-0.863075	1.000000	-0.597710	-0.154182	-0.082422	0.120808	-0.051386	-0.107815	0.278472	-0.270225	
0.118356	-0.018651	-0.828745	0.245473	0.031672	-0.234541	0.326324	0.146599	-0.597710	1.000000	0.380485	0.037674	-0.025836	-0.009449	-0.051858	-0.291587	0.664386	
-0.008355	-0.117411	-0.450503	0.308064	-0.009360	0.053013	-0.063280	-0.033119	-0.154182	0.380485	1.000000	0.147514	0.510549	-0.858005	-0.019801	-0.001300	-0.001068	
0.160651	0.088296	-0.043516	-0.029812	0.105555	-0.133753	0.058799	0.062792	-0.082422	0.037674	0.147514	1.000000	-0.679566	0.000745	0.122634	-0.113887	-0.016013	
-0.266792	-0.056710	0.025039	0.059190	-0.136417	0.187315	-0.096357	-0.102363	0.120808	-0.025836	0.510549	-0.679566	1.000000	-0.722254	-0.123244	0.272894	-0.306565	
0.137410	-0.016907	0.021889	-0.042275	0.048220	-0.080430	0.054468	0.050416	-0.051386	-0.009449	-0.858005	0.000745	-0.722254	1.000000	0.035068	-0.241070	0.439274	
0.253711	-0.166735	0.023165	-0.029281	0.054631	-0.077412	0.035803	0.130021	-0.107815	-0.051858	-0.019801	0.122634	-0.123244	0.035068	1.000000	-0.845821	0.174953	
-0.356753	0.197458	0.361491	-0.188123	-0.108624	0.128821	-0.044013	-0.125319	0.278472	-0.291587	-0.001300	-0.113887	0.272894	-0.241070	-0.845821	1.000000	-0.630481	
0.071660	-0.001417	-0.726659	0.436500	0.065564	-0.041592	-0.017354	-0.065707	-0.270225	0.664386	-0.001068	-0.016013	-0.306565	0.439274	0.174953	-0.630481	1.000000	

Time taken for mcmc chain: 3.766389 hours
