Number of steps: 15895212
Number of accepted steps: 2000000
Burn-in number of steps: 10000
Accepted fraction of steps: 0.125824
Convergence Status
R[0]= 1.000644	R[1]= 1.016992	R[2]= 1.011823	R[3]= 1.006152	R[4]= 1.008927	R[5]= 1.007074	R[6]= 1.004344	R[7]= 1.001015	R[8]= 1.000908	R[9]= 1.002589	R[10]= 1.004981	R[11]= 1.003689	R[12]= 1.005616	R[13]= 1.001613	R[14]= 1.001949	R[15]= 1.000942	R[16]= 1.006434	
<R>= 1.005041

Mean parameters
A[0]= 1.001812 pm 0.092970
A[1]= 0.991910 pm 0.065523
A[2]= 0.432107 pm 0.366004
A[3]= 5.502765 pm 1.587642
A[4]= 6658.894926 pm 5285.639597
A[5]= -1432.454809 pm 1790.607981
A[6]= 199.909204 pm 429.775336
A[7]= -147.652161 pm 9791.157632
A[8]= 227.061686 pm 3276.841050
A[9]= -277.151777 pm 680.242819
A[10]= 4.411012 pm 1.815095
A[11]= 640.993122 pm 7162.783820
A[12]= -189.453509 pm 2393.315663
A[13]= 402.266069 pm 597.785601
A[14]= -5866.805161 pm 9673.955746
A[15]= 1988.234292 pm 3203.416793
A[16]= -378.200594 pm 681.744908

Best-fitting parameters
A[0]= 0.998043
A[1]= 1.017366
A[2]= 0.347982
A[3]= 5.852351
A[4]= 8647.814000
A[5]= -1684.645000
A[6]= 78.162730
A[7]= -4906.105000
A[8]= 1364.502000
A[9]= -279.989600
A[10]= 5.076793
A[11]= -297.805800
A[12]= 633.397300
A[13]= 139.784300
A[14]= -16114.280000
A[15]= 4844.019000
A[16]= -533.165700
chi2_min= 50.161130


Cross-Covariance parameters
1.000000	-0.402586	-0.303063	0.122301	0.198489	-0.262523	0.138806	0.432255	-0.498823	0.172768	0.134583	0.103811	-0.128517	0.048659	0.207556	-0.304194	0.113775	
-0.402586	1.000000	0.277497	-0.348554	0.364529	-0.359917	0.095466	-0.274318	0.296460	-0.072631	-0.402269	0.242128	-0.318180	0.172486	-0.158300	0.174456	-0.000312	
-0.303063	0.277497	1.000000	-0.689055	-0.069467	0.004559	0.081244	-0.056620	0.512754	-0.835154	-0.410519	-0.010950	0.068964	-0.090881	-0.002833	0.457610	-0.778768	
0.122301	-0.348554	-0.689055	1.000000	0.022038	0.433139	-0.713839	0.035195	-0.256397	0.402357	0.375151	-0.069399	0.063032	-0.004226	0.005235	-0.303430	0.513681	
0.198489	0.364529	-0.069467	0.022038	1.000000	-0.776436	0.077245	0.125083	-0.147299	0.086037	-0.152165	0.181254	-0.248340	0.138595	-0.013244	-0.062722	0.122628	
-0.262523	-0.359917	0.004559	0.433139	-0.776436	1.000000	-0.678988	-0.134987	0.243324	-0.239117	0.178270	-0.187389	0.260713	-0.149137	-0.014926	0.064856	-0.080775	
0.138806	0.095466	0.081244	-0.713839	0.077245	-0.678988	1.000000	0.059320	-0.202455	0.275554	-0.083972	0.056132	-0.086410	0.057496	0.036391	-0.018950	-0.026611	
0.432255	-0.274318	-0.056620	0.035195	0.125083	-0.134987	0.059320	1.000000	-0.831463	0.169845	0.061869	0.012220	-0.006955	-0.010270	0.105849	-0.098223	-0.039526	
-0.498823	0.296460	0.512754	-0.256397	-0.147299	0.243324	-0.202455	-0.831463	1.000000	-0.671460	-0.229989	-0.030229	0.065776	-0.056597	-0.090852	0.315108	-0.369981	
0.172768	-0.072631	-0.835154	0.402357	0.086037	-0.239117	0.275554	0.169845	-0.671460	1.000000	0.308376	0.036403	-0.112042	0.124600	-0.016571	-0.404211	0.739335	
0.134583	-0.402269	-0.410519	0.375151	-0.152165	0.178270	-0.083972	0.061869	-0.229989	0.308376	1.000000	0.053558	0.499750	-0.819836	0.054932	-0.044509	-0.039118	
0.103811	0.242128	-0.010950	-0.069399	0.181254	-0.187389	0.056132	0.012220	-0.030229	0.036403	0.053558	1.000000	-0.752709	0.068865	0.089257	-0.082712	0.016250	
-0.128517	-0.318180	0.068964	0.063032	-0.248340	0.260713	-0.086410	-0.006955	0.065776	-0.112042	0.499750	-0.752709	1.000000	-0.700251	-0.055444	0.239828	-0.351202	
0.048659	0.172486	-0.090881	-0.004226	0.138595	-0.149137	0.057496	-0.010270	-0.056597	0.124600	-0.819836	0.068865	-0.700251	1.000000	-0.012130	-0.271203	0.516221	
0.207556	-0.158300	-0.002833	0.005235	-0.013244	-0.014926	0.036391	0.105849	-0.090852	-0.016571	0.054932	0.089257	-0.055444	-0.012130	1.000000	-0.808838	0.167159	
-0.304194	0.174456	0.457610	-0.303430	-0.062722	0.064856	-0.018950	-0.098223	0.315108	-0.404211	-0.044509	-0.082712	0.239828	-0.271203	-0.808838	1.000000	-0.688074	
0.113775	-0.000312	-0.778768	0.513681	0.122628	-0.080775	-0.026611	-0.039526	-0.369981	0.739335	-0.039118	0.016250	-0.351202	0.516221	0.167159	-0.688074	1.000000	

Time taken for mcmc chain: 4.987778 hours
