Number of steps: 3358190
Number of accepted steps: 1160000
Burn-in number of steps: 10000
Accepted fraction of steps: 0.345424
Convergence Status
R[0]= 1.000278	R[1]= 1.000610	R[2]= 1.000761	R[3]= 1.000354	R[4]= 1.000378	R[5]= 1.000338	R[6]= 1.000198	R[7]= 1.000314	R[8]= 1.000241	R[9]= 1.000418	R[10]= 1.000478	R[11]= 1.000626	R[12]= 1.000888	R[13]= 1.000690	R[14]= 1.000403	R[15]= 1.000323	R[16]= 1.000594	
<R>= 1.000464

Mean parameters
A[0]= 0.980233 pm 0.038401
A[1]= 0.994862 pm 0.019770
A[2]= 0.312188 pm 0.175793
A[3]= 6.107252 pm 0.883369
A[4]= 472.874805 pm 3113.527768
A[5]= 1242.105717 pm 966.642609
A[6]= -241.863679 pm 232.307393
A[7]= 882.013064 pm 7075.545682
A[8]= -1615.064324 pm 2226.889379
A[9]= 142.732321 pm 443.350843
A[10]= 6.403183 pm 1.171891
A[11]= -1484.309886 pm 4742.730741
A[12]= 2357.680523 pm 1494.138404
A[13]= -429.783623 pm 378.983579
A[14]= -4658.500295 pm 8690.494104
A[15]= 817.622020 pm 2693.605179
A[16]= -143.901859 pm 507.836571

Best-fitting parameters
A[0]= 0.995617
A[1]= 0.988369
A[2]= 0.261202
A[3]= 5.779953
A[4]= 1079.538000
A[5]= 626.588000
A[6]= -54.583810
A[7]= 1575.799000
A[8]= -2288.300000
A[9]= 294.555700
A[10]= 6.724235
A[11]= -1462.562000
A[12]= 2469.389000
A[13]= -477.872800
A[14]= -5874.713000
A[15]= 865.081300
A[16]= -85.008600
chi2_min= 49.935250


Cross-Covariance parameters
1.000000	-0.403787	-0.275072	0.141948	0.202305	-0.253731	0.097270	0.368628	-0.442959	0.203472	0.018004	0.107046	-0.214473	0.165252	0.237815	-0.334403	0.197649	
-0.403787	1.000000	0.166814	-0.181197	0.194881	-0.172792	0.006505	-0.261351	0.283561	-0.101401	-0.266363	0.141723	-0.210599	0.143960	-0.163569	0.176232	-0.039490	
-0.275072	0.166814	1.000000	-0.694720	-0.103021	0.148705	-0.096593	0.004266	0.484619	-0.929327	-0.449525	-0.014544	0.131105	-0.172779	0.025314	0.421723	-0.886150	
0.141948	-0.181197	-0.694720	1.000000	0.172278	0.249109	-0.621368	-0.041118	-0.232340	0.505086	0.344960	-0.019881	-0.042659	0.084547	-0.028169	-0.277621	0.604009	
0.202305	0.194881	-0.103021	0.172278	1.000000	-0.775443	0.030723	0.167589	-0.186197	0.100667	-0.045797	0.090171	-0.149514	0.106736	0.020811	-0.076866	0.108750	
-0.253731	-0.172792	0.148705	0.249109	-0.775443	1.000000	-0.646137	-0.202104	0.310483	-0.280532	0.035770	-0.097781	0.172580	-0.132047	-0.035649	0.114468	-0.157311	
0.097270	0.006505	-0.096593	-0.621368	0.030723	-0.646137	1.000000	0.099390	-0.242699	0.311195	0.013979	0.027643	-0.060273	0.056393	0.020549	-0.069663	0.101888	
0.368628	-0.261351	0.004266	-0.041118	0.167589	-0.202104	0.099390	1.000000	-0.852343	0.197787	-0.013335	0.009990	-0.026829	0.018276	0.103470	-0.084957	-0.035353	
-0.442959	0.283561	0.484619	-0.232340	-0.186197	0.310483	-0.242699	-0.852343	1.000000	-0.670081	-0.200707	-0.019795	0.096515	-0.109954	-0.074388	0.280149	-0.409654	
0.203472	-0.101401	-0.929327	0.505086	0.100667	-0.280532	0.311195	0.197787	-0.670081	1.000000	0.408380	0.013296	-0.129663	0.174253	-0.039811	-0.383435	0.838627	
0.018004	-0.266363	-0.449525	0.344960	-0.045797	0.035770	0.013979	-0.013335	-0.200707	0.408380	1.000000	0.136542	0.403206	-0.775161	-0.050346	-0.032622	0.152213	
0.107046	0.141723	-0.014544	-0.019881	0.090171	-0.097781	0.027643	0.009990	-0.019795	0.013296	0.136542	1.000000	-0.746790	0.028004	0.126227	-0.115246	0.014462	
-0.214473	-0.210599	0.131105	-0.042659	-0.149514	0.172580	-0.060273	-0.026829	0.096515	-0.129663	0.403206	-0.746790	1.000000	-0.678470	-0.143168	0.281999	-0.312577	
0.165252	0.143960	-0.172779	0.084547	0.106736	-0.132047	0.056393	0.018276	-0.109954	0.174253	-0.775161	0.028004	-0.678470	1.000000	0.068809	-0.285786	0.450412	
0.237815	-0.163569	0.025314	-0.028169	0.020811	-0.035649	0.020549	0.103470	-0.074388	-0.039811	-0.050346	0.126227	-0.143168	0.068809	1.000000	-0.860728	0.226182	
-0.334403	0.176232	0.421723	-0.277621	-0.076866	0.114468	-0.069663	-0.084957	0.280149	-0.383435	-0.032622	-0.115246	0.281999	-0.285786	-0.860728	1.000000	-0.674189	
0.197649	-0.039490	-0.886150	0.604009	0.108750	-0.157311	0.101888	-0.035353	-0.409654	0.838627	0.152213	0.014462	-0.312577	0.450412	0.226182	-0.674189	1.000000	

Time taken for mcmc chain: 1.062222 hours
