Number of steps: 6511964
Number of accepted steps: 2000000
Burn-in number of steps: 10000
Accepted fraction of steps: 0.307127
Convergence Status
R[0]= 1.000719	R[1]= 1.001217	R[2]= 1.001632	R[3]= 1.000954	R[4]= 1.000943	R[5]= 1.000840	R[6]= 1.000456	R[7]= 1.000535	R[8]= 1.000720	R[9]= 1.000733	R[10]= 1.000600	R[11]= 1.000319	R[12]= 1.000122	R[13]= 1.000185	R[14]= 1.000554	R[15]= 1.000455	R[16]= 1.000451	
<R>= 1.000673

Mean parameters
A[0]= 1.086502 pm 0.123496
A[1]= 0.997853 pm 0.025522
A[2]= 0.209328 pm 0.170717
A[3]= 5.375225 pm 0.799370
A[4]= 9558.815290 pm 3559.969450
A[5]= -2346.956350 pm 1130.445634
A[6]= 274.094241 pm 227.807087
A[7]= 7646.387499 pm 8189.929980
A[8]= -3677.877711 pm 2574.668375
A[9]= 396.799180 pm 358.678698
A[10]= 3.848886 pm 1.074611
A[11]= 2264.847938 pm 4930.353840
A[12]= -1005.912930 pm 1444.765505
A[13]= 596.859015 pm 353.694137
A[14]= 1979.226021 pm 9397.052081
A[15]= -1561.218147 pm 2742.957915
A[16]= 315.113324 pm 316.933484

Best-fitting parameters
A[0]= 1.055552
A[1]= 0.997853
A[2]= 0.108902
A[3]= 5.816074
A[4]= 8120.120000
A[5]= -1872.206000
A[6]= 224.914400
A[7]= 4788.016000
A[8]= -3451.291000
A[9]= 594.347000
A[10]= 4.007948
A[11]= 3076.131000
A[12]= -1315.408000
A[13]= 644.637900
A[14]= 1633.034000
A[15]= -1734.709000
A[16]= 474.578700
chi2_min= 46.604230


Cross-Covariance parameters
1.000000	-0.627183	-0.404164	0.048162	0.502371	-0.605763	0.256029	0.693629	-0.734882	0.204012	-0.068536	0.249640	-0.391190	0.219598	0.390266	-0.466756	0.189065	
-0.627183	1.000000	0.321597	-0.183883	-0.121668	0.169102	-0.078352	-0.507501	0.530694	-0.146114	-0.105510	-0.059742	0.090437	-0.030669	-0.293815	0.337779	-0.112302	
-0.404164	0.321597	1.000000	-0.568303	-0.222938	0.283424	-0.153834	-0.217852	0.536293	-0.904251	-0.266046	-0.104528	0.178045	-0.117310	-0.101747	0.336578	-0.746398	
0.048162	-0.183883	-0.568303	1.000000	0.188293	0.210818	-0.695844	0.009297	-0.159703	0.396933	0.210465	-0.005959	-0.001308	0.009911	-0.007872	-0.126015	0.438786	
0.502371	-0.121668	-0.222938	0.188293	1.000000	-0.839424	0.096062	0.428228	-0.440602	0.126382	-0.065890	0.165847	-0.255281	0.145115	0.183940	-0.230823	0.121475	
-0.605763	0.169102	0.283424	0.210818	-0.839424	1.000000	-0.607784	-0.487733	0.548911	-0.273859	0.068789	-0.195865	0.302536	-0.172499	-0.221573	0.282090	-0.159458	
0.256029	-0.078352	-0.153834	-0.695844	0.096062	-0.607784	1.000000	0.188869	-0.281106	0.309502	-0.016197	0.081568	-0.128798	0.076202	0.089845	-0.125235	0.098685	
0.693629	-0.507501	-0.217852	0.009297	0.428228	-0.487733	0.188869	1.000000	-0.927987	0.248507	-0.043709	0.173984	-0.257891	0.128626	0.292589	-0.324187	0.063615	
-0.734882	0.530694	0.536293	-0.159703	-0.440602	0.548911	-0.281106	-0.927987	1.000000	-0.566362	-0.052786	-0.186422	0.285801	-0.154287	-0.282923	0.393513	-0.319183	
0.204012	-0.146114	-0.904251	0.396933	0.126382	-0.273859	0.309502	0.248507	-0.566362	1.000000	0.265638	0.059251	-0.109475	0.082179	0.017005	-0.236298	0.706210	
-0.068536	-0.105510	-0.266046	0.210465	-0.065890	0.068789	-0.016197	-0.043709	-0.052786	0.265638	1.000000	0.253644	0.345517	-0.896037	0.001732	0.018762	-0.089738	
0.249640	-0.059742	-0.104528	-0.005959	0.165847	-0.195865	0.081568	0.173984	-0.186422	0.059251	0.253644	1.000000	-0.773560	-0.040354	0.227127	-0.229142	0.031192	
-0.391190	0.090437	0.178045	-0.001308	-0.255281	0.302536	-0.128798	-0.257891	0.285801	-0.109475	0.345517	-0.773560	1.000000	-0.591754	-0.247006	0.330656	-0.297951	
0.219598	-0.030669	-0.117310	0.009911	0.145115	-0.172499	0.076202	0.128626	-0.154287	0.082179	-0.896037	-0.040354	-0.591754	1.000000	0.067646	-0.190595	0.423655	
0.390266	-0.293815	-0.101747	-0.007872	0.183940	-0.221573	0.089845	0.292589	-0.282923	0.017005	0.001732	0.227127	-0.247006	0.067646	1.000000	-0.945614	0.405000	
-0.466756	0.337779	0.336578	-0.126015	-0.230823	0.282090	-0.125235	-0.324187	0.393513	-0.236298	0.018762	-0.229142	0.330656	-0.190595	-0.945614	1.000000	-0.646179	
0.189065	-0.112302	-0.746398	0.438786	0.121475	-0.159458	0.098685	0.063615	-0.319183	0.706210	-0.089738	0.031192	-0.297951	0.423655	0.405000	-0.646179	1.000000	

Time taken for mcmc chain: 2.208056 hours
