Number of steps: 11984841
Number of accepted steps: 1830000
Burn-in number of steps: 10000
Accepted fraction of steps: 0.152693
Convergence Status
R[0]= 1.000487	R[1]= 1.000899	R[2]= 1.000972	R[3]= 1.000399	R[4]= 1.000306	R[5]= 1.000270	R[6]= 1.000097	R[7]= 1.000135	R[8]= 1.000316	R[9]= 1.000613	R[10]= 1.000393	R[11]= 1.000392	R[12]= 1.000279	R[13]= 1.000091	R[14]= 1.000280	R[15]= 1.000739	R[16]= 1.000630	
<R>= 1.000429

Mean parameters
A[0]= 0.897648 pm 0.064157
A[1]= 1.073553 pm 0.040313
A[2]= 0.420717 pm 0.290370
A[3]= 5.737800 pm 1.255913
A[4]= 10045.993450 pm 4597.278639
A[5]= -1201.766321 pm 1678.648502
A[6]= -89.681069 pm 448.636456
A[7]= 6159.655746 pm 8879.038964
A[8]= -1949.057621 pm 3315.562538
A[9]= 96.034307 pm 740.393918
A[10]= 8.434657 pm 2.137164
A[11]= 4085.378414 pm 7288.322947
A[12]= 3446.219676 pm 2312.728446
A[13]= -1250.814588 pm 579.479392
A[14]= 2290.894562 pm 10557.177934
A[15]= 157.324829 pm 3909.406861
A[16]= -276.827411 pm 933.973908

Best-fitting parameters
A[0]= 0.929950
A[1]= 1.056254
A[2]= 0.417658
A[3]= 6.140719
A[4]= 12310.590000
A[5]= -1451.193000
A[6]= -231.911200
A[7]= 10847.310000
A[8]= -2523.869000
A[9]= -78.484220
A[10]= 8.098574
A[11]= 6376.366000
A[12]= 2456.134000
A[13]= -1115.532000
A[14]= 9219.053000
A[15]= -1705.039000
A[16]= -346.766100
chi2_min= 62.230810


Cross-Covariance parameters
1.000000	-0.486607	-0.334360	0.148866	0.233522	-0.307386	0.159879	0.371658	-0.419885	0.176455	0.160077	0.215997	-0.285982	0.114609	0.289719	-0.386698	0.152534	
-0.486607	1.000000	0.284270	-0.382187	0.125454	-0.152891	0.089595	-0.264945	0.287301	-0.108122	-0.245885	0.171342	-0.140080	0.001943	-0.226644	0.296121	-0.126289	
-0.334360	0.284270	1.000000	-0.532837	-0.116585	0.366272	-0.388898	-0.119630	0.643572	-0.918267	-0.718819	-0.177246	0.167919	-0.010566	-0.017419	0.600240	-0.900019	
0.148866	-0.382187	-0.532837	1.000000	0.144196	0.269225	-0.540666	-0.026548	-0.163018	0.311076	0.413330	-0.007056	0.016877	-0.020285	0.032321	-0.326498	0.461733	
0.233522	0.125454	-0.116585	0.144196	1.000000	-0.708491	0.077068	0.126471	-0.147476	0.090257	0.045358	0.162384	-0.169697	0.035653	0.033680	-0.092256	0.085872	
-0.307386	-0.152891	0.366272	0.269225	-0.708491	1.000000	-0.750793	-0.218673	0.457812	-0.480828	-0.217510	-0.239151	0.249377	-0.052624	-0.023939	0.243401	-0.331605	
0.159879	0.089595	-0.388898	-0.540666	0.077068	-0.750793	1.000000	0.176482	-0.490467	0.585421	0.259483	0.159256	-0.163074	0.032153	-0.009362	-0.238165	0.377063	
0.371658	-0.264945	-0.119630	-0.026548	0.126471	-0.218673	0.176482	1.000000	-0.798066	0.246154	0.064186	0.049848	-0.079443	0.040832	0.121708	-0.148402	0.043626	
-0.419885	0.287301	0.643572	-0.163018	-0.147476	0.457812	-0.490467	-0.798066	1.000000	-0.767826	-0.448799	-0.145764	0.160344	-0.036722	-0.082507	0.437868	-0.550519	
0.176455	-0.108122	-0.918267	0.311076	0.090257	-0.480828	0.585421	0.246154	-0.767826	1.000000	0.668911	0.173496	-0.155987	0.002913	-0.035950	-0.527865	0.869463	
0.160077	-0.245885	-0.718819	0.413330	0.045358	-0.217510	0.259483	0.064186	-0.448799	0.668911	1.000000	0.229603	0.227330	-0.648934	-0.082047	-0.267714	0.524072	
0.215997	0.171342	-0.177246	-0.007056	0.162384	-0.239151	0.159256	0.049848	-0.145764	0.173496	0.229603	1.000000	-0.753829	-0.004059	0.083812	-0.148135	0.132052	
-0.285982	-0.140080	0.167919	0.016877	-0.169697	0.249377	-0.163074	-0.079443	0.160344	-0.155987	0.227330	-0.753829	1.000000	-0.644217	-0.177685	0.330075	-0.279191	
0.114609	0.001943	-0.010566	-0.020285	0.035653	-0.052624	0.032153	0.040832	-0.036722	0.002913	-0.648934	-0.004059	-0.644217	1.000000	0.167173	-0.303838	0.246256	
0.289719	-0.226644	-0.017419	0.032321	0.033680	-0.023939	-0.009362	0.121708	-0.082507	-0.035950	-0.082047	0.083812	-0.177685	0.167173	1.000000	-0.752610	0.152846	
-0.386698	0.296121	0.600240	-0.326498	-0.092256	0.243401	-0.238165	-0.148402	0.437868	-0.527865	-0.267714	-0.148135	0.330075	-0.303838	-0.752610	1.000000	-0.745392	
0.152534	-0.126289	-0.900019	0.461733	0.085872	-0.331605	0.377063	0.043626	-0.550519	0.869463	0.524072	0.132052	-0.279191	0.246256	0.152846	-0.745392	1.000000	

Time taken for mcmc chain: 3.984722 hours
