Number of steps: 3234689
Number of accepted steps: 1240000
Burn-in number of steps: 10000
Accepted fraction of steps: 0.383344
Convergence Status
R[0]= 1.000725	R[1]= 1.000431	R[2]= 1.000498	R[3]= 1.000914	R[4]= 1.000287	R[5]= 1.000504	R[6]= 1.000411	R[7]= 1.000985	R[8]= 1.000891	R[9]= 1.000712	R[10]= 1.000307	R[11]= 1.000118	R[12]= 1.000108	R[13]= 1.000191	R[14]= 1.000157	R[15]= 1.000096	R[16]= 1.000404	
<R>= 1.000455

Mean parameters
A[0]= 1.020135 pm 0.055111
A[1]= 1.002026 pm 0.019226
A[2]= 0.176426 pm 0.136461
A[3]= 5.769959 pm 0.794593
A[4]= 462.606485 pm 3112.348547
A[5]= 475.547019 pm 943.805818
A[6]= 16.161162 pm 223.068979
A[7]= -10990.674886 pm 5772.644100
A[8]= 1479.354193 pm 1761.828110
A[9]= 184.108298 pm 328.796021
A[10]= 4.517745 pm 1.087710
A[11]= -2676.428433 pm 4752.653544
A[12]= 479.029710 pm 1360.380375
A[13]= 388.725876 pm 348.275116
A[14]= -7317.764727 pm 8033.772502
A[15]= -498.191953 pm 2320.227234
A[16]= 430.204554 pm 306.030356

Best-fitting parameters
A[0]= 1.021305
A[1]= 1.004006
A[2]= 0.074909
A[3]= 6.080332
A[4]= -1720.736000
A[5]= 1002.545000
A[6]= -4.718320
A[7]= -13489.490000
A[8]= 1513.680000
A[9]= 393.850200
A[10]= 4.384341
A[11]= -4280.425000
A[12]= 436.782700
A[13]= 523.183100
A[14]= -11551.400000
A[15]= 178.239400
A[16]= 556.763500
chi2_min= 50.464550


Cross-Covariance parameters
1.000000	-0.427396	-0.220911	0.000564	0.241122	-0.317424	0.132660	0.385521	-0.424312	0.072113	0.029746	0.126990	-0.155480	0.035651	0.204404	-0.242076	0.051503	
-0.427396	1.000000	0.136973	-0.166714	0.141465	-0.159616	0.062995	-0.236805	0.240070	-0.009374	-0.094448	0.102292	-0.110940	0.035881	-0.136139	0.146871	-0.009839	
-0.220911	0.136973	1.000000	-0.541409	-0.059236	0.111049	-0.091846	0.009632	0.441475	-0.916587	-0.283018	-0.024172	0.073214	-0.074014	0.011785	0.258954	-0.776657	
0.000564	-0.166714	-0.541409	1.000000	0.169594	0.326724	-0.759315	-0.051273	-0.137156	0.371548	0.171598	-0.022905	0.004110	0.027442	-0.021383	-0.124556	0.428132	
0.241122	0.141465	-0.059236	0.169594	1.000000	-0.785170	0.010913	0.186289	-0.188888	0.046391	-0.022225	0.075099	-0.097361	0.037275	0.032307	-0.050791	0.036705	
-0.317424	-0.159616	0.111049	0.326724	-0.785170	1.000000	-0.618216	-0.212072	0.287917	-0.198756	0.014247	-0.089804	0.117917	-0.045419	-0.042424	0.074679	-0.071766	
0.132660	0.062995	-0.091846	-0.759315	0.010913	-0.618216	1.000000	0.077934	-0.193481	0.258166	0.006072	0.031166	-0.046508	0.022925	0.014528	-0.041240	0.067471	
0.385521	-0.236805	0.009632	-0.051273	0.186289	-0.212072	0.077934	1.000000	-0.869967	0.174231	-0.012149	0.038369	-0.045135	0.006865	0.082898	-0.073581	-0.058764	
-0.424312	0.240070	0.441475	-0.137156	-0.188888	0.287917	-0.193481	-0.869967	1.000000	-0.615974	-0.114037	-0.047869	0.077565	-0.042778	-0.064786	0.179704	-0.303362	
0.072113	-0.009374	-0.916587	0.371548	0.046391	-0.198756	0.258166	0.174231	-0.615974	1.000000	0.256376	0.017115	-0.064095	0.073609	-0.043044	-0.211592	0.736673	
0.029746	-0.094448	-0.283018	0.171598	-0.022225	0.014247	0.006072	-0.012149	-0.114037	0.256376	1.000000	0.254945	0.372200	-0.906307	-0.025989	0.036163	-0.048793	
0.126990	0.102292	-0.024172	-0.022905	0.075099	-0.089804	0.031166	0.038369	-0.047869	0.017115	0.254945	1.000000	-0.758048	-0.068099	0.131673	-0.125234	0.005829	
-0.155480	-0.110940	0.073214	0.004110	-0.097361	0.117917	-0.046508	-0.045135	0.077565	-0.064095	0.372200	-0.758048	1.000000	-0.590312	-0.146152	0.223449	-0.251717	
0.035651	0.035881	-0.074014	0.027442	0.037275	-0.045419	0.022925	0.006865	-0.042778	0.073609	-0.906307	-0.068099	-0.590312	1.000000	0.050202	-0.171662	0.374038	
0.204404	-0.136139	0.011785	-0.021383	0.032307	-0.042424	0.014528	0.082898	-0.064786	-0.043044	-0.025989	0.131673	-0.146152	0.050202	1.000000	-0.930158	0.376345	
-0.242076	0.146871	0.258954	-0.124556	-0.050791	0.074679	-0.041240	-0.073581	0.179704	-0.211592	0.036163	-0.125234	0.223449	-0.171662	-0.930158	1.000000	-0.662165	
0.051503	-0.009839	-0.776657	0.428132	0.036705	-0.071766	0.067471	-0.058764	-0.303362	0.736673	-0.048793	0.005829	-0.251717	0.374038	0.376345	-0.662165	1.000000	

Time taken for mcmc chain: 1.055556 hours
