Number of steps: 4630189
Number of accepted steps: 1200000
Burn-in number of steps: 10000
Accepted fraction of steps: 0.259169
Convergence Status
R[0]= 1.000825	R[1]= 1.000935	R[2]= 1.000766	R[3]= 1.000773	R[4]= 1.000463	R[5]= 1.000423	R[6]= 1.000781	R[7]= 1.000885	R[8]= 1.000658	R[9]= 1.000399	R[10]= 1.000422	R[11]= 1.000676	R[12]= 1.000378	R[13]= 1.000199	R[14]= 1.000737	R[15]= 1.000806	R[16]= 1.000555	
<R>= 1.000628

Mean parameters
A[0]= 0.951188 pm 0.070487
A[1]= 1.012506 pm 0.039041
A[2]= 0.236553 pm 0.191283
A[3]= 6.340447 pm 1.381183
A[4]= -5371.282814 pm 4887.111073
A[5]= 2522.924920 pm 1636.899473
A[6]= -181.243512 pm 411.521920
A[7]= -876.185429 pm 9547.625191
A[8]= -1231.320941 pm 2946.036117
A[9]= 330.745854 pm 506.259006
A[10]= 7.720828 pm 1.926959
A[11]= 8561.880674 pm 6323.107873
A[12]= 621.254612 pm 2186.645666
A[13]= -514.471371 pm 592.590510
A[14]= -625.349741 pm 10545.695502
A[15]= 1071.063190 pm 3331.026414
A[16]= -85.788786 pm 636.762278

Best-fitting parameters
A[0]= 0.973490
A[1]= 1.003577
A[2]= 0.047346
A[3]= 7.621367
A[4]= -4564.972000
A[5]= 2606.120000
A[6]= -317.292300
A[7]= 1040.222000
A[8]= -3393.182000
A[9]= 875.062900
A[10]= 9.074348
A[11]= 10828.690000
A[12]= 200.597500
A[13]= -589.954500
A[14]= -3371.008000
A[15]= 416.271200
A[16]= 393.115800
chi2_min= 60.880600


Cross-Covariance parameters
1.000000	-0.434779	-0.186893	-0.065240	0.188423	-0.284388	0.173618	0.369257	-0.373519	0.013069	0.122942	0.167628	-0.112056	-0.060244	0.242562	-0.242379	-0.072123	
-0.434779	1.000000	0.179119	-0.165811	0.245652	-0.212045	0.022811	-0.270547	0.283677	-0.030631	-0.322608	0.153679	-0.270693	0.206686	-0.189486	0.182444	0.047506	
-0.186893	0.179119	1.000000	-0.500631	-0.070842	0.103753	-0.071033	-0.032175	0.429956	-0.878654	-0.434178	-0.022773	0.064768	-0.058947	-0.005173	0.441971	-0.850870	
-0.065240	-0.165811	-0.500631	1.000000	0.098083	0.450510	-0.800066	-0.066807	-0.062362	0.284400	0.262757	-0.063002	0.059154	-0.010170	-0.021206	-0.198618	0.440358	
0.188423	0.245652	-0.070842	0.098083	1.000000	-0.752034	0.060057	0.124712	-0.138141	0.073122	-0.052352	0.128123	-0.155611	0.062983	0.008970	-0.044535	0.057494	
-0.284388	-0.212045	0.103753	0.450510	-0.752034	1.000000	-0.694918	-0.178301	0.270244	-0.237230	0.045798	-0.150776	0.184727	-0.076361	-0.030722	0.077206	-0.071231	
0.173618	0.022811	-0.071033	-0.800066	0.060057	-0.694918	1.000000	0.124987	-0.248508	0.280230	-0.004197	0.065743	-0.084665	0.039657	0.030360	-0.059497	0.044139	
0.369257	-0.270547	-0.032175	-0.066807	0.124712	-0.178301	0.124987	1.000000	-0.888583	0.238228	0.065890	0.033606	0.006412	-0.055207	0.110626	-0.087161	-0.072392	
-0.373519	0.283677	0.429956	-0.062362	-0.138141	0.270244	-0.248508	-0.888583	1.000000	-0.636580	-0.224618	-0.039868	0.028436	0.013960	-0.093086	0.252493	-0.289958	
0.013069	-0.030631	-0.878654	0.284400	0.073122	-0.237230	0.280230	0.238228	-0.636580	1.000000	0.353213	0.014327	-0.075185	0.087872	-0.036620	-0.367736	0.800758	
0.122942	-0.322608	-0.434178	0.262757	-0.052352	0.045798	-0.004197	0.065890	-0.224618	0.353213	1.000000	0.101132	0.520314	-0.846537	-0.005203	-0.076422	0.148716	
0.167628	0.153679	-0.022773	-0.063002	0.128123	-0.150776	0.065743	0.033606	-0.039868	0.014327	0.101132	1.000000	-0.705231	0.032462	0.100413	-0.092485	0.008104	
-0.112056	-0.270693	0.064768	0.059154	-0.155611	0.184727	-0.084665	0.006412	0.028436	-0.075185	0.520314	-0.705231	1.000000	-0.722699	-0.093497	0.204530	-0.238387	
-0.060244	0.206686	-0.058947	-0.010170	0.062983	-0.076361	0.039657	-0.055207	0.013960	0.087872	-0.846537	0.032462	-0.722699	1.000000	0.029171	-0.189160	0.328814	
0.242562	-0.189486	-0.005173	-0.021206	0.008970	-0.030722	0.030360	0.110626	-0.093086	-0.036620	-0.005203	0.100413	-0.093497	0.029171	1.000000	-0.852099	0.199895	
-0.242379	0.182444	0.441971	-0.198618	-0.044535	0.077206	-0.059497	-0.087161	0.252493	-0.367736	-0.076422	-0.092485	0.204530	-0.189160	-0.852099	1.000000	-0.654151	
-0.072123	0.047506	-0.850870	0.440358	0.057494	-0.071231	0.044139	-0.072392	-0.289958	0.800758	0.148716	0.008104	-0.238387	0.328814	0.199895	-0.654151	1.000000	

Time taken for mcmc chain: 1.519167 hours
