Number of steps: 3591840
Number of accepted steps: 1210000
Burn-in number of steps: 10000
Accepted fraction of steps: 0.336875
Convergence Status
R[0]= 1.000540	R[1]= 1.000454	R[2]= 1.000614	R[3]= 1.000609	R[4]= 1.000274	R[5]= 1.000495	R[6]= 1.000339	R[7]= 1.000590	R[8]= 1.000225	R[9]= 1.000217	R[10]= 1.000379	R[11]= 1.000392	R[12]= 1.000221	R[13]= 1.000598	R[14]= 1.000289	R[15]= 1.000443	R[16]= 1.000931	
<R>= 1.000448

Mean parameters
A[0]= 1.015910 pm 0.035880
A[1]= 0.993552 pm 0.020643
A[2]= 0.343350 pm 0.185837
A[3]= 5.994293 pm 0.893943
A[4]= 4111.659570 pm 3062.768247
A[5]= 491.343038 pm 958.277962
A[6]= -240.422228 pm 230.485372
A[7]= -4335.113223 pm 6848.500343
A[8]= 16.283482 pm 2122.519576
A[9]= -82.310041 pm 459.960536
A[10]= 5.520033 pm 1.102518
A[11]= 1933.436365 pm 4731.303965
A[12]= 1073.498065 pm 1397.241078
A[13]= -154.320788 pm 357.571896
A[14]= 1189.544029 pm 9139.110638
A[15]= -1123.910012 pm 2709.588862
A[16]= -6.882759 pm 473.661481

Best-fitting parameters
A[0]= 1.011708
A[1]= 0.991707
A[2]= 0.269949
A[3]= 6.578425
A[4]= 4185.832000
A[5]= 785.637500
A[6]= -363.163400
A[7]= -5107.255000
A[8]= -148.542000
A[9]= 50.375380
A[10]= 5.642252
A[11]= 61.281020
A[12]= 1503.136000
A[13]= -151.649700
A[14]= 3303.864000
A[15]= -2028.337000
A[16]= 175.196600
chi2_min= 42.428770


Cross-Covariance parameters
1.000000	-0.410889	-0.236868	0.118508	0.158551	-0.217511	0.105340	0.366050	-0.441145	0.184870	0.093688	0.085051	-0.123950	0.053176	0.212103	-0.282816	0.150674	
-0.410889	1.000000	0.192806	-0.279283	0.211399	-0.255914	0.114468	-0.235030	0.272359	-0.102639	-0.176282	0.173414	-0.176113	0.037598	-0.149611	0.190433	-0.099878	
-0.236868	0.192806	1.000000	-0.712291	-0.035561	0.071358	-0.072140	0.072245	0.466910	-0.931673	-0.476946	0.018522	0.050773	-0.100965	0.052297	0.341105	-0.853278	
0.118508	-0.279283	-0.712291	1.000000	0.112163	0.302554	-0.620434	-0.050977	-0.254178	0.518879	0.362348	-0.057564	0.016268	0.054057	-0.035408	-0.241265	0.602440	
0.158551	0.211399	-0.035561	0.112163	1.000000	-0.776109	0.041698	0.165156	-0.158127	0.043004	-0.012550	0.087011	-0.097756	0.026249	0.006385	-0.026250	0.033980	
-0.217511	-0.255914	0.071358	0.302554	-0.776109	1.000000	-0.653764	-0.163760	0.257118	-0.220106	0.007574	-0.108032	0.129227	-0.044100	-0.010271	0.047233	-0.070212	
0.105340	0.114468	-0.072140	-0.620434	0.041698	-0.653764	1.000000	0.042544	-0.201001	0.299689	0.010036	0.047534	-0.066568	0.034011	0.000972	-0.036390	0.072554	
0.366050	-0.235030	0.072245	-0.050977	0.165156	-0.163760	0.042544	1.000000	-0.824571	0.110753	-0.023218	0.014928	-0.008889	-0.014923	0.102302	-0.058626	-0.096162	
-0.441145	0.272359	0.466910	-0.254178	-0.158127	0.257118	-0.201001	-0.824571	1.000000	-0.642619	-0.228151	-0.011124	0.046341	-0.047294	-0.056528	0.230228	-0.374387	
0.184870	-0.102639	-0.931673	0.518879	0.043004	-0.220106	0.299689	0.110753	-0.642619	1.000000	0.438784	-0.004547	-0.064209	0.102905	-0.065803	-0.306847	0.805987	
0.093688	-0.176282	-0.476946	0.362348	-0.012550	0.007574	0.010036	-0.023218	-0.228151	0.438784	1.000000	0.179631	0.371739	-0.796901	-0.029164	-0.034433	0.122675	
0.085051	0.173414	0.018522	-0.057564	0.087011	-0.108032	0.047534	0.014928	-0.011124	-0.004547	0.179631	1.000000	-0.755517	-0.035524	0.137238	-0.104436	-0.032846	
-0.123950	-0.176113	0.050773	0.016268	-0.097756	0.129227	-0.066568	-0.008889	0.046341	-0.064209	0.371739	-0.755517	1.000000	-0.619689	-0.135334	0.234897	-0.258808	
0.053176	0.037598	-0.100965	0.054057	0.026249	-0.044100	0.034011	-0.014923	-0.047294	0.102905	-0.796901	-0.035524	-0.619689	1.000000	0.034897	-0.225431	0.437990	
0.212103	-0.149611	0.052297	-0.035408	0.006385	-0.010271	0.000972	0.102302	-0.056528	-0.065803	-0.029164	0.137238	-0.135334	0.034897	1.000000	-0.886951	0.236624	
-0.282816	0.190433	0.341105	-0.241265	-0.026250	0.047233	-0.036390	-0.058626	0.230228	-0.306847	-0.034433	-0.104436	0.234897	-0.225431	-0.886951	1.000000	-0.641723	
0.150674	-0.099878	-0.853278	0.602440	0.033980	-0.070212	0.072554	-0.096162	-0.374387	0.805987	0.122675	-0.032846	-0.258808	0.437990	0.236624	-0.641723	1.000000	

Time taken for mcmc chain: 1.131944 hours
