Number of steps: 5566647
Number of accepted steps: 1400000
Burn-in number of steps: 10000
Accepted fraction of steps: 0.251498
Convergence Status
R[0]= 1.000275	R[1]= 1.000242	R[2]= 1.000890	R[3]= 1.000110	R[4]= 1.000238	R[5]= 1.000195	R[6]= 1.000344	R[7]= 1.000338	R[8]= 1.000345	R[9]= 1.000589	R[10]= 1.000660	R[11]= 1.000080	R[12]= 1.000434	R[13]= 1.000928	R[14]= 1.000362	R[15]= 1.000203	R[16]= 1.000299	
<R>= 1.000384

Mean parameters
A[0]= 1.085597 pm 0.098837
A[1]= 0.986285 pm 0.029724
A[2]= 0.279591 pm 0.211557
A[3]= 6.650640 pm 1.321108
A[4]= -1961.194211 pm 5014.704828
A[5]= 2276.419202 pm 1614.214240
A[6]= -399.950687 pm 398.462951
A[7]= 2372.341170 pm 9745.881243
A[8]= -626.249967 pm 3098.262703
A[9]= -284.565704 pm 581.994659
A[10]= 6.909951 pm 1.790285
A[11]= 8775.710745 pm 6227.329437
A[12]= -765.346628 pm 2103.714260
A[13]= -222.959795 pm 574.999060
A[14]= -10952.081936 pm 7557.142319
A[15]= 1767.636910 pm 2696.394941
A[16]= -260.214687 pm 622.977323

Best-fitting parameters
A[0]= 1.130377
A[1]= 0.983572
A[2]= 0.083464
A[3]= 6.897240
A[4]= -1279.802000
A[5]= 1623.126000
A[6]= -221.937400
A[7]= 8274.938000
A[8]= -3555.086000
A[9]= 313.248700
A[10]= 6.941722
A[11]= 11582.520000
A[12]= -2170.028000
A[13]= 56.696530
A[14]= -17171.720000
A[15]= 1927.471000
A[16]= 194.687900
chi2_min= 43.703850


Cross-Covariance parameters
1.000000	-0.448249	-0.322555	0.004705	0.297150	-0.422487	0.230014	0.434072	-0.535566	0.198354	0.008397	0.167501	-0.275166	0.150062	0.210369	-0.372001	0.126659	
-0.448249	1.000000	0.200535	-0.169733	0.130977	-0.100992	-0.007342	-0.266701	0.310770	-0.084658	-0.196985	0.085021	-0.111809	0.067453	-0.142320	0.188968	-0.005642	
-0.322555	0.200535	1.000000	-0.534284	-0.094944	0.151641	-0.108168	-0.020515	0.470806	-0.897532	-0.438802	-0.035410	0.058941	-0.029795	-0.009612	0.532052	-0.835614	
0.004705	-0.169733	-0.534284	1.000000	0.157024	0.354383	-0.754317	0.002393	-0.147768	0.288700	0.291647	-0.024176	0.048313	-0.035118	-0.027624	-0.242754	0.454198	
0.297150	0.130977	-0.094944	0.157024	1.000000	-0.766001	0.024778	0.227342	-0.235128	0.052802	-0.058409	0.102355	-0.164723	0.096115	0.043273	-0.110971	0.070891	
-0.422487	-0.100992	0.151641	0.354383	-0.766001	1.000000	-0.651694	-0.221670	0.339738	-0.267270	0.057469	-0.118684	0.202278	-0.122976	-0.068668	0.170679	-0.111022	
0.230014	-0.007342	-0.108168	-0.754317	0.024778	-0.651694	1.000000	0.043634	-0.215862	0.351781	-0.008242	0.040021	-0.085000	0.059661	0.041424	-0.110235	0.083197	
0.434072	-0.266701	-0.020515	0.002393	0.227342	-0.221670	0.043634	1.000000	-0.863859	0.165212	-0.037801	0.063102	-0.104601	0.055867	0.101218	-0.103393	-0.063934	
-0.535566	0.310770	0.470806	-0.147768	-0.235128	0.339738	-0.215862	-0.863859	1.000000	-0.616191	-0.160817	-0.072938	0.124973	-0.068912	-0.094370	0.337096	-0.328635	
0.198354	-0.084658	-0.897532	0.288700	0.052802	-0.267270	0.351781	0.165212	-0.616191	1.000000	0.396559	0.020016	-0.040270	0.025369	-0.018461	-0.461208	0.781396	
0.008397	-0.196985	-0.438802	0.291647	-0.058409	0.057469	-0.008242	-0.037801	-0.160817	0.396559	1.000000	0.145008	0.487435	-0.856356	0.020574	-0.083656	0.078837	
0.167501	0.085021	-0.035410	-0.024176	0.102355	-0.118684	0.040021	0.063102	-0.072938	0.020016	0.145008	1.000000	-0.706794	0.010421	0.105252	-0.098327	-0.019378	
-0.275166	-0.111809	0.058941	0.048313	-0.164723	0.202278	-0.085000	-0.104601	0.124973	-0.040270	0.487435	-0.706794	1.000000	-0.704686	-0.082371	0.240826	-0.254468	
0.150062	0.067453	-0.029795	-0.035118	0.096115	-0.122976	0.059661	0.055867	-0.068912	0.025369	-0.856356	0.010421	-0.704686	1.000000	-0.002605	-0.219096	0.380660	
0.210369	-0.142320	-0.009612	-0.027624	0.043273	-0.068668	0.041424	0.101218	-0.094370	-0.018461	0.020574	0.105252	-0.082371	-0.002605	1.000000	-0.764595	0.140795	
-0.372001	0.188968	0.532052	-0.242754	-0.110971	0.170679	-0.110235	-0.103393	0.337096	-0.461208	-0.083656	-0.098327	0.240826	-0.219096	-0.764595	1.000000	-0.699787	
0.126659	-0.005642	-0.835614	0.454198	0.070891	-0.111022	0.083197	-0.063934	-0.328635	0.781396	0.078837	-0.019378	-0.254468	0.380660	0.140795	-0.699787	1.000000	

Time taken for mcmc chain: 1.745000 hours
