Number of steps: 6141784
Number of accepted steps: 2000000
Burn-in number of steps: 10000
Accepted fraction of steps: 0.325638
Convergence Status
R[0]= 1.000047	R[1]= 1.000460	R[2]= 1.001292	R[3]= 1.000893	R[4]= 1.000792	R[5]= 1.000475	R[6]= 1.000718	R[7]= 1.000065	R[8]= 1.000149	R[9]= 1.001189	R[10]= 1.000247	R[11]= 1.000314	R[12]= 1.000219	R[13]= 1.000090	R[14]= 1.000117	R[15]= 1.000320	R[16]= 1.001220	
<R>= 1.000506

Mean parameters
A[0]= 1.054458 pm 0.052908
A[1]= 1.033728 pm 0.023907
A[2]= 0.255544 pm 0.182299
A[3]= 4.377763 pm 0.743670
A[4]= 4050.892822 pm 3216.074463
A[5]= -1293.509168 pm 890.943451
A[6]= 419.099557 pm 216.589418
A[7]= -2542.030579 pm 7102.084895
A[8]= -1421.214910 pm 2027.245746
A[9]= 351.577313 pm 346.027234
A[10]= 4.679582 pm 1.096528
A[11]= 7490.787925 pm 4785.400008
A[12]= -1885.054439 pm 1334.987910
A[13]= 330.605847 pm 344.980051
A[14]= 3844.497376 pm 8882.863426
A[15]= -2896.858001 pm 2550.848648
A[16]= 402.459382 pm 392.337905

Best-fitting parameters
A[0]= 1.054903
A[1]= 1.028107
A[2]= 0.163366
A[3]= 5.055667
A[4]= 4678.915000
A[5]= -1095.344000
A[6]= 283.292200
A[7]= -2007.722000
A[8]= -1922.398000
A[9]= 492.308900
A[10]= 4.564515
A[11]= 6844.219000
A[12]= -2125.237000
A[13]= 469.762900
A[14]= 7500.807000
A[15]= -4398.366000
A[16]= 677.384000
chi2_min= 53.924950


Cross-Covariance parameters
1.000000	-0.409034	-0.181702	0.083915	0.207137	-0.247521	0.047027	0.391773	-0.435122	0.110698	-0.050840	0.100604	-0.213221	0.154393	0.244868	-0.302019	0.112753	
-0.409034	1.000000	0.137734	-0.137035	0.182663	-0.182636	0.013496	-0.260040	0.280680	-0.073498	-0.200184	0.115441	-0.185184	0.123379	-0.173445	0.180988	-0.016880	
-0.181702	0.137734	1.000000	-0.584531	-0.045667	0.098267	-0.091538	0.097516	0.308155	-0.901797	-0.448848	-0.031155	0.045076	-0.025297	0.077024	0.256497	-0.829481	
0.083915	-0.137035	-0.584531	1.000000	0.261463	0.212136	-0.722999	-0.058761	-0.111617	0.364726	0.277634	0.009555	-0.007443	0.000193	-0.041670	-0.149328	0.478915	
0.207137	0.182663	-0.045667	0.261463	1.000000	-0.789559	-0.105073	0.180803	-0.174921	0.024579	-0.071262	0.070950	-0.132834	0.093496	0.024361	-0.050583	0.054429	
-0.247521	-0.182636	0.098267	0.212136	-0.789559	1.000000	-0.517088	-0.193520	0.269680	-0.217385	0.055155	-0.073492	0.143918	-0.105038	-0.023492	0.071059	-0.103604	
0.047027	0.013496	-0.091538	-0.722999	-0.105073	-0.517088	1.000000	0.036171	-0.165143	0.314953	0.029689	0.003022	-0.015822	0.017377	-0.008199	-0.028833	0.085818	
0.391773	-0.260040	0.097516	-0.058761	0.180803	-0.193520	0.036171	1.000000	-0.897902	0.152527	-0.071068	0.015097	-0.043167	0.032629	0.128275	-0.090385	-0.108012	
-0.435122	0.280680	0.308155	-0.111617	-0.174921	0.269680	-0.165143	-0.897902	1.000000	-0.556320	-0.109171	-0.027782	0.063170	-0.046143	-0.086377	0.186805	-0.236209	
0.110698	-0.073498	-0.901797	0.364726	0.024579	-0.217385	0.314953	0.152527	-0.556320	1.000000	0.405360	0.023912	-0.037736	0.025164	-0.089102	-0.217506	0.761303	
-0.050840	-0.200184	-0.448848	0.277634	-0.071262	0.055155	0.029689	-0.071068	-0.109171	0.405360	1.000000	0.272653	0.317962	-0.851813	-0.065195	0.011039	0.115699	
0.100604	0.115441	-0.031155	0.009555	0.070950	-0.073492	0.003022	0.015097	-0.027782	0.023912	0.272653	1.000000	-0.758504	-0.108592	0.124102	-0.113624	-0.007038	
-0.213221	-0.185184	0.045076	-0.007443	-0.132834	0.143918	-0.015822	-0.043167	0.063170	-0.037736	0.317962	-0.758504	1.000000	-0.556089	-0.151508	0.229926	-0.221156	
0.154393	0.123379	-0.025297	0.000193	0.093496	-0.105038	0.017377	0.032629	-0.046143	0.025164	-0.851813	-0.108592	-0.556089	1.000000	0.063313	-0.192750	0.346222	
0.244868	-0.173445	0.077024	-0.041670	0.024361	-0.023492	-0.008199	0.128275	-0.086377	-0.089102	-0.065195	0.124102	-0.151508	0.063313	1.000000	-0.912464	0.255999	
-0.302019	0.180988	0.256497	-0.149328	-0.050583	0.071059	-0.028833	-0.090385	0.186805	-0.217506	0.011039	-0.113624	0.229926	-0.192750	-0.912464	1.000000	-0.605739	
0.112753	-0.016880	-0.829481	0.478915	0.054429	-0.103604	0.085818	-0.108012	-0.236209	0.761303	0.115699	-0.007038	-0.221156	0.346222	0.255999	-0.605739	1.000000	

Time taken for mcmc chain: 2.090833 hours
