Number of steps: 2349259
Number of accepted steps: 620000
Burn-in number of steps: 10000
Accepted fraction of steps: 0.263913
Convergence Status
R[0]= 1.000543	R[1]= 1.000200	R[2]= 1.000914	R[3]= 1.000383	R[4]= 1.000102	R[5]= 1.000121	R[6]= 1.000486	R[7]= 1.000596	R[8]= 1.000357	R[9]= 1.000675	R[10]= 1.000547	R[11]= 1.000920	R[12]= 1.000154	R[13]= 1.000972	R[14]= 1.000713	R[15]= 1.000527	R[16]= 1.000960	
<R>= 1.000539

Mean parameters
A[0]= 0.982951 pm 0.033029
A[1]= 1.029471 pm 0.020011
A[2]= 0.515480 pm 0.231986
A[3]= 4.895737 pm 0.854973
A[4]= 14.338818 pm 3066.661423
A[5]= 1336.118631 pm 940.257657
A[6]= -175.789874 pm 232.175696
A[7]= -5919.142728 pm 6673.618474
A[8]= 1768.118978 pm 2169.805360
A[9]= -407.904996 pm 490.079810
A[10]= 4.914201 pm 1.059418
A[11]= -489.375087 pm 4797.044064
A[12]= 1545.229232 pm 1373.026471
A[13]= -206.953013 pm 359.116744
A[14]= -8317.042340 pm 7684.353740
A[15]= 2673.544132 pm 2480.303013
A[16]= -525.415527 pm 544.298005

Best-fitting parameters
A[0]= 0.977402
A[1]= 1.041675
A[2]= 0.427389
A[3]= 5.053432
A[4]= 1147.420000
A[5]= 974.979200
A[6]= -146.605400
A[7]= -6618.960000
A[8]= 1405.838000
A[9]= -216.266100
A[10]= 5.160136
A[11]= -2765.352000
A[12]= 2268.129000
A[13]= -284.863000
A[14]= -15749.740000
A[15]= 4334.323000
A[16]= -474.746400
chi2_min= 61.007750


Cross-Covariance parameters
1.000000	-0.431831	-0.257061	0.125480	0.149617	-0.247126	0.155727	0.341092	-0.430556	0.219846	0.183444	0.113892	-0.124402	0.006922	0.190930	-0.272697	0.142678	
-0.431831	1.000000	0.192396	-0.235331	0.161290	-0.173972	0.052043	-0.232586	0.265931	-0.114122	-0.191912	0.144649	-0.148257	0.033726	-0.145287	0.189016	-0.097139	
-0.257061	0.192396	1.000000	-0.761938	-0.100176	0.143232	-0.086675	0.044353	0.504228	-0.917662	-0.578978	-0.039163	0.116696	-0.113468	0.040827	0.459900	-0.861013	
0.125480	-0.235331	-0.761938	1.000000	0.189542	0.192560	-0.547269	-0.072586	-0.257180	0.535915	0.448264	-0.003491	-0.055742	0.085609	-0.034265	-0.350087	0.663901	
0.149617	0.161290	-0.100176	0.189542	1.000000	-0.765553	0.006184	0.148312	-0.158289	0.076239	0.039464	0.068506	-0.080969	0.022863	0.001440	-0.053410	0.084569	
-0.247126	-0.173972	0.143232	0.192560	-0.765553	1.000000	-0.639916	-0.193501	0.330712	-0.304072	-0.067412	-0.092740	0.108548	-0.027994	-0.009606	0.082195	-0.117387	
0.155727	0.052043	-0.086675	-0.547269	0.006184	-0.639916	1.000000	0.107774	-0.302283	0.368836	0.051609	0.044355	-0.051228	0.010994	0.007956	-0.050404	0.068593	
0.341092	-0.232586	0.044353	-0.072586	0.148312	-0.193501	0.107774	1.000000	-0.808171	0.147577	0.000489	0.010834	0.000610	-0.026788	0.092700	-0.044601	-0.075493	
-0.430556	0.265931	0.504228	-0.257180	-0.158289	0.330712	-0.302283	-0.808171	1.000000	-0.692004	-0.315267	-0.040439	0.072740	-0.040632	-0.052888	0.286626	-0.407194	
0.219846	-0.114122	-0.917662	0.535915	0.076239	-0.304072	0.368836	0.147577	-0.692004	1.000000	0.534943	0.048398	-0.118975	0.105543	-0.046994	-0.418561	0.799505	
0.183444	-0.191912	-0.578978	0.448264	0.039464	-0.067412	0.051609	0.000489	-0.315267	0.534943	1.000000	0.240945	0.264918	-0.712665	-0.031663	-0.090337	0.201289	
0.113892	0.144649	-0.039163	-0.003491	0.068506	-0.092740	0.044355	0.010834	-0.040439	0.048398	0.240945	1.000000	-0.746804	-0.084341	0.106427	-0.070553	-0.035694	
-0.124402	-0.148257	0.116696	-0.055742	-0.080969	0.108548	-0.051228	0.000610	0.072740	-0.118975	0.264918	-0.746804	1.000000	-0.591433	-0.116170	0.275542	-0.304317	
0.006922	0.033726	-0.113468	0.085609	0.022863	-0.027994	0.010994	-0.026788	-0.040632	0.105543	-0.712665	-0.084341	-0.591433	1.000000	0.036360	-0.313154	0.492791	
0.190930	-0.145287	0.040827	-0.034265	0.001440	-0.009606	0.007956	0.092700	-0.052888	-0.046994	-0.031663	0.106427	-0.116170	0.036360	1.000000	-0.810255	0.166430	
-0.272697	0.189016	0.459900	-0.350087	-0.053410	0.082195	-0.050404	-0.044601	0.286626	-0.418561	-0.090337	-0.070553	0.275542	-0.313154	-0.810255	1.000000	-0.696954	
0.142678	-0.097139	-0.861013	0.663901	0.084569	-0.117387	0.068593	-0.075493	-0.407194	0.799505	0.201289	-0.035694	-0.304317	0.492791	0.166430	-0.696954	1.000000	

Time taken for mcmc chain: 41.383333 minutes
