Number of steps: 7623632
Number of accepted steps: 2000000
Burn-in number of steps: 10000
Accepted fraction of steps: 0.262342
Convergence Status
R[0]= 1.000423	R[1]= 1.001287	R[2]= 1.008159	R[3]= 1.003297	R[4]= 1.000105	R[5]= 1.000324	R[6]= 1.000878	R[7]= 1.000240	R[8]= 1.001107	R[9]= 1.001872	R[10]= 1.002485	R[11]= 1.000240	R[12]= 1.000229	R[13]= 1.000841	R[14]= 1.000746	R[15]= 1.001791	R[16]= 1.002338	
<R>= 1.001551

Mean parameters
A[0]= 1.049646 pm 0.042925
A[1]= 0.971152 pm 0.027087
A[2]= 0.472056 pm 0.259965
A[3]= 4.956036 pm 0.938375
A[4]= 5756.628107 pm 3070.976402
A[5]= -693.875829 pm 981.937726
A[6]= 78.369413 pm 237.704194
A[7]= -4675.235137 pm 6942.248051
A[8]= 925.250933 pm 2193.896364
A[9]= -357.911684 pm 479.433102
A[10]= 4.840177 pm 1.170815
A[11]= 3988.646208 pm 4750.561026
A[12]= -26.351514 pm 1421.672135
A[13]= 28.123555 pm 363.853326
A[14]= 5826.434427 pm 8485.948599
A[15]= -1754.402476 pm 2572.165262
A[16]= -223.874221 pm 516.208298

Best-fitting parameters
A[0]= 1.044978
A[1]= 0.971014
A[2]= 0.542693
A[3]= 4.910471
A[4]= 5440.476000
A[5]= -398.624200
A[6]= -19.602650
A[7]= -5821.599000
A[8]= 1817.004000
A[9]= -618.063600
A[10]= 5.023186
A[11]= 5841.921000
A[12]= -29.817230
A[13]= -136.243300
A[14]= 14078.680000
A[15]= -3106.956000
A[16]= -428.497000
chi2_min= 58.253830


Cross-Covariance parameters
1.000000	-0.439603	-0.286626	0.146565	0.137191	-0.222061	0.150956	0.383454	-0.496821	0.264958	0.252709	0.111926	-0.059041	-0.077321	0.228132	-0.311701	0.145952	
-0.439603	1.000000	0.263463	-0.318383	0.239624	-0.263675	0.087145	-0.233750	0.307910	-0.168120	-0.337924	0.161056	-0.256777	0.172650	-0.151272	0.199389	-0.090698	
-0.286626	0.263463	1.000000	-0.762809	-0.015704	-0.029639	0.057840	0.035127	0.478709	-0.892395	-0.593274	0.002654	-0.024459	0.032287	0.031012	0.393913	-0.807562	
0.146565	-0.318383	-0.762809	1.000000	0.068608	0.358270	-0.641867	-0.011246	-0.294234	0.525542	0.476566	-0.051841	0.073937	-0.038595	-0.037355	-0.289192	0.619524	
0.137191	0.239624	-0.015704	0.068608	1.000000	-0.772199	0.057528	0.178394	-0.153509	0.022503	-0.033965	0.098169	-0.115053	0.037356	0.007907	-0.026076	0.027566	
-0.222061	-0.263675	-0.029639	0.358270	-0.772199	1.000000	-0.670228	-0.161945	0.229391	-0.180105	0.058948	-0.120629	0.146702	-0.053195	-0.027912	0.037245	-0.009278	
0.150956	0.087145	0.057840	-0.641867	0.057528	-0.670228	1.000000	0.028867	-0.170051	0.265994	-0.040285	0.053507	-0.072230	0.033788	0.027453	-0.023661	-0.012099	
0.383454	-0.233750	0.035127	-0.011246	0.178394	-0.161945	0.028867	1.000000	-0.822509	0.125538	0.027282	0.027763	0.003142	-0.048654	0.117740	-0.073052	-0.087882	
-0.496821	0.307910	0.478709	-0.294234	-0.153509	0.229391	-0.170051	-0.822509	1.000000	-0.656563	-0.326109	-0.030501	0.004406	0.039402	-0.078896	0.274255	-0.364988	
0.264958	-0.168120	-0.892395	0.525542	0.022503	-0.180105	0.265994	0.125538	-0.656563	1.000000	0.525376	0.009954	-0.013745	0.008929	-0.045750	-0.365463	0.776323	
0.252709	-0.337924	-0.593274	0.476566	-0.033965	0.058948	-0.040285	0.027282	-0.326109	0.525376	1.000000	0.151674	0.391595	-0.785877	0.058419	-0.150206	0.163981	
0.111926	0.161056	0.002654	-0.051841	0.098169	-0.120629	0.053507	0.027763	-0.030501	0.009954	0.151674	1.000000	-0.753886	-0.025051	0.155816	-0.113025	-0.046892	
-0.059041	-0.256777	-0.024459	0.073937	-0.115053	0.146702	-0.072230	0.003142	0.004406	-0.013745	0.391595	-0.753886	1.000000	-0.629701	-0.086685	0.193197	-0.236802	
-0.077321	0.172650	0.032287	-0.038595	0.037356	-0.053195	0.033788	-0.048654	0.039402	0.008929	-0.785877	-0.025051	-0.629701	1.000000	-0.061582	-0.152561	0.423098	
0.228132	-0.151272	0.031012	-0.037355	0.007907	-0.027912	0.027453	0.117740	-0.078896	-0.045750	0.058419	0.155816	-0.086685	-0.061582	1.000000	-0.849802	0.155481	
-0.311701	0.199389	0.393913	-0.289192	-0.026076	0.037245	-0.023661	-0.073052	0.274255	-0.365463	-0.150206	-0.113025	0.193197	-0.152561	-0.849802	1.000000	-0.634396	
0.145952	-0.090698	-0.807562	0.619524	0.027566	-0.009278	-0.012099	-0.087882	-0.364988	0.776323	0.163981	-0.046892	-0.236802	0.423098	0.155481	-0.634396	1.000000	

Time taken for mcmc chain: 2.480278 hours
