Number of steps: 1598958
Number of accepted steps: 590000
Burn-in number of steps: 10000
Accepted fraction of steps: 0.368990
Convergence Status
R[0]= 1.000457	R[1]= 1.000355	R[2]= 1.000664	R[3]= 1.000583	R[4]= 1.000671	R[5]= 1.000833	R[6]= 1.000555	R[7]= 1.000295	R[8]= 1.000445	R[9]= 1.000445	R[10]= 1.000452	R[11]= 1.000177	R[12]= 1.000218	R[13]= 1.000667	R[14]= 1.000198	R[15]= 1.000375	R[16]= 1.000865	
<R>= 1.000486

Mean parameters
A[0]= 0.980525 pm 0.055908
A[1]= 1.003485 pm 0.021451
A[2]= 0.191484 pm 0.149912
A[3]= 4.691572 pm 0.767514
A[4]= 5999.075080 pm 3056.307266
A[5]= -1852.316426 pm 929.092878
A[6]= 479.715996 pm 225.261177
A[7]= 2240.203601 pm 6992.542869
A[8]= -2723.057935 pm 2037.358893
A[9]= 557.202119 pm 303.040264
A[10]= 6.342342 pm 1.193270
A[11]= 2798.081233 pm 4784.314598
A[12]= 531.894963 pm 1473.767607
A[13]= -177.085341 pm 366.124397
A[14]= 1279.665079 pm 9287.194439
A[15]= -1067.180014 pm 2741.247295
A[16]= 273.510059 pm 421.730977

Best-fitting parameters
A[0]= 0.980509
A[1]= 1.005220
A[2]= 0.052831
A[3]= 5.190319
A[4]= 5199.942000
A[5]= -1537.533000
A[6]= 429.123600
A[7]= 1854.480000
A[8]= -3233.027000
A[9]= 804.373000
A[10]= 6.798033
A[11]= 1987.835000
A[12]= 677.210700
A[13]= -151.227300
A[14]= -3720.998000
A[15]= -619.833300
A[16]= 555.896000
chi2_min= 51.091830


Cross-Covariance parameters
1.000000	-0.432488	-0.198149	0.082088	0.217817	-0.221076	0.012224	0.372020	-0.392179	0.070432	-0.093781	0.162025	-0.281499	0.190971	0.303996	-0.345253	0.083411	
-0.432488	1.000000	0.127249	-0.180317	0.124062	-0.164441	0.092363	-0.255275	0.252745	-0.021983	-0.111750	0.138191	-0.128240	0.026254	-0.219178	0.223657	-0.022446	
-0.198149	0.127249	1.000000	-0.496698	-0.072145	0.122993	-0.092507	-0.003883	0.350400	-0.881049	-0.396871	-0.034183	0.113282	-0.123878	0.015060	0.345269	-0.874481	
0.082088	-0.180317	-0.496698	1.000000	0.186667	0.342373	-0.789109	-0.037545	-0.077497	0.278497	0.226772	-0.015647	-0.009418	0.033509	0.004800	-0.176744	0.425726	
0.217817	0.124062	-0.072145	0.186667	1.000000	-0.774297	0.007374	0.188057	-0.194586	0.078892	-0.046449	0.089871	-0.131462	0.077139	0.041756	-0.069505	0.059848	
-0.221076	-0.164441	0.122993	0.342373	-0.774297	1.000000	-0.629363	-0.211580	0.286036	-0.255976	0.037238	-0.099710	0.152278	-0.095546	-0.032050	0.082460	-0.110427	
0.012224	0.092363	-0.092507	-0.789109	0.007374	-0.629363	1.000000	0.078891	-0.184066	0.298542	0.013196	0.023641	-0.044434	0.035849	-0.017521	-0.024118	0.093066	
0.372020	-0.255275	-0.003883	-0.037545	0.188057	-0.211580	0.078891	1.000000	-0.920739	0.289575	-0.044015	0.035109	-0.067931	0.048012	0.121855	-0.110632	-0.037403	
-0.392179	0.252745	0.350400	-0.077497	-0.194586	0.286036	-0.184066	-0.920739	1.000000	-0.623118	-0.097353	-0.044097	0.101339	-0.086918	-0.098764	0.214937	-0.272559	
0.070432	-0.021983	-0.881049	0.278497	0.078892	-0.255976	0.298542	0.289575	-0.623118	1.000000	0.363673	0.021717	-0.082206	0.095834	-0.054701	-0.269374	0.785038	
-0.093781	-0.111750	-0.396871	0.226772	-0.046449	0.037238	0.013196	-0.044015	-0.097353	0.363673	1.000000	0.158333	0.410967	-0.834915	-0.095546	0.019974	0.172887	
0.162025	0.138191	-0.034183	-0.015647	0.089871	-0.099710	0.023641	0.035109	-0.044097	0.021717	0.158333	1.000000	-0.759645	0.015634	0.138019	-0.139998	0.039923	
-0.281499	-0.128240	0.113282	-0.009418	-0.131462	0.152278	-0.044434	-0.067931	0.101339	-0.082206	0.410967	-0.759645	1.000000	-0.653941	-0.190119	0.277115	-0.245595	
0.190971	0.026254	-0.123878	0.033509	0.077139	-0.095546	0.035849	0.048012	-0.086918	0.095834	-0.834915	0.015634	-0.653941	1.000000	0.119885	-0.246726	0.326922	
0.303996	-0.219178	0.015060	0.004800	0.041756	-0.032050	-0.017521	0.121855	-0.098764	-0.054701	-0.095546	0.138019	-0.190119	0.119885	1.000000	-0.908255	0.281163	
-0.345253	0.223657	0.345269	-0.176744	-0.069505	0.082460	-0.024118	-0.110632	0.214937	-0.269374	0.019974	-0.139998	0.277115	-0.246726	-0.908255	1.000000	-0.635408	
0.083411	-0.022446	-0.874481	0.425726	0.059848	-0.110427	0.093066	-0.037403	-0.272559	0.785038	0.172887	0.039923	-0.245595	0.326922	0.281163	-0.635408	1.000000	

Time taken for mcmc chain: 30.333333 minutes
