Number of steps: 6222293
Number of accepted steps: 1400000
Burn-in number of steps: 10000
Accepted fraction of steps: 0.224997
Convergence Status
R[0]= 1.000740	R[1]= 1.000207	R[2]= 1.000820	R[3]= 1.000633	R[4]= 1.000227	R[5]= 1.000356	R[6]= 1.000559	R[7]= 1.000550	R[8]= 1.000518	R[9]= 1.000911	R[10]= 1.000541	R[11]= 1.000497	R[12]= 1.000169	R[13]= 1.000186	R[14]= 1.000461	R[15]= 1.000252	R[16]= 1.000168	
<R>= 1.000458

Mean parameters
A[0]= 0.981863 pm 0.037524
A[1]= 1.001941 pm 0.023348
A[2]= 0.631165 pm 0.235613
A[3]= 4.990674 pm 0.865793
A[4]= 9713.538465 pm 3082.566657
A[5]= -1037.257993 pm 983.001397
A[6]= -119.960934 pm 236.081042
A[7]= 7529.449345 pm 6537.867223
A[8]= -1060.399781 pm 2209.834925
A[9]= -557.661532 pm 509.999935
A[10]= 4.369922 pm 1.004267
A[11]= -8644.244317 pm 4577.879572
A[12]= 3371.132989 pm 1414.324027
A[13]= -175.983896 pm 370.970470
A[14]= -649.327728 pm 9105.445795
A[15]= 785.772533 pm 2830.752306
A[16]= -510.158810 pm 526.334317

Best-fitting parameters
A[0]= 0.974094
A[1]= 1.009387
A[2]= 0.636863
A[3]= 4.924357
A[4]= 9848.677000
A[5]= -1027.983000
A[6]= -135.048900
A[7]= 3711.423000
A[8]= -22.842640
A[9]= -631.567300
A[10]= 4.560224
A[11]= -8804.914000
A[12]= 3776.383000
A[13]= -310.476300
A[14]= -53.408050
A[15]= 1075.015000
A[16]= -631.322000
chi2_min= 52.185930


Cross-Covariance parameters
1.000000	-0.424031	-0.295589	0.208620	0.187469	-0.245377	0.105896	0.374339	-0.462561	0.219130	0.077848	0.093202	-0.201753	0.156728	0.245378	-0.353916	0.243148	
-0.424031	1.000000	0.220000	-0.305452	0.203390	-0.228156	0.092035	-0.240689	0.268304	-0.104161	-0.184864	0.151382	-0.122923	-0.003535	-0.160095	0.207781	-0.123628	
-0.295589	0.220000	1.000000	-0.780187	-0.094867	0.129562	-0.080398	-0.000789	0.552380	-0.905462	-0.545702	-0.031754	0.094367	-0.095173	0.022241	0.370289	-0.788115	
0.208620	-0.305452	-0.780187	1.000000	0.138247	0.221087	-0.528610	-0.004931	-0.313960	0.517058	0.443686	-0.010830	-0.033785	0.062077	-0.016429	-0.285395	0.605895	
0.187469	0.203390	-0.094867	0.138247	1.000000	-0.774638	0.058499	0.160860	-0.168971	0.075788	-0.000709	0.090985	-0.120812	0.059281	0.019097	-0.067457	0.094998	
-0.245377	-0.228156	0.129562	0.221087	-0.774638	1.000000	-0.667984	-0.175544	0.328406	-0.317620	-0.010366	-0.106055	0.146984	-0.076611	-0.031798	0.098985	-0.135723	
0.105896	0.092035	-0.080398	-0.528610	0.058499	-0.667984	1.000000	0.066297	-0.295612	0.406055	0.021751	0.040896	-0.063374	0.038276	0.016261	-0.059067	0.089497	
0.374339	-0.240689	-0.000789	-0.004931	0.160860	-0.175544	0.066297	1.000000	-0.793943	0.150093	-0.019089	0.013220	-0.043465	0.039225	0.112622	-0.103242	-0.005544	
-0.462561	0.268304	0.552380	-0.313960	-0.168971	0.328406	-0.295612	-0.793943	1.000000	-0.709699	-0.280980	-0.036931	0.100652	-0.092885	-0.075405	0.290419	-0.442378	
0.219130	-0.104161	-0.905462	0.517058	0.075788	-0.317620	0.406055	0.150093	-0.709699	1.000000	0.491370	0.038643	-0.098069	0.093065	-0.037682	-0.327631	0.732447	
0.077848	-0.184864	-0.545702	0.443686	-0.000709	-0.010366	0.021751	-0.019089	-0.280980	0.491370	1.000000	0.174444	0.367919	-0.751064	-0.038657	0.012175	0.037414	
0.093202	0.151382	-0.031754	-0.010830	0.090985	-0.106055	0.040896	0.013220	-0.036931	0.038643	0.174444	1.000000	-0.732129	-0.016194	0.141104	-0.107446	-0.020129	
-0.201753	-0.122923	0.094367	-0.033785	-0.120812	0.146984	-0.063374	-0.043465	0.100652	-0.098069	0.367919	-0.732129	1.000000	-0.661498	-0.159443	0.321156	-0.377653	
0.156728	-0.003535	-0.095173	0.062077	0.059281	-0.076611	0.038276	0.039225	-0.092885	0.093065	-0.751064	-0.016194	-0.661498	1.000000	0.070936	-0.343411	0.576390	
0.245378	-0.160095	0.022241	-0.016429	0.019097	-0.031798	0.016261	0.112622	-0.075405	-0.037682	-0.038657	0.141104	-0.159443	0.070936	1.000000	-0.866139	0.248565	
-0.353916	0.207781	0.370289	-0.285395	-0.067457	0.098985	-0.059067	-0.103242	0.290419	-0.327631	0.012175	-0.107446	0.321156	-0.343411	-0.866139	1.000000	-0.684894	
0.243148	-0.123628	-0.788115	0.605895	0.094998	-0.135723	0.089497	-0.005544	-0.442378	0.732447	0.037414	-0.020129	-0.377653	0.576390	0.248565	-0.684894	1.000000	

Time taken for mcmc chain: 1.906944 hours
