Number of steps: 4707324
Number of accepted steps: 1510000
Burn-in number of steps: 10000
Accepted fraction of steps: 0.320777
Convergence Status
R[0]= 1.000242	R[1]= 1.000854	R[2]= 1.000850	R[3]= 1.000763	R[4]= 1.000175	R[5]= 1.000229	R[6]= 1.000295	R[7]= 1.000336	R[8]= 1.000368	R[9]= 1.000405	R[10]= 1.000555	R[11]= 1.000252	R[12]= 1.000665	R[13]= 1.000639	R[14]= 1.000277	R[15]= 1.000387	R[16]= 1.000690	
<R>= 1.000470

Mean parameters
A[0]= 1.058215 pm 0.058533
A[1]= 0.969726 pm 0.024972
A[2]= 0.263148 pm 0.182309
A[3]= 4.562905 pm 0.777722
A[4]= 730.655216 pm 3040.445963
A[5]= -176.009468 pm 946.507091
A[6]= 341.342166 pm 231.624398
A[7]= 5640.358440 pm 6792.563430
A[8]= -2846.602464 pm 2011.900506
A[9]= 302.070443 pm 354.177425
A[10]= 5.808489 pm 1.255525
A[11]= -927.932275 pm 4810.925329
A[12]= 1359.550846 pm 1465.729891
A[13]= -117.748543 pm 363.285876
A[14]= 7907.731555 pm 8013.657288
A[15]= -3817.343540 pm 2414.018301
A[16]= 267.902841 pm 433.829002

Best-fitting parameters
A[0]= 1.058078
A[1]= 0.969909
A[2]= 0.269801
A[3]= 4.659116
A[4]= 192.442600
A[5]= 21.093470
A[6]= 291.455500
A[7]= 6123.706000
A[8]= -2873.231000
A[9]= 267.964900
A[10]= 5.482906
A[11]= -422.776500
A[12]= 1017.598000
A[13]= -28.712310
A[14]= 13699.960000
A[15]= -4970.654000
A[16]= 288.668600
chi2_min= 55.630010


Cross-Covariance parameters
1.000000	-0.432015	-0.237874	0.067145	0.194995	-0.252620	0.107150	0.380186	-0.444720	0.156410	0.040187	0.153391	-0.211014	0.097166	0.265798	-0.344661	0.119119	
-0.432015	1.000000	0.181527	-0.226982	0.154497	-0.179157	0.065188	-0.243356	0.273715	-0.078947	-0.208021	0.153905	-0.193228	0.096284	-0.174303	0.203583	-0.039564	
-0.237874	0.181527	1.000000	-0.529860	-0.013980	0.087405	-0.124569	0.033086	0.384591	-0.897280	-0.547471	-0.017214	-0.029114	0.071181	0.028990	0.375569	-0.851501	
0.067145	-0.226982	-0.529860	1.000000	0.130380	0.373088	-0.745257	0.008471	-0.144116	0.277725	0.328134	-0.029664	0.075793	-0.075355	-0.014372	-0.190467	0.434901	
0.194995	0.154497	-0.013980	0.130380	1.000000	-0.768694	0.024439	0.194848	-0.178644	0.017115	-0.056142	0.099214	-0.132158	0.064192	0.039533	-0.051907	0.018158	
-0.252620	-0.179157	0.087405	0.373088	-0.768694	1.000000	-0.649347	-0.170191	0.259161	-0.247526	0.033180	-0.111131	0.154751	-0.080867	-0.039242	0.088983	-0.093249	
0.107150	0.065188	-0.124569	-0.745257	0.024439	-0.649347	1.000000	0.009469	-0.169856	0.371787	0.032660	0.031053	-0.051795	0.033908	0.002388	-0.065861	0.128150	
0.380186	-0.243356	0.033086	0.008471	0.194848	-0.170191	0.009469	1.000000	-0.888303	0.189131	-0.033943	0.045264	-0.063964	0.030673	0.124986	-0.099212	-0.072412	
-0.444720	0.273715	0.384591	-0.144116	-0.178644	0.259161	-0.169856	-0.888303	1.000000	-0.602631	-0.190163	-0.051885	0.055191	-0.007362	-0.098241	0.246665	-0.295676	
0.156410	-0.078947	-0.897280	0.277725	0.017115	-0.247526	0.371787	0.189131	-0.602631	1.000000	0.484446	0.018852	0.016428	-0.052296	-0.049822	-0.323505	0.788594	
0.040187	-0.208021	-0.547471	0.328134	-0.056142	0.033180	0.032660	-0.033943	-0.190163	0.484446	1.000000	0.141313	0.424731	-0.845943	-0.002871	-0.109082	0.217614	
0.153391	0.153905	-0.017214	-0.029664	0.099214	-0.111131	0.031053	0.045264	-0.051885	0.018852	0.141313	1.000000	-0.766856	0.010931	0.142169	-0.132431	-0.001995	
-0.211014	-0.193228	-0.029114	0.075793	-0.132158	0.154751	-0.051795	-0.063964	0.055191	0.016428	0.424731	-0.766856	1.000000	-0.641683	-0.129299	0.197974	-0.169906	
0.097166	0.096284	0.071181	-0.075355	0.064192	-0.080867	0.033908	0.030673	-0.007362	-0.052296	-0.845943	0.010931	-0.641683	1.000000	0.018705	-0.134033	0.267704	
0.265798	-0.174303	0.028990	-0.014372	0.039533	-0.039242	0.002388	0.124986	-0.098241	-0.049822	-0.002871	0.142169	-0.129299	0.018705	1.000000	-0.875973	0.205836	
-0.344661	0.203583	0.375569	-0.190467	-0.051907	0.088983	-0.065861	-0.099212	0.246665	-0.323505	-0.109082	-0.132431	0.197974	-0.134033	-0.875973	1.000000	-0.626611	
0.119119	-0.039564	-0.851501	0.434901	0.018158	-0.093249	0.128150	-0.072412	-0.295676	0.788594	0.217614	-0.001995	-0.169906	0.267704	0.205836	-0.626611	1.000000	

Time taken for mcmc chain: 1.502778 hours
