Number of steps: 10154022
Number of accepted steps: 2000000
Burn-in number of steps: 10000
Accepted fraction of steps: 0.196966
Convergence Status
R[0]= 1.000122	R[1]= 1.000449	R[2]= 1.004095	R[3]= 1.001701	R[4]= 1.000324	R[5]= 1.000216	R[6]= 1.000069	R[7]= 1.000242	R[8]= 1.000901	R[9]= 1.001757	R[10]= 1.001197	R[11]= 1.000134	R[12]= 1.000438	R[13]= 1.000362	R[14]= 1.000238	R[15]= 1.000532	R[16]= 1.000924	
<R>= 1.000806

Mean parameters
A[0]= 1.028526 pm 0.051249
A[1]= 0.991728 pm 0.029949
A[2]= 0.552331 pm 0.273205
A[3]= 4.427765 pm 0.896718
A[4]= 8630.628361 pm 3157.123427
A[5]= -1889.968617 pm 992.545432
A[6]= 247.136502 pm 234.951912
A[7]= 5667.386201 pm 6935.285231
A[8]= -1076.684399 pm 2228.176877
A[9]= -330.918523 pm 485.888033
A[10]= 3.652146 pm 0.997573
A[11]= -5.142102 pm 4764.258666
A[12]= -311.847080 pm 1420.681159
A[13]= 404.222410 pm 363.643666
A[14]= -6800.551034 pm 8219.887973
A[15]= 1016.736293 pm 2536.248638
A[16]= -230.300722 pm 497.464980

Best-fitting parameters
A[0]= 1.037692
A[1]= 0.989498
A[2]= 0.604572
A[3]= 4.401569
A[4]= 10351.080000
A[5]= -2166.510000
A[6]= 195.613100
A[7]= 7219.483000
A[8]= -851.608400
A[9]= -541.656500
A[10]= 3.836369
A[11]= -151.316300
A[12]= 52.233710
A[13]= 250.244100
A[14]= -7301.178000
A[15]= 1831.092000
A[16]= -494.809800
chi2_min= 67.812160


Cross-Covariance parameters
1.000000	-0.409378	-0.295113	0.166277	0.205290	-0.284648	0.151154	0.420722	-0.524279	0.255411	0.118161	0.103241	-0.164292	0.091127	0.212434	-0.317422	0.194926	
-0.409378	1.000000	0.239049	-0.309043	0.223565	-0.249953	0.090341	-0.255171	0.299096	-0.128972	-0.252757	0.156576	-0.184814	0.073425	-0.139545	0.182565	-0.089763	
-0.295113	0.239049	1.000000	-0.774220	-0.079325	0.056415	0.009661	0.020427	0.494699	-0.892685	-0.473807	0.003118	0.076346	-0.118598	0.032089	0.379016	-0.789897	
0.166277	-0.309043	-0.774220	1.000000	0.121605	0.274430	-0.597433	-0.010490	-0.292153	0.518874	0.398201	-0.044099	-0.005661	0.069262	-0.026814	-0.289331	0.609108	
0.205290	0.223565	-0.079325	0.121605	1.000000	-0.783238	0.047788	0.183029	-0.184951	0.064206	-0.028995	0.103228	-0.142611	0.073282	0.026105	-0.073559	0.088679	
-0.284648	-0.249953	0.056415	0.274430	-0.783238	1.000000	-0.649402	-0.185537	0.293648	-0.250906	0.050395	-0.118609	0.167784	-0.087687	-0.039401	0.081960	-0.078584	
0.151154	0.090341	0.009661	-0.597433	0.047788	-0.649402	1.000000	0.050662	-0.223743	0.325508	-0.035252	0.043996	-0.068523	0.039595	0.022843	-0.029951	0.012791	
0.420722	-0.255171	0.020427	-0.010490	0.183029	-0.185537	0.050662	1.000000	-0.820324	0.130714	-0.004709	0.026342	-0.035429	0.010407	0.122166	-0.096953	-0.045582	
-0.524279	0.299096	0.494699	-0.292153	-0.184951	0.293648	-0.223743	-0.820324	1.000000	-0.662664	-0.232547	-0.028327	0.085887	-0.083529	-0.085410	0.283393	-0.382405	
0.255411	-0.128972	-0.892685	0.518874	0.064206	-0.250906	0.325508	0.130714	-0.662664	1.000000	0.411905	0.006138	-0.092275	0.129372	-0.039183	-0.343589	0.736579	
0.118161	-0.252757	-0.473807	0.398201	-0.028995	0.050395	-0.035252	-0.004709	-0.232547	0.411905	1.000000	0.178638	0.365512	-0.781493	0.018148	-0.016316	-0.016082	
0.103241	0.156576	0.003118	-0.044099	0.103228	-0.118609	0.043996	0.026342	-0.028327	0.006138	0.178638	1.000000	-0.752566	-0.030334	0.139750	-0.093014	-0.059694	
-0.164292	-0.184814	0.076346	-0.005661	-0.142611	0.167784	-0.068523	-0.035429	0.085887	-0.092275	0.365512	-0.752566	1.000000	-0.627310	-0.114867	0.268896	-0.330639	
0.091127	0.073425	-0.118598	0.069262	0.073282	-0.087687	0.039595	0.010407	-0.083529	0.129372	-0.781493	-0.030334	-0.627310	1.000000	-0.000164	-0.289206	0.577753	
0.212434	-0.139545	0.032089	-0.026814	0.026105	-0.039401	0.022843	0.122166	-0.085410	-0.039183	0.018148	0.139750	-0.114867	-0.000164	1.000000	-0.852810	0.196748	
-0.317422	0.182565	0.379016	-0.289331	-0.073559	0.081960	-0.029951	-0.096953	0.283393	-0.343589	-0.016316	-0.093014	0.268896	-0.289206	-0.852810	1.000000	-0.661716	
0.194926	-0.089763	-0.789897	0.609108	0.088679	-0.078584	0.012791	-0.045582	-0.382405	0.736579	-0.016082	-0.059694	-0.330639	0.577753	0.196748	-0.661716	1.000000	

Time taken for mcmc chain: 3.195556 hours
