Number of steps: 18550936
Number of accepted steps: 2000000
Burn-in number of steps: 10000
Accepted fraction of steps: 0.107811
Convergence Status
R[0]= 1.000448	R[1]= 1.000239	R[2]= 1.003231	R[3]= 1.000810	R[4]= 1.000251	R[5]= 1.000392	R[6]= 1.000529	R[7]= 1.000305	R[8]= 1.000372	R[9]= 1.000817	R[10]= 1.001314	R[11]= 1.000531	R[12]= 1.000966	R[13]= 1.000693	R[14]= 1.000217	R[15]= 1.000370	R[16]= 1.001008	
<R>= 1.000735

Mean parameters
A[0]= 1.012815 pm 0.089982
A[1]= 1.026524 pm 0.063295
A[2]= 0.578436 pm 0.410097
A[3]= 3.766998 pm 1.239232
A[4]= 2539.085902 pm 5078.700675
A[5]= -887.271675 pm 1559.949375
A[6]= 462.403737 pm 402.859808
A[7]= -2038.697594 pm 9470.282200
A[8]= 1111.861379 pm 3042.439082
A[9]= -282.649071 pm 642.291875
A[10]= 4.492738 pm 1.757356
A[11]= 8018.922714 pm 6447.115453
A[12]= -1635.540205 pm 2186.247142
A[13]= 279.159438 pm 596.926797
A[14]= 6517.742314 pm 9480.765558
A[15]= -435.543714 pm 3329.342284
A[16]= -470.578462 pm 807.650968

Best-fitting parameters
A[0]= 0.998556
A[1]= 1.018448
A[2]= 0.949328
A[3]= 2.800664
A[4]= -404.897600
A[5]= -245.773700
A[6]= 487.384700
A[7]= -7707.419000
A[8]= 3954.016000
A[9]= -916.459900
A[10]= 3.440099
A[11]= 9327.299000
A[12]= -1999.866000
A[13]= 318.731800
A[14]= 18669.070000
A[15]= -2230.479000
A[16]= -935.063800
chi2_min= 62.352500


Cross-Covariance parameters
1.000000	-0.422652	-0.249464	0.112077	0.149490	-0.228887	0.120343	0.337497	-0.411935	0.146510	0.070051	0.087475	-0.168088	0.113689	0.213436	-0.308949	0.114498	
-0.422652	1.000000	0.201285	-0.198117	0.296651	-0.245830	-0.023813	-0.222894	0.265210	-0.083712	-0.365693	0.178208	-0.297439	0.208866	-0.167350	0.146778	0.043132	
-0.249464	0.201285	1.000000	-0.634167	-0.059293	0.087081	-0.051788	0.034295	0.432405	-0.825028	-0.542107	-0.021536	0.037450	-0.027035	-0.002048	0.503290	-0.788251	
0.112077	-0.198117	-0.634167	1.000000	0.171560	0.308985	-0.683861	-0.012899	-0.147074	0.281110	0.400710	-0.004301	0.031615	-0.037026	0.001986	-0.308734	0.486081	
0.149490	0.296651	-0.059293	0.171560	1.000000	-0.750673	-0.051324	0.122480	-0.102749	0.005424	-0.102841	0.120424	-0.191445	0.122592	-0.001291	-0.063792	0.095857	
-0.228887	-0.245830	0.087081	0.308985	-0.750673	1.000000	-0.611977	-0.132209	0.279960	-0.301267	0.097567	-0.113095	0.210903	-0.156411	-0.011713	0.103657	-0.133786	
0.120343	-0.023813	-0.051788	-0.683861	-0.051324	-0.611977	1.000000	0.043026	-0.288182	0.447538	-0.005062	0.006030	-0.054487	0.066445	0.014217	-0.065528	0.073745	
0.337497	-0.222894	0.034295	-0.012899	0.122480	-0.132209	0.043026	1.000000	-0.828846	0.141560	-0.007983	0.002514	-0.012610	0.006513	0.095202	-0.052237	-0.077967	
-0.411935	0.265210	0.432405	-0.147074	-0.102749	0.279960	-0.288182	-0.828846	1.000000	-0.654761	-0.239147	-0.015838	0.048806	-0.042647	-0.078769	0.293284	-0.328056	
0.146510	-0.083712	-0.825028	0.281110	0.005424	-0.301267	0.447538	0.141560	-0.654761	1.000000	0.437443	0.021639	-0.063909	0.064885	-0.025096	-0.430035	0.717346	
0.070051	-0.365693	-0.542107	0.400710	-0.102841	0.097567	-0.005062	-0.007983	-0.239147	0.437443	1.000000	0.108162	0.468794	-0.776935	0.015173	-0.086211	0.102048	
0.087475	0.178208	-0.021536	-0.004301	0.120424	-0.113095	0.006030	0.002514	-0.015838	0.021639	0.108162	1.000000	-0.702580	0.009395	0.088172	-0.053318	-0.025841	
-0.168088	-0.297439	0.037450	0.031615	-0.191445	0.210903	-0.054487	-0.012610	0.048806	-0.063909	0.468794	-0.702580	1.000000	-0.709587	-0.070256	0.261138	-0.324835	
0.113689	0.208866	-0.027035	-0.037026	0.122592	-0.156411	0.066445	0.006513	-0.042647	0.064885	-0.776935	0.009395	-0.709587	1.000000	0.009258	-0.310267	0.485632	
0.213436	-0.167350	-0.002048	0.001986	-0.001291	-0.011713	0.014217	0.095202	-0.078769	-0.025096	0.015173	0.088172	-0.070256	0.009258	1.000000	-0.761362	0.133303	
-0.308949	0.146778	0.503290	-0.308734	-0.063792	0.103657	-0.065528	-0.052237	0.293284	-0.430035	-0.086211	-0.053318	0.261138	-0.310267	-0.761362	1.000000	-0.720240	
0.114498	0.043132	-0.788251	0.486081	0.095857	-0.133786	0.073745	-0.077967	-0.328056	0.717346	0.102048	-0.025841	-0.324835	0.485632	0.133303	-0.720240	1.000000	

Time taken for mcmc chain: 5.654722 hours
