Number of steps: 2137813
Number of accepted steps: 790000
Burn-in number of steps: 10000
Accepted fraction of steps: 0.369537
Convergence Status
R[0]= 1.000558	R[1]= 1.000208	R[2]= 1.000810	R[3]= 1.000814	R[4]= 1.000252	R[5]= 1.000410	R[6]= 1.000487	R[7]= 1.000359	R[8]= 1.000229	R[9]= 1.000596	R[10]= 1.000726	R[11]= 1.000530	R[12]= 1.000329	R[13]= 1.000635	R[14]= 1.000284	R[15]= 1.000096	R[16]= 1.000310	
<R>= 1.000449

Mean parameters
A[0]= 1.070990 pm 0.045523
A[1]= 0.987742 pm 0.021856
A[2]= 0.193975 pm 0.145517
A[3]= 5.404868 pm 0.784630
A[4]= -364.413756 pm 3082.103802
A[5]= 587.417533 pm 929.620566
A[6]= 79.391485 pm 223.692510
A[7]= 11097.475223 pm 5634.757489
A[8]= -5070.839141 pm 1700.018867
A[9]= 513.265642 pm 333.968955
A[10]= 4.591305 pm 1.115179
A[11]= 5628.093399 pm 4761.447568
A[12]= -1308.102134 pm 1348.047703
A[13]= 397.787111 pm 345.283743
A[14]= -3144.869308 pm 8911.447197
A[15]= -715.556669 pm 2498.211064
A[16]= 275.451843 pm 314.343865

Best-fitting parameters
A[0]= 1.094991
A[1]= 0.986501
A[2]= 0.091146
A[3]= 5.573807
A[4]= -1186.070000
A[5]= 613.531800
A[6]= 120.497500
A[7]= 15108.970000
A[8]= -6757.336000
A[9]= 792.726800
A[10]= 5.717079
A[11]= 9110.745000
A[12]= -1592.349000
A[13]= 172.245300
A[14]= -4576.376000
A[15]= -574.243600
A[16]= 345.383900
chi2_min= 70.210830


Cross-Covariance parameters
1.000000	-0.396651	-0.210774	0.039085	0.158543	-0.217111	0.100590	0.313003	-0.372159	0.104401	0.092120	0.119969	-0.109522	-0.016878	0.195335	-0.235132	0.076447	
-0.396651	1.000000	0.158191	-0.239879	0.203493	-0.255467	0.115656	-0.207144	0.228476	-0.038286	-0.119850	0.124311	-0.143044	0.042263	-0.130706	0.150681	-0.044495	
-0.210774	0.158191	1.000000	-0.531684	-0.017216	0.069564	-0.096151	0.050931	0.421718	-0.917842	-0.397256	-0.021458	-0.013335	0.047715	0.053549	0.198655	-0.752981	
0.039085	-0.239879	-0.531684	1.000000	0.148599	0.356214	-0.764428	-0.000137	-0.175162	0.329450	0.236934	-0.030361	0.060922	-0.047174	-0.037067	-0.093249	0.388344	
0.158543	0.203493	-0.017216	0.148599	1.000000	-0.781479	0.005818	0.148810	-0.137002	0.014614	0.011188	0.082736	-0.067824	-0.015652	0.015810	-0.017862	0.000994	
-0.217111	-0.255467	0.069564	0.356214	-0.781479	1.000000	-0.619545	-0.127706	0.204666	-0.191295	-0.013543	-0.099341	0.094381	-0.000390	-0.022417	0.041066	-0.051323	
0.100590	0.115656	-0.096151	-0.764428	0.005818	-0.619545	1.000000	-0.001559	-0.138814	0.294139	0.013465	0.038214	-0.047717	0.018020	0.008482	-0.037137	0.087228	
0.313003	-0.207144	0.050931	-0.000137	0.148810	-0.127706	-0.001559	1.000000	-0.858758	0.148548	-0.016906	0.013611	-0.017627	0.001912	0.075813	-0.057732	-0.071386	
-0.372159	0.228476	0.421718	-0.175162	-0.137002	0.204666	-0.138814	-0.858758	1.000000	-0.615109	-0.165246	-0.023079	0.014549	0.015158	-0.039249	0.143182	-0.294521	
0.104401	-0.038286	-0.917842	0.329450	0.014614	-0.191295	0.294139	0.148548	-0.615109	1.000000	0.351890	0.015012	0.008014	-0.031117	-0.074634	-0.162822	0.711761	
0.092120	-0.119850	-0.397256	0.236934	0.011188	-0.013543	0.013465	-0.016906	-0.165246	0.351890	1.000000	0.250642	0.369964	-0.906810	0.020347	-0.032647	0.006051	
0.119969	0.124311	-0.021458	-0.030361	0.082736	-0.099341	0.038214	0.013611	-0.023079	0.015012	0.250642	1.000000	-0.763710	-0.076184	0.153643	-0.148289	0.007451	
-0.109522	-0.143044	-0.013335	0.060922	-0.067824	0.094381	-0.047717	-0.017627	0.014549	0.008014	0.369964	-0.763710	1.000000	-0.576658	-0.127418	0.186301	-0.213971	
-0.016878	0.042263	0.047715	-0.047174	-0.015652	-0.000390	0.018020	0.001912	0.015158	-0.031117	-0.906810	-0.076184	-0.576658	1.000000	-0.007926	-0.087054	0.320758	
0.195335	-0.130706	0.053549	-0.037067	0.015810	-0.022417	0.008482	0.075813	-0.039249	-0.074634	0.020347	0.153643	-0.127418	-0.007926	1.000000	-0.939244	0.358003	
-0.235132	0.150681	0.198655	-0.093249	-0.017862	0.041066	-0.037137	-0.057732	0.143182	-0.162822	-0.032647	-0.148289	0.186301	-0.087054	-0.939244	1.000000	-0.630912	
0.076447	-0.044495	-0.752981	0.388344	0.000994	-0.051323	0.087228	-0.071386	-0.294521	0.711761	0.006051	0.007451	-0.213971	0.320758	0.358003	-0.630912	1.000000	

Time taken for mcmc chain: 39.183333 minutes
