Number of steps: 2849544
Number of accepted steps: 1190000
Burn-in number of steps: 10000
Accepted fraction of steps: 0.417611
Convergence Status
R[0]= 1.000310	R[1]= 1.000245	R[2]= 1.000811	R[3]= 1.000734	R[4]= 1.000193	R[5]= 1.000368	R[6]= 1.000914	R[7]= 1.000768	R[8]= 1.000765	R[9]= 1.000831	R[10]= 1.000229	R[11]= 1.000768	R[12]= 1.000646	R[13]= 1.000184	R[14]= 1.000085	R[15]= 1.000203	R[16]= 1.000642	
<R>= 1.000512

Mean parameters
A[0]= 0.980726 pm 0.052801
A[1]= 1.027773 pm 0.018283
A[2]= 0.124712 pm 0.105900
A[3]= 6.240811 pm 0.782407
A[4]= 8878.875948 pm 3119.458809
A[5]= -1166.493572 pm 948.451716
A[6]= 6.852946 pm 222.579698
A[7]= -9010.491381 pm 6327.369269
A[8]= 398.882209 pm 1843.434354
A[9]= 457.387212 pm 281.847062
A[10]= 5.061707 pm 1.081685
A[11]= 10515.900412 pm 4477.337234
A[12]= -2706.151146 pm 1291.907126
A[13]= 426.204330 pm 342.255668
A[14]= -9705.394048 pm 7192.863022
A[15]= 532.090428 pm 2083.118870
A[16]= 428.071057 pm 268.656491

Best-fitting parameters
A[0]= 0.980716
A[1]= 1.027546
A[2]= 0.027518
A[3]= 6.974875
A[4]= 8334.736000
A[5]= -794.429100
A[6]= -103.161100
A[7]= -14029.720000
A[8]= 1215.307000
A[9]= 613.636000
A[10]= 4.627336
A[11]= 7436.163000
A[12]= -2503.033000
A[13]= 624.731400
A[14]= -16317.990000
A[15]= 1848.911000
A[16]= 532.917100
chi2_min= 67.917310


Cross-Covariance parameters
1.000000	-0.450240	-0.180795	-0.093550	0.230105	-0.332151	0.169785	0.409932	-0.420648	0.004261	0.070150	0.151320	-0.130571	-0.038701	0.179834	-0.192215	-0.065096	
-0.450240	1.000000	0.126384	-0.120765	0.136318	-0.137420	0.042194	-0.281927	0.277033	0.008097	-0.121206	0.084071	-0.119947	0.075032	-0.133673	0.133837	0.044683	
-0.180795	0.126384	1.000000	-0.480115	-0.075018	0.117415	-0.080154	0.004127	0.357012	-0.891793	-0.242117	-0.019139	0.077473	-0.082380	0.005826	0.258516	-0.773920	
-0.093550	-0.120765	-0.480115	1.000000	0.170023	0.354530	-0.807370	-0.112416	-0.030478	0.345844	0.134828	-0.037841	0.016858	0.029487	-0.031861	-0.098631	0.397637	
0.230105	0.136318	-0.075018	0.170023	1.000000	-0.786984	0.019431	0.169906	-0.185109	0.074444	-0.009781	0.081672	-0.093684	0.022696	0.025825	-0.040590	0.025661	
-0.332151	-0.137420	0.117415	0.354530	-0.786984	1.000000	-0.622492	-0.238974	0.298510	-0.185024	0.008058	-0.101048	0.119960	-0.031356	-0.044242	0.068269	-0.044910	
0.169785	0.042194	-0.080154	-0.807370	0.019431	-0.622492	1.000000	0.143393	-0.216120	0.199847	-0.002701	0.040705	-0.056420	0.022336	0.028358	-0.046159	0.041737	
0.409932	-0.281927	0.004127	-0.112416	0.169906	-0.238974	0.143393	1.000000	-0.914353	0.231381	0.012199	0.041672	-0.031231	-0.021334	0.094908	-0.077806	-0.087883	
-0.420648	0.277033	0.357012	-0.030478	-0.185109	0.298510	-0.216120	-0.914353	1.000000	-0.582062	-0.097182	-0.044377	0.057071	-0.011981	-0.081756	0.162530	-0.205365	
0.004261	0.008097	-0.891793	0.345844	0.074444	-0.185024	0.199847	0.231381	-0.582062	1.000000	0.203440	0.001507	-0.064177	0.090938	-0.030485	-0.212772	0.733434	
0.070150	-0.121206	-0.242117	0.134828	-0.009781	0.008058	-0.002701	0.012199	-0.097182	0.203440	1.000000	0.262790	0.395205	-0.919985	-0.063122	0.064221	-0.011874	
0.151320	0.084071	-0.019139	-0.037841	0.081672	-0.101048	0.040705	0.041672	-0.044377	0.001507	0.262790	1.000000	-0.739733	-0.086018	0.093938	-0.093268	0.005870	
-0.130571	-0.119947	0.077473	0.016858	-0.093684	0.119960	-0.056420	-0.031231	0.057071	-0.064177	0.395205	-0.739733	1.000000	-0.597303	-0.135988	0.207485	-0.213385	
-0.038701	0.075032	-0.082380	0.029487	0.022696	-0.031356	0.022336	-0.021334	-0.011981	0.090938	-0.919985	-0.086018	-0.597303	1.000000	0.080906	-0.181183	0.304929	
0.179834	-0.133673	0.005826	-0.031861	0.025825	-0.044242	0.028358	0.094908	-0.081756	-0.030485	-0.063122	0.093938	-0.135988	0.080906	1.000000	-0.927953	0.385725	
-0.192215	0.133837	0.258516	-0.098631	-0.040590	0.068269	-0.046159	-0.077806	0.162530	-0.212772	0.064221	-0.093268	0.207485	-0.181183	-0.927953	1.000000	-0.666674	
-0.065096	0.044683	-0.773920	0.397637	0.025661	-0.044910	0.041737	-0.087883	-0.205365	0.733434	-0.011874	0.005870	-0.213385	0.304929	0.385725	-0.666674	1.000000	

Time taken for mcmc chain: 58.750000 minutes
