Number of steps: 7075328
Number of accepted steps: 2000000
Burn-in number of steps: 10000
Accepted fraction of steps: 0.282672
Convergence Status
R[0]= 1.000332	R[1]= 1.000268	R[2]= 1.001503	R[3]= 1.001706	R[4]= 1.000202	R[5]= 1.000147	R[6]= 1.000711	R[7]= 1.000173	R[8]= 1.000211	R[9]= 1.000882	R[10]= 1.000795	R[11]= 1.000465	R[12]= 1.000438	R[13]= 1.000463	R[14]= 1.000244	R[15]= 1.000243	R[16]= 1.000871	
<R>= 1.000568

Mean parameters
A[0]= 1.032561 pm 0.043908
A[1]= 1.034613 pm 0.025747
A[2]= 0.390769 pm 0.228123
A[3]= 4.052433 pm 0.778028
A[4]= 5324.784111 pm 3156.831582
A[5]= -1555.533809 pm 895.759841
A[6]= 431.513553 pm 217.705218
A[7]= 63.133586 pm 7101.773241
A[8]= -989.809890 pm 2065.864453
A[9]= 109.536330 pm 397.234618
A[10]= 4.579614 pm 1.046783
A[11]= 9547.580804 pm 4660.280939
A[12]= -1594.002528 pm 1336.946618
A[13]= 175.091364 pm 352.782560
A[14]= -5278.726716 pm 8651.479781
A[15]= 806.491088 pm 2572.350281
A[16]= -138.392842 pm 498.057862

Best-fitting parameters
A[0]= 1.020983
A[1]= 1.020850
A[2]= 0.327846
A[3]= 4.096820
A[4]= 3368.607000
A[5]= -1134.651000
A[6]= 450.991600
A[7]= 431.045100
A[8]= -1458.862000
A[9]= 233.816100
A[10]= 5.216345
A[11]= 8785.998000
A[12]= -993.162200
A[13]= 7.015124
A[14]= -6832.627000
A[15]= 1045.647000
A[16]= -105.668200
chi2_min= 58.166530


Cross-Covariance parameters
1.000000	-0.417456	-0.216500	0.111816	0.161292	-0.219799	0.085681	0.349017	-0.420153	0.169825	0.054414	0.092678	-0.169578	0.103228	0.226563	-0.304140	0.145183	
-0.417456	1.000000	0.126495	-0.143156	0.211319	-0.204013	0.009421	-0.256465	0.275000	-0.074852	-0.241322	0.133312	-0.212765	0.139397	-0.178297	0.177282	-0.008139	
-0.216500	0.126495	1.000000	-0.692872	-0.077476	0.096200	-0.043391	0.118737	0.344120	-0.902890	-0.485769	-0.012790	0.108875	-0.143904	0.093408	0.347642	-0.863420	
0.111816	-0.143156	-0.692872	1.000000	0.235993	0.200332	-0.657185	-0.094900	-0.144079	0.452281	0.363813	-0.008745	-0.041206	0.073553	-0.067458	-0.235196	0.592739	
0.161292	0.211319	-0.077476	0.235993	1.000000	-0.785751	-0.071381	0.142131	-0.146223	0.046184	-0.031299	0.077234	-0.126476	0.077335	0.000889	-0.047144	0.085102	
-0.219799	-0.204013	0.096200	0.200332	-0.785751	1.000000	-0.551346	-0.168771	0.265123	-0.239190	0.036131	-0.081954	0.145933	-0.098430	-0.010913	0.067877	-0.106174	
0.085681	0.009421	-0.043391	-0.657185	-0.071381	-0.551346	1.000000	0.062887	-0.208996	0.317422	-0.004081	0.012081	-0.038113	0.038184	0.010219	-0.034390	0.047453	
0.349017	-0.256465	0.118737	-0.094900	0.142131	-0.168771	0.062887	1.000000	-0.867550	0.117362	-0.049454	0.010093	-0.004520	-0.016175	0.128299	-0.059331	-0.132701	
-0.420153	0.275000	0.344120	-0.144079	-0.146223	0.265123	-0.208996	-0.867550	1.000000	-0.583399	-0.168520	-0.016588	0.061191	-0.059365	-0.074110	0.213778	-0.275824	
0.169825	-0.074852	-0.902890	0.452281	0.046184	-0.239190	0.317422	0.117362	-0.583399	1.000000	0.429143	0.009673	-0.106482	0.144485	-0.093088	-0.311283	0.792999	
0.054414	-0.241322	-0.485769	0.363813	-0.031299	0.036131	-0.004081	-0.049454	-0.168520	0.429143	1.000000	0.237076	0.307475	-0.763553	-0.041029	-0.036480	0.141902	
0.092678	0.133312	-0.012790	-0.008745	0.077234	-0.081954	0.012081	0.010093	-0.016588	0.009673	0.237076	1.000000	-0.744521	-0.090383	0.116732	-0.085524	-0.039368	
-0.169578	-0.212765	0.108875	-0.041206	-0.126476	0.145933	-0.038113	-0.004520	0.061191	-0.106482	0.307475	-0.744521	1.000000	-0.588653	-0.108719	0.241255	-0.283504	
0.103228	0.139397	-0.143904	0.073553	0.077335	-0.098430	0.038184	-0.016175	-0.059365	0.144485	-0.763553	-0.090383	-0.588653	1.000000	0.013266	-0.246778	0.472068	
0.226563	-0.178297	0.093408	-0.067458	0.000889	-0.010913	0.010219	0.128299	-0.074110	-0.093088	-0.041029	0.116732	-0.108719	0.013266	1.000000	-0.860099	0.154274	
-0.304140	0.177282	0.347642	-0.235196	-0.047144	0.067877	-0.034390	-0.059331	0.213778	-0.311283	-0.036480	-0.085524	0.241255	-0.246778	-0.860099	1.000000	-0.618537	
0.145183	-0.008139	-0.863420	0.592739	0.085102	-0.106174	0.047453	-0.132701	-0.275824	0.792999	0.141902	-0.039368	-0.283504	0.472068	0.154274	-0.618537	1.000000	

Time taken for mcmc chain: 2.346111 hours
