Number of steps: 6879787
Number of accepted steps: 1530000
Burn-in number of steps: 10000
Accepted fraction of steps: 0.222391
Convergence Status
R[0]= 1.000298	R[1]= 1.000854	R[2]= 1.000818	R[3]= 1.000870	R[4]= 1.000316	R[5]= 1.000636	R[6]= 1.000513	R[7]= 1.000804	R[8]= 1.000582	R[9]= 1.000490	R[10]= 1.000360	R[11]= 1.000114	R[12]= 1.000071	R[13]= 1.000144	R[14]= 1.000424	R[15]= 1.000253	R[16]= 1.000361	
<R>= 1.000465

Mean parameters
A[0]= 1.019375 pm 0.127127
A[1]= 0.978642 pm 0.052595
A[2]= 0.201910 pm 0.180230
A[3]= 5.426142 pm 1.449815
A[4]= 7241.602974 pm 5088.372758
A[5]= -1989.390677 pm 1759.724293
A[6]= 431.572035 pm 424.636069
A[7]= -6051.720313 pm 8963.926016
A[8]= 8.254435 pm 2656.169325
A[9]= 227.370549 pm 402.071452
A[10]= 7.371596 pm 1.940866
A[11]= 2170.104323 pm 7530.750038
A[12]= 1626.147061 pm 2557.819903
A[13]= -385.951528 pm 601.056792
A[14]= 4342.941601 pm 10358.391511
A[15]= -2587.214053 pm 3252.390190
A[16]= 184.139313 pm 562.321149

Best-fitting parameters
A[0]= 1.133329
A[1]= 0.957262
A[2]= 0.021960
A[3]= 5.359666
A[4]= 7884.421000
A[5]= -2592.743000
A[6]= 594.848200
A[7]= -7330.296000
A[8]= -477.240300
A[9]= 431.610300
A[10]= 8.690063
A[11]= 11670.940000
A[12]= -673.353100
A[13]= -421.035800
A[14]= 15430.670000
A[15]= -7049.826000
A[16]= 677.470300
chi2_min= 52.347080


Cross-Covariance parameters
1.000000	-0.379353	-0.239911	0.048442	0.331079	-0.290613	0.011108	0.415147	-0.407438	-0.134333	-0.136138	0.285796	-0.388995	0.214483	0.369059	-0.386297	-0.118624	
-0.379353	1.000000	0.222547	-0.398064	0.204593	-0.346844	0.293401	-0.250271	0.241623	0.106693	-0.130538	0.221751	-0.168077	-0.017658	-0.239241	0.253435	0.041509	
-0.239911	0.222547	1.000000	-0.443590	-0.071560	0.022273	0.056220	-0.069185	0.378245	-0.748257	-0.367207	-0.042005	0.070989	-0.053959	-0.070374	0.439562	-0.782116	
0.048442	-0.398064	-0.443590	1.000000	0.017702	0.552292	-0.893285	0.063433	-0.106486	0.082089	0.230854	-0.121632	0.115031	-0.022928	0.053425	-0.200954	0.315315	
0.331079	0.204593	-0.071560	0.017702	1.000000	-0.773179	0.105479	0.193286	-0.194811	0.005961	-0.102467	0.234340	-0.262204	0.098267	0.090879	-0.107117	-0.010073	
-0.290613	-0.346844	0.022273	0.552292	-0.773179	1.000000	-0.702835	-0.138572	0.205109	-0.176222	0.135509	-0.267424	0.295261	-0.109051	-0.056438	0.069231	0.010672	
0.011108	0.293401	0.056220	-0.893285	0.105479	-0.702835	1.000000	-0.023389	-0.081130	0.284574	-0.078325	0.115932	-0.122097	0.042328	-0.035131	0.033808	0.004214	
0.415147	-0.250271	-0.069185	0.063433	0.193286	-0.138572	-0.023389	1.000000	-0.916205	0.198350	-0.059173	0.072498	-0.122888	0.088080	0.161762	-0.157911	-0.080854	
-0.407438	0.241623	0.378245	-0.106486	-0.194811	0.205109	-0.081130	-0.916205	1.000000	-0.535486	-0.068643	-0.077685	0.128585	-0.091975	-0.144145	0.267224	-0.201992	
-0.134333	0.106693	-0.748257	0.082089	0.005961	-0.176222	0.284574	0.198350	-0.535486	1.000000	0.328019	-0.009524	0.018848	-0.010948	-0.092728	-0.226814	0.730973	
-0.136138	-0.130538	-0.367207	0.230854	-0.102467	0.135509	-0.078325	-0.059173	-0.068643	0.328019	1.000000	0.030902	0.521941	-0.876555	-0.044072	-0.007312	0.112665	
0.285796	0.221751	-0.042005	-0.121632	0.234340	-0.267424	0.115932	0.072498	-0.077685	-0.009524	0.030902	1.000000	-0.781189	0.104032	0.163859	-0.158789	-0.020551	
-0.388995	-0.168077	0.070989	0.115031	-0.262204	0.295261	-0.122097	-0.122888	0.128585	0.018848	0.521941	-0.781189	1.000000	-0.692010	-0.189234	0.266039	-0.145965	
0.214483	-0.017658	-0.053959	-0.022928	0.098267	-0.109051	0.042328	0.088080	-0.091975	-0.010948	-0.876555	0.104032	-0.692010	1.000000	0.094802	-0.222965	0.275143	
0.369059	-0.239241	-0.070374	0.053425	0.090879	-0.056438	-0.035131	0.161762	-0.144145	-0.092728	-0.044072	0.163859	-0.189234	0.094802	1.000000	-0.878734	0.178084	
-0.386297	0.253435	0.439562	-0.200954	-0.107117	0.069231	0.033808	-0.157911	0.267224	-0.226814	-0.007312	-0.158789	0.266039	-0.222965	-0.878734	1.000000	-0.574434	
-0.118624	0.041509	-0.782116	0.315315	-0.010073	0.010672	0.004214	-0.080854	-0.201992	0.730973	0.112665	-0.020551	-0.145965	0.275143	0.178084	-0.574434	1.000000	

Time taken for mcmc chain: 2.286111 hours
