Number of steps: 6901732
Number of accepted steps: 2000000
Burn-in number of steps: 10000
Accepted fraction of steps: 0.289782
Convergence Status
R[0]= 1.000267	R[1]= 1.001243	R[2]= 1.007159	R[3]= 1.001983	R[4]= 1.000109	R[5]= 1.000393	R[6]= 1.000399	R[7]= 1.000052	R[8]= 1.000424	R[9]= 1.003276	R[10]= 1.002755	R[11]= 1.000301	R[12]= 1.001156	R[13]= 1.001038	R[14]= 1.000349	R[15]= 1.001993	R[16]= 1.003889	
<R>= 1.001576

Mean parameters
A[0]= 1.141052 pm 0.095934
A[1]= 0.979935 pm 0.029263
A[2]= 0.188792 pm 0.167864
A[3]= 6.216386 pm 1.249216
A[4]= 11077.115200 pm 4561.554718
A[5]= -2134.848740 pm 1444.825630
A[6]= 107.569961 pm 384.718458
A[7]= 803.872938 pm 9688.859661
A[8]= -1669.875271 pm 2830.544370
A[9]= 78.110577 pm 440.012306
A[10]= 8.648810 pm 1.957274
A[11]= 11410.142343 pm 5615.228677
A[12]= -288.136288 pm 2028.532068
A[13]= -686.187925 pm 572.566871
A[14]= 13777.412484 pm 5738.230139
A[15]= -3873.548465 pm 2201.313587
A[16]= -72.538879 pm 554.888213

Best-fitting parameters
A[0]= 1.178159
A[1]= 0.973693
A[2]= 0.075544
A[3]= 6.778539
A[4]= 12656.560000
A[5]= -2368.981000
A[6]= 59.452010
A[7]= 830.972000
A[8]= -2385.076000
A[9]= 306.344200
A[10]= 8.207505
A[11]= 14491.220000
A[12]= -1969.855000
A[13]= -329.385200
A[14]= 18763.600000
A[15]= -6281.011000
A[16]= 401.061900
chi2_min= 60.897720


Cross-Covariance parameters
1.000000	-0.393989	-0.246105	0.048829	0.281396	-0.309393	0.056256	0.389974	-0.448864	0.056483	-0.124581	0.183445	-0.347367	0.226057	0.214001	-0.341549	-0.009099	
-0.393989	1.000000	0.201563	-0.241166	0.123397	-0.181543	0.109029	-0.229004	0.264447	-0.036964	-0.179811	0.114458	-0.134081	0.061595	-0.123889	0.172530	0.033894	
-0.246105	0.201563	1.000000	-0.424136	-0.029692	0.059627	-0.048850	0.024910	0.324173	-0.839551	-0.508128	-0.069465	-0.036463	0.126180	-0.014007	0.570570	-0.832672	
0.048829	-0.241166	-0.424136	1.000000	0.171998	0.441116	-0.857618	0.076990	-0.135384	0.119935	0.269211	-0.014311	0.091368	-0.103818	0.013542	-0.226985	0.329578	
0.281396	0.123397	-0.029692	0.171998	1.000000	-0.735116	-0.040257	0.222881	-0.212096	-0.018310	-0.105239	0.110380	-0.179544	0.105795	0.063280	-0.082781	-0.013489	
-0.309393	-0.181543	0.059627	0.441116	-0.735116	1.000000	-0.636527	-0.143533	0.221738	-0.206674	0.112183	-0.125834	0.209754	-0.128137	-0.054154	0.109476	-0.033283	
0.056256	0.109029	-0.048850	-0.857618	-0.040257	-0.636527	1.000000	-0.072923	-0.054147	0.334971	-0.016525	0.034028	-0.058911	0.038802	-0.008072	-0.045710	0.070831	
0.389974	-0.229004	0.024910	0.076990	0.222881	-0.143533	-0.072923	1.000000	-0.912621	0.176172	-0.099187	0.043868	-0.120272	0.096324	0.090633	-0.064658	-0.127916	
-0.448864	0.264447	0.324173	-0.135384	-0.212096	0.221738	-0.054147	-0.912621	1.000000	-0.532186	-0.081531	-0.067740	0.105525	-0.051329	-0.085172	0.261961	-0.180888	
0.056483	-0.036964	-0.839551	0.119935	-0.018310	-0.206674	0.334971	0.176172	-0.532186	1.000000	0.456389	0.041625	0.068476	-0.133139	-0.035001	-0.453420	0.762407	
-0.124581	-0.179811	-0.508128	0.269211	-0.105239	0.112183	-0.016525	-0.099187	-0.081531	0.456389	1.000000	0.114683	0.568914	-0.894570	-0.013716	-0.142448	0.216740	
0.183445	0.114458	-0.069465	-0.014311	0.110380	-0.125834	0.034028	0.043868	-0.067740	0.041625	0.114683	1.000000	-0.677082	0.019032	0.095038	-0.110778	-0.003394	
-0.347367	-0.134081	-0.036463	0.091368	-0.179544	0.209754	-0.058911	-0.120272	0.105525	0.068476	0.568914	-0.677082	1.000000	-0.736783	-0.096602	0.184317	-0.112436	
0.226057	0.061595	0.126180	-0.103818	0.105795	-0.128137	0.038802	0.096324	-0.051329	-0.133139	-0.894570	0.019032	-0.736783	1.000000	0.027499	-0.124414	0.167830	
0.214001	-0.123889	-0.014007	0.013542	0.063280	-0.054154	-0.008072	0.090633	-0.085172	-0.035001	-0.013716	0.095038	-0.096602	0.027499	1.000000	-0.716953	0.101996	
-0.341549	0.172530	0.570570	-0.226985	-0.082781	0.109476	-0.045710	-0.064658	0.261961	-0.453420	-0.142448	-0.110778	0.184317	-0.124414	-0.716953	1.000000	-0.693468	
-0.009099	0.033894	-0.832672	0.329578	-0.013489	-0.033283	0.070831	-0.127916	-0.180888	0.762407	0.216740	-0.003394	-0.112436	0.167830	0.101996	-0.693468	1.000000	

Time taken for mcmc chain: 2.302500 hours
