Number of steps: 9302950
Number of accepted steps: 2000000
Burn-in number of steps: 10000
Accepted fraction of steps: 0.214986
Convergence Status
R[0]= 1.000269	R[1]= 1.000838	R[2]= 1.000399	R[3]= 1.000925	R[4]= 1.000364	R[5]= 1.000558	R[6]= 1.001379	R[7]= 1.000593	R[8]= 1.000388	R[9]= 1.000226	R[10]= 1.000482	R[11]= 1.000143	R[12]= 1.000430	R[13]= 1.000842	R[14]= 1.000197	R[15]= 1.000334	R[16]= 1.000661	
<R>= 1.000531

Mean parameters
A[0]= 0.977008 pm 0.063816
A[1]= 1.000471 pm 0.033835
A[2]= 0.444544 pm 0.280066
A[3]= 3.866700 pm 0.856859
A[4]= 2833.245265 pm 3081.403707
A[5]= -904.407866 pm 993.732920
A[6]= 470.743239 pm 238.475994
A[7]= 8927.120982 pm 6372.958958
A[8]= -3003.132380 pm 2111.028623
A[9]= 155.637993 pm 441.863781
A[10]= 3.350292 pm 1.044760
A[11]= -8504.479541 pm 4616.583443
A[12]= 1665.626132 pm 1403.332945
A[13]= 457.548138 pm 363.623742
A[14]= -6942.923274 pm 8188.519427
A[15]= 1180.533773 pm 2540.597906
A[16]= -20.313249 pm 455.352683

Best-fitting parameters
A[0]= 0.980475
A[1]= 0.995762
A[2]= 0.413475
A[3]= 3.518738
A[4]= 2708.094000
A[5]= -1230.131000
A[6]= 615.686100
A[7]= 9142.360000
A[8]= -3311.070000
A[9]= 245.899400
A[10]= 3.427472
A[11]= -8657.455000
A[12]= 1636.618000
A[13]= 452.566800
A[14]= -9918.486000
A[15]= 1802.607000
A[16]= -41.645790
chi2_min= 57.359680


Cross-Covariance parameters
1.000000	-0.462652	-0.280422	0.082066	0.181838	-0.298709	0.199665	0.404036	-0.476224	0.200740	0.166969	0.141494	-0.136345	-0.001747	0.224627	-0.283585	0.115514	
-0.462652	1.000000	0.213773	-0.244818	0.188588	-0.173303	0.030421	-0.282842	0.306532	-0.104025	-0.227694	0.103402	-0.141721	0.081598	-0.162559	0.183936	-0.054251	
-0.280422	0.213773	1.000000	-0.697422	-0.081823	0.122387	-0.081936	-0.029912	0.526643	-0.904215	-0.441370	-0.040592	0.116651	-0.116500	-0.023477	0.400540	-0.801690	
0.082066	-0.244818	-0.697422	1.000000	0.124704	0.291211	-0.618676	-0.030897	-0.230120	0.461976	0.325174	-0.022402	-0.027991	0.069833	0.004114	-0.268053	0.565111	
0.181838	0.188588	-0.081823	0.124704	1.000000	-0.771034	0.066378	0.156320	-0.163129	0.072986	0.002326	0.086475	-0.104422	0.037066	0.025977	-0.061050	0.072652	
-0.298709	-0.173303	0.122387	0.291211	-0.771034	1.000000	-0.678039	-0.209835	0.329895	-0.287419	-0.019023	-0.114185	0.135941	-0.046311	-0.043901	0.092780	-0.098086	
0.199665	0.030421	-0.081936	-0.618676	0.066378	-0.678039	1.000000	0.127355	-0.303798	0.357969	0.024446	0.058242	-0.070480	0.025533	0.028910	-0.060521	0.061446	
0.404036	-0.282842	-0.029912	-0.030897	0.156320	-0.209835	0.127355	1.000000	-0.831349	0.195652	0.048098	0.039216	-0.024642	-0.022570	0.104895	-0.090602	-0.032236	
-0.476224	0.306532	0.526643	-0.230120	-0.163129	0.329895	-0.303798	-0.831349	1.000000	-0.694141	-0.256608	-0.060515	0.091578	-0.048409	-0.095032	0.277515	-0.385051	
0.200740	-0.104025	-0.904215	0.461976	0.072986	-0.287419	0.357969	0.195652	-0.694141	1.000000	0.386973	0.042505	-0.123003	0.124639	0.000321	-0.354147	0.750076	
0.166969	-0.227694	-0.441370	0.325174	0.002326	-0.019023	0.024446	0.048098	-0.256608	0.386973	1.000000	0.197850	0.374861	-0.804326	0.000232	-0.007158	0.007505	
0.141494	0.103402	-0.040592	-0.022402	0.086475	-0.114185	0.058242	0.039216	-0.060515	0.042505	0.197850	1.000000	-0.740880	-0.022317	0.132412	-0.109534	-0.010020	
-0.136345	-0.141721	0.116651	-0.027991	-0.104422	0.135941	-0.070480	-0.024642	0.091578	-0.123003	0.374861	-0.740880	1.000000	-0.646711	-0.136810	0.283574	-0.346291	
-0.001747	0.081598	-0.116500	0.069833	0.037066	-0.046311	0.025533	-0.022570	-0.048409	0.124639	-0.804326	-0.022317	-0.646711	1.000000	0.045553	-0.285966	0.524584	
0.224627	-0.162559	-0.023477	0.004114	0.025977	-0.043901	0.028910	0.104895	-0.095032	0.000321	0.000232	0.132412	-0.136810	0.045553	1.000000	-0.874240	0.272171	
-0.283585	0.183936	0.400540	-0.268053	-0.061050	0.092780	-0.060521	-0.090602	0.277515	-0.354147	-0.007158	-0.109534	0.283574	-0.285966	-0.874240	1.000000	-0.685946	
0.115514	-0.054251	-0.801690	0.565111	0.072652	-0.098086	0.061446	-0.032236	-0.385051	0.750076	0.007505	-0.010020	-0.346291	0.524584	0.272171	-0.685946	1.000000	

Time taken for mcmc chain: 2.998611 hours
