Number of steps: 6936923
Number of accepted steps: 1720000
Burn-in number of steps: 10000
Accepted fraction of steps: 0.247949
Convergence Status
R[0]= 1.000743	R[1]= 1.000990	R[2]= 1.000495	R[3]= 1.000244	R[4]= 1.000231	R[5]= 1.000079	R[6]= 1.000202	R[7]= 1.000267	R[8]= 1.000287	R[9]= 1.000536	R[10]= 1.000362	R[11]= 1.000370	R[12]= 1.000694	R[13]= 1.000446	R[14]= 1.000264	R[15]= 1.000299	R[16]= 1.000181	
<R>= 1.000394

Mean parameters
A[0]= 1.046904 pm 0.078674
A[1]= 1.014584 pm 0.026445
A[2]= 0.394653 pm 0.223640
A[3]= 4.656007 pm 0.819367
A[4]= 3155.209961 pm 3308.768244
A[5]= -546.325548 pm 1001.006589
A[6]= 177.488136 pm 226.669458
A[7]= 5712.550272 pm 7542.222092
A[8]= -2236.854111 pm 2398.127028
A[9]= 12.909317 pm 440.233783
A[10]= 4.182274 pm 1.033677
A[11]= 5162.121933 pm 4867.761215
A[12]= -1234.603341 pm 1430.732155
A[13]= 347.399571 pm 366.933341
A[14]= 1324.648533 pm 9305.644118
A[15]= -1123.455355 pm 2857.286457
A[16]= 22.280210 pm 458.055071

Best-fitting parameters
A[0]= 1.084709
A[1]= 1.013653
A[2]= 0.348775
A[3]= 4.912774
A[4]= 6020.003000
A[5]= -1227.965000
A[6]= 150.331500
A[7]= 7350.282000
A[8]= -2707.212000
A[9]= 7.634379
A[10]= 3.892846
A[11]= 4482.465000
A[12]= -1411.840000
A[13]= 463.905900
A[14]= 2063.929000
A[15]= -1586.528000
A[16]= 96.355530
chi2_min= 59.052230


Cross-Covariance parameters
1.000000	-0.543077	-0.382000	0.241393	0.368907	-0.423359	0.114616	0.554008	-0.638522	0.271913	-0.082711	0.132960	-0.363692	0.334054	0.343469	-0.473475	0.330127	
-0.543077	1.000000	0.269319	-0.317181	0.024004	-0.052316	0.070692	-0.386523	0.418297	-0.148022	-0.042812	0.110590	0.017489	-0.155123	-0.248611	0.321364	-0.203938	
-0.382000	0.269319	1.000000	-0.696581	-0.157921	0.215678	-0.125012	-0.080899	0.516454	-0.917533	-0.406718	-0.054972	0.169081	-0.171182	-0.030205	0.384481	-0.832347	
0.241393	-0.317181	-0.696581	1.000000	0.234760	0.146048	-0.594832	0.066925	-0.291321	0.470490	0.303459	0.000824	-0.073880	0.104887	0.025274	-0.268568	0.575743	
0.368907	0.024004	-0.157921	0.234760	1.000000	-0.805362	0.012889	0.297729	-0.309044	0.107260	-0.035606	0.114493	-0.198737	0.131707	0.108077	-0.168103	0.143175	
-0.423359	-0.052316	0.215678	0.146048	-0.805362	1.000000	-0.591701	-0.305564	0.414804	-0.314332	0.027780	-0.134609	0.235322	-0.157973	-0.115677	0.199234	-0.196845	
0.114616	0.070692	-0.125012	-0.594832	0.012889	-0.591701	1.000000	0.056269	-0.222556	0.373227	0.019099	0.047139	-0.080588	0.053761	0.015911	-0.066339	0.115024	
0.554008	-0.386523	-0.080899	0.066925	0.297729	-0.305564	0.056269	1.000000	-0.874820	0.193755	-0.101173	0.053107	-0.176053	0.172434	0.219396	-0.241259	0.068164	
-0.638522	0.418297	0.516454	-0.291321	-0.309044	0.414804	-0.222556	-0.874820	1.000000	-0.628946	-0.093752	-0.074889	0.231570	-0.225964	-0.194378	0.373834	-0.434876	
0.271913	-0.148022	-0.917533	0.470490	0.107260	-0.314332	0.373227	0.193755	-0.628946	1.000000	0.389681	0.050650	-0.140842	0.138241	-0.012427	-0.317282	0.770008	
-0.082711	-0.042812	-0.406718	0.303459	-0.035606	0.027780	0.019099	-0.101173	-0.093752	0.389681	1.000000	0.251075	0.311609	-0.798535	-0.057735	0.037650	0.024337	
0.132960	0.110590	-0.054972	0.000824	0.114493	-0.134609	0.047139	0.053107	-0.074889	0.050650	0.251075	1.000000	-0.749908	-0.061243	0.162567	-0.142334	-0.004330	
-0.363692	0.017489	0.169081	-0.073880	-0.198737	0.235322	-0.080588	-0.176053	0.231570	-0.140842	0.311609	-0.749908	1.000000	-0.605509	-0.223502	0.345939	-0.342670	
0.334054	-0.155123	-0.171182	0.104887	0.131707	-0.157973	0.053761	0.172434	-0.225964	0.138241	-0.798535	-0.061243	-0.605509	1.000000	0.122349	-0.326913	0.516199	
0.343469	-0.248611	-0.030205	0.025274	0.108077	-0.115677	0.015911	0.219396	-0.194378	-0.012427	-0.057735	0.162567	-0.223502	0.122349	1.000000	-0.900356	0.306227	
-0.473475	0.321364	0.384481	-0.268568	-0.168103	0.199234	-0.066339	-0.241259	0.373834	-0.317282	0.037650	-0.142334	0.345939	-0.326913	-0.900356	1.000000	-0.669871	
0.330127	-0.203938	-0.832347	0.575743	0.143175	-0.196845	0.115024	0.068164	-0.434876	0.770008	0.024337	-0.004330	-0.342670	0.516199	0.306227	-0.669871	1.000000	

Time taken for mcmc chain: 2.199722 hours
