Number of steps: 2419766
Number of accepted steps: 910000
Burn-in number of steps: 10000
Accepted fraction of steps: 0.376069
Convergence Status
R[0]= 1.000428	R[1]= 1.000833	R[2]= 1.000390	R[3]= 1.000547	R[4]= 1.000241	R[5]= 1.000325	R[6]= 1.000444	R[7]= 1.000283	R[8]= 1.000330	R[9]= 1.000159	R[10]= 1.000855	R[11]= 1.000567	R[12]= 1.000329	R[13]= 1.000700	R[14]= 1.000323	R[15]= 1.000399	R[16]= 1.000253	
<R>= 1.000436

Mean parameters
A[0]= 1.106847 pm 0.083187
A[1]= 1.008696 pm 0.025159
A[2]= 0.157298 pm 0.133434
A[3]= 4.284191 pm 0.707977
A[4]= 5424.918905 pm 3200.709392
A[5]= -1830.216761 pm 908.125234
A[6]= 543.746902 pm 214.505464
A[7]= 6804.583735 pm 6972.613809
A[8]= -4147.793488 pm 1955.250172
A[9]= 609.593478 pm 255.999222
A[10]= 4.603918 pm 1.087141
A[11]= -4439.168399 pm 4909.783697
A[12]= 769.139041 pm 1368.028568
A[13]= 323.027508 pm 341.007379
A[14]= 2277.470230 pm 9205.003904
A[15]= -1941.274593 pm 2600.675906
A[16]= 328.295719 pm 303.457827

Best-fitting parameters
A[0]= 1.141364
A[1]= 1.009420
A[2]= 0.077907
A[3]= 4.681649
A[4]= 6509.789000
A[5]= -1973.683000
A[6]= 483.950000
A[7]= 6672.092000
A[8]= -4545.632000
A[9]= 719.942800
A[10]= 4.802737
A[11]= -4569.171000
A[12]= 803.418200
A[13]= 307.446100
A[14]= 5832.629000
A[15]= -3083.086000
A[16]= 467.234400
chi2_min= 72.113280


Cross-Covariance parameters
1.000000	-0.493702	-0.177293	0.032340	0.272428	-0.310454	0.044264	0.467670	-0.497206	0.027385	-0.141282	0.149281	-0.294181	0.206309	0.331171	-0.369750	0.056240	
-0.493702	1.000000	0.116546	-0.163589	0.088446	-0.128662	0.087949	-0.321747	0.321098	0.019845	-0.027383	0.109779	-0.070397	-0.035253	-0.237211	0.248312	-0.010077	
-0.177293	0.116546	1.000000	-0.429676	-0.039507	0.073006	-0.059487	0.036448	0.256465	-0.851148	-0.327573	-0.022943	0.029519	-0.009811	0.024350	0.210076	-0.760605	
0.032340	-0.163589	-0.429676	1.000000	0.238072	0.299837	-0.845458	0.013547	-0.082934	0.179617	0.184625	-0.022215	0.045408	-0.037921	-0.002197	-0.091920	0.316579	
0.272428	0.088446	-0.039507	0.238072	1.000000	-0.798067	-0.067293	0.237255	-0.234592	0.014619	-0.059322	0.096616	-0.139458	0.066273	0.075147	-0.086450	0.017043	
-0.310454	-0.128662	0.073006	0.299837	-0.798067	1.000000	-0.536118	-0.223930	0.276142	-0.184880	0.075217	-0.110449	0.171379	-0.094254	-0.073209	0.097277	-0.050962	
0.044264	0.087949	-0.059487	-0.845458	-0.067293	-0.536118	1.000000	-0.003966	-0.083016	0.287134	-0.020608	0.023221	-0.049215	0.040964	-0.011182	-0.010671	0.059736	
0.467670	-0.321747	0.036448	0.013547	0.237255	-0.223930	-0.003966	1.000000	-0.940009	0.221347	-0.094707	0.050679	-0.114848	0.088129	0.187513	-0.175320	-0.067335	
-0.497206	0.321098	0.256465	-0.082934	-0.234592	0.276142	-0.083016	-0.940009	1.000000	-0.512380	-0.001972	-0.056937	0.122058	-0.089843	-0.169520	0.227424	-0.161069	
0.027385	0.019845	-0.851148	0.179617	0.014619	-0.184880	0.287134	0.221347	-0.512380	1.000000	0.296062	0.010333	-0.002805	-0.009755	-0.067342	-0.136042	0.668957	
-0.141282	-0.027383	-0.327573	0.184625	-0.059322	0.075217	-0.020608	-0.094707	-0.001972	0.296062	1.000000	0.268977	0.338912	-0.911993	-0.035541	0.026050	0.003861	
0.149281	0.109779	-0.022943	-0.022215	0.096616	-0.110449	0.023221	0.050679	-0.056937	0.010333	0.268977	1.000000	-0.775662	-0.093744	0.162765	-0.157091	-0.005146	
-0.294181	-0.070397	0.029519	0.045408	-0.139458	0.171379	-0.049215	-0.114848	0.122058	-0.002805	0.338912	-0.775662	1.000000	-0.545670	-0.187673	0.238726	-0.188014	
0.206309	-0.035253	-0.009811	-0.037921	0.066273	-0.094254	0.040964	0.088129	-0.089843	-0.009755	-0.911993	-0.093744	-0.545670	1.000000	0.059288	-0.143169	0.304106	
0.331171	-0.237211	0.024350	-0.002197	0.075147	-0.073209	-0.011182	0.187513	-0.169520	-0.067342	-0.035541	0.162765	-0.187673	0.059288	1.000000	-0.947453	0.365122	
-0.369750	0.248312	0.210076	-0.091920	-0.086450	0.097277	-0.010671	-0.175320	0.227424	-0.136042	0.026050	-0.157091	0.238726	-0.143169	-0.947453	1.000000	-0.610384	
0.056240	-0.010077	-0.760605	0.316579	0.017043	-0.050962	0.059736	-0.067335	-0.161069	0.668957	0.003861	-0.005146	-0.188014	0.304106	0.365122	-0.610384	1.000000	

Time taken for mcmc chain: 44.766667 minutes
