Number of steps: 4755551
Number of accepted steps: 1030000
Burn-in number of steps: 10000
Accepted fraction of steps: 0.216589
Convergence Status
R[0]= 1.000846	R[1]= 1.000738	R[2]= 1.000516	R[3]= 1.000812	R[4]= 1.000218	R[5]= 1.000239	R[6]= 1.000784	R[7]= 1.000693	R[8]= 1.000458	R[9]= 1.000261	R[10]= 1.000143	R[11]= 1.000428	R[12]= 1.000428	R[13]= 1.000354	R[14]= 1.000059	R[15]= 1.000250	R[16]= 1.000633	
<R>= 1.000462

Mean parameters
A[0]= 1.019025 pm 0.062553
A[1]= 0.983108 pm 0.028801
A[2]= 0.355346 pm 0.236398
A[3]= 6.876661 pm 1.417542
A[4]= -2509.723319 pm 4824.799259
A[5]= 2407.664558 pm 1622.017005
A[6]= -485.953883 pm 418.875181
A[7]= -4836.992269 pm 9097.758359
A[8]= 772.408386 pm 3024.004938
A[9]= -333.330598 pm 686.332315
A[10]= 6.923821 pm 1.875298
A[11]= 6572.510741 pm 6614.044172
A[12]= 125.839428 pm 2228.076384
A[13]= -367.391585 pm 612.984962
A[14]= 7542.549681 pm 9124.408455
A[15]= -2636.382435 pm 3165.023032
A[16]= -46.850845 pm 713.467979

Best-fitting parameters
A[0]= 1.038415
A[1]= 0.985019
A[2]= 0.399419
A[3]= 6.708461
A[4]= -223.238800
A[5]= 1830.857000
A[6]= -495.126500
A[7]= -2933.584000
A[8]= 709.606900
A[9]= -527.053400
A[10]= 6.869140
A[11]= 12303.400000
A[12]= -1394.353000
A[13]= -351.562500
A[14]= 16777.600000
A[15]= -4299.496000
A[16]= -186.171700
chi2_min= 50.023330


Cross-Covariance parameters
1.000000	-0.424174	-0.285038	0.183008	0.243839	-0.232227	0.029365	0.345124	-0.420732	0.147511	-0.115941	0.089294	-0.303997	0.300453	0.182242	-0.340116	0.223260	
-0.424174	1.000000	0.184192	-0.336716	0.159259	-0.257666	0.193286	-0.211827	0.226878	-0.031171	-0.001763	0.168345	-0.025147	-0.155402	-0.127006	0.208535	-0.121786	
-0.285038	0.184192	1.000000	-0.592588	-0.077332	0.144880	-0.125316	0.012579	0.536302	-0.905721	-0.476574	-0.039975	0.071659	-0.052627	0.007490	0.507301	-0.859065	
0.183008	-0.336716	-0.592588	1.000000	0.123502	0.372061	-0.697921	0.037917	-0.237388	0.326446	0.290305	-0.019898	-0.009843	0.038963	0.019638	-0.317933	0.501340	
0.243839	0.159259	-0.077332	0.123502	1.000000	-0.741191	0.051878	0.173259	-0.179674	0.056304	-0.033242	0.097010	-0.135075	0.070718	0.031830	-0.081283	0.073317	
-0.232227	-0.257666	0.144880	0.372061	-0.741191	1.000000	-0.700875	-0.120628	0.284052	-0.310080	-0.003250	-0.111570	0.142849	-0.063211	-0.010816	0.100280	-0.137450	
0.029365	0.193286	-0.125316	-0.697921	0.051878	-0.700875	1.000000	-0.023022	-0.213262	0.401470	0.051197	0.045565	-0.042889	0.003893	-0.025658	-0.049318	0.120105	
0.345124	-0.211827	0.012579	0.037917	0.173259	-0.120628	-0.023022	1.000000	-0.799031	0.120985	-0.102823	0.009283	-0.094014	0.112400	0.073766	-0.069200	-0.022948	
-0.420732	0.226878	0.536302	-0.237388	-0.179674	0.284052	-0.213262	-0.799031	1.000000	-0.677813	-0.180662	-0.034152	0.115672	-0.114559	-0.047206	0.327740	-0.454962	
0.147511	-0.031171	-0.905721	0.326446	0.056304	-0.310080	0.401470	0.120985	-0.677813	1.000000	0.461433	0.042745	-0.042219	0.009759	-0.040444	-0.429259	0.786815	
-0.115941	-0.001763	-0.476574	0.290305	-0.033242	-0.003250	0.051197	-0.102823	-0.180662	0.461433	1.000000	0.149387	0.473313	-0.823570	-0.038438	-0.045991	0.135299	
0.089294	0.168345	-0.039975	-0.019898	0.097010	-0.111570	0.045565	0.009283	-0.034152	0.042745	0.149387	1.000000	-0.697880	0.006569	0.104443	-0.087537	0.004221	
-0.303997	-0.025147	0.071659	-0.009843	-0.135075	0.142849	-0.042889	-0.094014	0.115672	-0.042219	0.473313	-0.697880	1.000000	-0.713292	-0.121261	0.276934	-0.286580	
0.300453	-0.155402	-0.052627	0.038963	0.070718	-0.063211	0.003893	0.112400	-0.114559	0.009759	-0.823570	0.006569	-0.713292	1.000000	0.062677	-0.291941	0.394314	
0.182242	-0.127006	0.007490	0.019638	0.031830	-0.010816	-0.025658	0.073766	-0.047206	-0.040444	-0.038438	0.104443	-0.121261	0.062677	1.000000	-0.785266	0.183676	
-0.340116	0.208535	0.507301	-0.317933	-0.081283	0.100280	-0.049318	-0.069200	0.327740	-0.429259	-0.045991	-0.087537	0.276934	-0.291941	-0.785266	1.000000	-0.729028	
0.223260	-0.121786	-0.859065	0.501340	0.073317	-0.137450	0.120105	-0.022948	-0.454962	0.786815	0.135299	0.004221	-0.286580	0.394314	0.183676	-0.729028	1.000000	

Time taken for mcmc chain: 1.447500 hours
