Number of steps: 16773320
Number of accepted steps: 1780000
Burn-in number of steps: 10000
Accepted fraction of steps: 0.106121
Convergence Status
R[0]= 1.000681	R[1]= 1.000776	R[2]= 1.000971	R[3]= 1.000536	R[4]= 1.000162	R[5]= 1.000597	R[6]= 1.000684	R[7]= 1.000587	R[8]= 1.000482	R[9]= 1.000331	R[10]= 1.000628	R[11]= 1.000142	R[12]= 1.000638	R[13]= 1.000800	R[14]= 1.000049	R[15]= 1.000064	R[16]= 1.000277	
<R>= 1.000494

Mean parameters
A[0]= 1.041530 pm 0.066861
A[1]= 1.076853 pm 0.060591
A[2]= 0.638368 pm 0.400838
A[3]= 4.778259 pm 1.331698
A[4]= 7909.663855 pm 5139.163656
A[5]= -856.732102 pm 1563.952266
A[6]= -70.894717 pm 392.190432
A[7]= 12627.466415 pm 6125.742649
A[8]= -1474.803963 pm 2598.164125
A[9]= -656.446056 pm 803.931332
A[10]= 2.734510 pm 1.406983
A[11]= -4989.002428 pm 6919.116906
A[12]= -200.886823 pm 1970.486966
A[13]= 786.817891 pm 526.700882
A[14]= -8667.214999 pm 8570.947382
A[15]= 1699.512903 pm 2737.324043
A[16]= -152.806637 pm 552.595296

Best-fitting parameters
A[0]= 1.071145
A[1]= 1.066254
A[2]= 0.496505
A[3]= 5.030455
A[4]= 10046.380000
A[5]= -1492.682000
A[6]= -19.420850
A[7]= 19450.230000
A[8]= -3746.916000
A[9]= -400.152200
A[10]= 2.545485
A[11]= -3955.926000
A[12]= -677.683500
A[13]= 901.509500
A[14]= -18159.110000
A[15]= 3722.511000
A[16]= -156.388100
chi2_min= 45.041800


Cross-Covariance parameters
1.000000	-0.416163	-0.336541	0.209129	0.125660	-0.232090	0.161923	0.255625	-0.429364	0.224757	0.142688	0.065554	-0.089253	0.024994	0.107835	-0.221277	0.152946	
-0.416163	1.000000	0.327700	-0.411286	0.307880	-0.355494	0.108801	-0.165795	0.273105	-0.135932	-0.308426	0.101928	-0.213648	0.164674	-0.081747	0.112715	-0.029547	
-0.336541	0.327700	1.000000	-0.740340	-0.061508	0.123419	-0.118448	0.061598	0.673689	-0.885101	-0.525997	-0.069874	-0.023143	0.126865	0.008706	0.298614	-0.587468	
0.209129	-0.411286	-0.740340	1.000000	0.151965	0.215326	-0.527476	-0.033306	-0.361654	0.468386	0.437889	0.015153	0.082523	-0.135902	-0.006006	-0.211495	0.412985	
0.125660	0.307880	-0.061508	0.151965	1.000000	-0.766530	-0.055911	0.054213	-0.040115	0.001730	-0.053804	0.083574	-0.132173	0.070738	-0.000900	-0.043335	0.085412	
-0.232090	-0.355494	0.123419	0.215326	-0.766530	1.000000	-0.587691	-0.059264	0.275365	-0.287322	0.036881	-0.105343	0.171911	-0.096163	-0.002346	0.087774	-0.159672	
0.161923	0.108801	-0.118448	-0.527476	-0.055911	-0.587691	1.000000	0.018413	-0.376652	0.451584	0.028699	0.045924	-0.075425	0.042996	0.004124	-0.075675	0.133128	
0.255625	-0.165795	0.061598	-0.033306	0.054213	-0.059264	0.018413	1.000000	-0.590754	0.012786	-0.034393	-0.002655	-0.012626	0.019990	0.041954	-0.016042	-0.068751	
-0.429364	0.273105	0.673689	-0.361654	-0.040115	0.275365	-0.376652	-0.590754	1.000000	-0.796730	-0.353884	-0.057974	0.015376	0.057590	-0.014701	0.242240	-0.420359	
0.224757	-0.135932	-0.885101	0.468386	0.001730	-0.287322	0.451584	0.012786	-0.796730	1.000000	0.464802	0.076245	-0.009335	-0.088205	-0.031043	-0.275302	0.590734	
0.142688	-0.308426	-0.525997	0.437889	-0.053804	0.036881	0.028699	-0.034393	-0.353884	0.464802	1.000000	0.281766	0.326964	-0.856541	0.014582	0.048289	-0.134505	
0.065554	0.101928	-0.069874	0.015153	0.083574	-0.105343	0.045924	-0.002655	-0.057974	0.076245	0.281766	1.000000	-0.746514	-0.116249	0.089078	-0.026592	-0.100706	
-0.089253	-0.213648	-0.023143	0.082523	-0.132173	0.171911	-0.075425	-0.012626	0.015376	-0.009335	0.326964	-0.746514	1.000000	-0.564442	-0.072612	0.209533	-0.280688	
0.024994	0.164674	0.126865	-0.135902	0.070738	-0.096163	0.042996	0.019990	0.057590	-0.088205	-0.856541	-0.116249	-0.564442	1.000000	-0.003669	-0.277066	0.549167	
0.107835	-0.081747	0.008706	-0.006006	-0.000900	-0.002346	0.004124	0.041954	-0.014701	-0.031043	0.014582	0.089078	-0.072612	-0.003669	1.000000	-0.831418	0.202538	
-0.221277	0.112715	0.298614	-0.211495	-0.043335	0.087774	-0.075675	-0.016042	0.242240	-0.275302	0.048289	-0.026592	0.209533	-0.277066	-0.831418	1.000000	-0.682067	
0.152946	-0.029547	-0.587468	0.412985	0.085412	-0.159672	0.133128	-0.068751	-0.420359	0.590734	-0.134505	-0.100706	-0.280688	0.549167	0.202538	-0.682067	1.000000	

Time taken for mcmc chain: 5.020000 hours
