Number of steps: 4025759
Number of accepted steps: 1410000
Burn-in number of steps: 10000
Accepted fraction of steps: 0.350245
Convergence Status
R[0]= 1.000196	R[1]= 1.000161	R[2]= 1.000820	R[3]= 1.000978	R[4]= 1.000439	R[5]= 1.000304	R[6]= 1.000470	R[7]= 1.000287	R[8]= 1.000369	R[9]= 1.000832	R[10]= 1.000366	R[11]= 1.000155	R[12]= 1.000213	R[13]= 1.000543	R[14]= 1.000658	R[15]= 1.000529	R[16]= 1.000578	
<R>= 1.000465

Mean parameters
A[0]= 1.037470 pm 0.039901
A[1]= 0.999716 pm 0.018401
A[2]= 0.282792 pm 0.169009
A[3]= 5.942770 pm 0.831850
A[4]= 2019.728609 pm 3082.204447
A[5]= 913.405688 pm 922.382608
A[6]= -222.204177 pm 226.270706
A[7]= 6171.790218 pm 6713.800368
A[8]= -2680.023156 pm 2039.127111
A[9]= 111.804751 pm 424.026095
A[10]= 4.981866 pm 1.093895
A[11]= -2774.386104 pm 4707.691864
A[12]= 1399.729372 pm 1365.838259
A[13]= 35.332254 pm 354.271656
A[14]= 6498.386716 pm 8299.115130
A[15]= -2892.485477 pm 2430.362709
A[16]= 226.177506 pm 398.971756

Best-fitting parameters
A[0]= 1.028228
A[1]= 1.010182
A[2]= 0.271801
A[3]= 6.113575
A[4]= 3259.638000
A[5]= 757.228600
A[6]= -280.225100
A[7]= 6225.183000
A[8]= -2834.775000
A[9]= 154.603900
A[10]= 5.139279
A[11]= 428.256100
A[12]= 721.136100
A[13]= 12.817380
A[14]= 7963.109000
A[15]= -3436.417000
A[16]= 288.162100
chi2_min= 74.200620


Cross-Covariance parameters
1.000000	-0.412653	-0.233251	0.106562	0.203962	-0.258313	0.094843	0.367085	-0.438046	0.166142	0.023105	0.089316	-0.159684	0.099481	0.181187	-0.257217	0.148462	
-0.412653	1.000000	0.155334	-0.213814	0.166779	-0.194085	0.068823	-0.241706	0.265669	-0.078014	-0.151900	0.115987	-0.140329	0.057563	-0.131209	0.156508	-0.055127	
-0.233251	0.155334	1.000000	-0.655738	-0.046574	0.109931	-0.114305	0.074025	0.438059	-0.929789	-0.417704	-0.017205	0.058048	-0.063102	0.057391	0.303313	-0.829168	
0.106562	-0.213814	-0.655738	1.000000	0.176659	0.265782	-0.647547	-0.046467	-0.212134	0.460583	0.295217	-0.016161	0.000379	0.022107	-0.033520	-0.198961	0.538657	
0.203962	0.166779	-0.046574	0.176659	1.000000	-0.771806	-0.020656	0.183450	-0.174865	0.034437	-0.035831	0.067924	-0.102261	0.056618	0.021344	-0.044449	0.047781	
-0.258313	-0.194085	0.109931	0.265782	-0.771806	1.000000	-0.610755	-0.180298	0.279429	-0.234763	0.019235	-0.083370	0.126433	-0.071945	-0.016891	0.065613	-0.102800	
0.094843	0.068823	-0.114305	-0.647547	-0.020656	-0.610755	1.000000	0.032485	-0.199457	0.327288	0.026327	0.030337	-0.048230	0.030607	-0.007437	-0.038972	0.101164	
0.367085	-0.241706	0.074025	-0.046467	0.183450	-0.180298	0.032485	1.000000	-0.841915	0.116534	-0.045593	0.013424	-0.027380	0.014689	0.086511	-0.053108	-0.089881	
-0.438046	0.265669	0.438059	-0.212134	-0.174865	0.279429	-0.199457	-0.841915	1.000000	-0.621208	-0.166581	-0.025541	0.060625	-0.049217	-0.043519	0.197496	-0.341521	
0.166142	-0.078014	-0.929789	0.460583	0.034437	-0.234763	0.327288	0.116534	-0.621208	1.000000	0.386792	0.021159	-0.059272	0.061103	-0.071295	-0.267609	0.778102	
0.023105	-0.151900	-0.417704	0.295217	-0.035831	0.019235	0.026327	-0.045593	-0.166581	0.386792	1.000000	0.232447	0.365842	-0.851364	-0.034956	0.005316	0.045931	
0.089316	0.115987	-0.017205	-0.016161	0.067924	-0.083370	0.030337	0.013424	-0.025541	0.021159	0.232447	1.000000	-0.750412	-0.061504	0.127618	-0.111341	-0.015117	
-0.159684	-0.140329	0.058048	0.000379	-0.102261	0.126433	-0.048230	-0.027380	0.060625	-0.059272	0.365842	-0.750412	1.000000	-0.605311	-0.131118	0.231279	-0.262058	
0.099481	0.057563	-0.063102	0.022107	0.056618	-0.071945	0.030607	0.014689	-0.049217	0.061103	-0.851364	-0.061504	-0.605311	1.000000	0.038807	-0.206511	0.413933	
0.181187	-0.131209	0.057391	-0.033520	0.021344	-0.016891	-0.007437	0.086511	-0.043519	-0.071295	-0.034956	0.127618	-0.131118	0.038807	1.000000	-0.896874	0.260137	
-0.257217	0.156508	0.303313	-0.198961	-0.044449	0.065613	-0.038972	-0.053108	0.197496	-0.267609	0.005316	-0.111341	0.231279	-0.206511	-0.896874	1.000000	-0.638817	
0.148462	-0.055127	-0.829168	0.538657	0.047781	-0.102800	0.101164	-0.089881	-0.341521	0.778102	0.045931	-0.015117	-0.262058	0.413933	0.260137	-0.638817	1.000000	

Time taken for mcmc chain: 1.325833 hours
