Number of steps: 4102148
Number of accepted steps: 1040000
Burn-in number of steps: 10000
Accepted fraction of steps: 0.253526
Convergence Status
R[0]= 1.000502	R[1]= 1.000347	R[2]= 1.000690	R[3]= 1.000312	R[4]= 1.000391	R[5]= 1.000569	R[6]= 1.000652	R[7]= 1.000421	R[8]= 1.000730	R[9]= 1.000563	R[10]= 1.000692	R[11]= 1.000209	R[12]= 1.000424	R[13]= 1.000520	R[14]= 1.000533	R[15]= 1.000400	R[16]= 1.000489	
<R>= 1.000497

Mean parameters
A[0]= 1.040780 pm 0.042410
A[1]= 0.982088 pm 0.023405
A[2]= 0.485347 pm 0.239243
A[3]= 4.367280 pm 0.862178
A[4]= -728.507569 pm 3046.023847
A[5]= 528.183252 pm 941.818228
A[6]= 176.636401 pm 232.931534
A[7]= -2099.019805 pm 6960.765009
A[8]= 59.089166 pm 2127.684401
A[9]= -212.283000 pm 436.455942
A[10]= 5.076696 pm 1.080795
A[11]= -1401.236800 pm 4748.302695
A[12]= 1541.480394 pm 1415.724493
A[13]= -142.016427 pm 363.707593
A[14]= -1354.350649 pm 9160.401475
A[15]= 673.492366 pm 2755.964625
A[16]= -452.063274 pm 578.724740

Best-fitting parameters
A[0]= 1.018362
A[1]= 0.985465
A[2]= 0.434018
A[3]= 4.570141
A[4]= -937.256100
A[5]= 785.141500
A[6]= 114.125400
A[7]= -2902.041000
A[8]= 295.410800
A[9]= -173.257600
A[10]= 5.805103
A[11]= -113.889500
A[12]= 1767.232000
A[13]= -356.882700
A[14]= -4472.291000
A[15]= 1356.340000
A[16]= -455.992800
chi2_min= 68.057020


Cross-Covariance parameters
1.000000	-0.430509	-0.217426	0.073028	0.142980	-0.238527	0.155406	0.358251	-0.438469	0.199923	0.146544	0.119148	-0.139778	0.029951	0.256397	-0.330913	0.132743	
-0.430509	1.000000	0.171680	-0.207822	0.176319	-0.181815	0.041597	-0.214160	0.251392	-0.098698	-0.255125	0.151882	-0.200693	0.105389	-0.176910	0.201520	-0.054729	
-0.217426	0.171680	1.000000	-0.734148	-0.054225	0.016947	0.034343	0.062937	0.419659	-0.892615	-0.530315	0.028919	0.085212	-0.165677	0.089613	0.393816	-0.867808	
0.073028	-0.207822	-0.734148	1.000000	0.141831	0.321048	-0.670502	-0.038015	-0.215612	0.463116	0.407848	-0.065829	-0.010995	0.105597	-0.076942	-0.275326	0.635655	
0.142980	0.176319	-0.054225	0.141831	1.000000	-0.763656	0.015101	0.188145	-0.176704	0.041830	-0.007674	0.074064	-0.096500	0.041413	0.013767	-0.048223	0.058765	
-0.238527	-0.181815	0.016947	0.321048	-0.763656	1.000000	-0.648836	-0.187771	0.271355	-0.220121	0.029835	-0.102654	0.123259	-0.042060	-0.038223	0.054816	-0.023944	
0.155406	0.041597	0.034343	-0.670502	0.015101	-0.648836	1.000000	0.046255	-0.192678	0.295793	-0.027601	0.052096	-0.054656	0.009572	0.034478	-0.020271	-0.029942	
0.358251	-0.214160	0.062937	-0.038015	0.188145	-0.187771	0.046255	1.000000	-0.848124	0.144119	-0.003628	0.033535	-0.015320	-0.029739	0.126653	-0.079757	-0.082677	
-0.438469	0.251392	0.419659	-0.215612	-0.176704	0.271355	-0.192678	-0.848124	1.000000	-0.635063	-0.246526	-0.024923	0.065620	-0.057693	-0.069763	0.260592	-0.342679	
0.199923	-0.098698	-0.892615	0.463116	0.041830	-0.220121	0.295793	0.144119	-0.635063	1.000000	0.467874	-0.011593	-0.095231	0.158009	-0.087251	-0.350550	0.783704	
0.146544	-0.255125	-0.530315	0.407848	-0.007674	0.029835	-0.027601	-0.003628	-0.246526	0.467874	1.000000	0.155510	0.342877	-0.717544	0.020002	-0.111880	0.161179	
0.119148	0.151882	0.028919	-0.065829	0.074064	-0.102654	0.052096	0.033535	-0.024923	-0.011593	0.155510	1.000000	-0.752373	-0.032745	0.158164	-0.104102	-0.064853	
-0.139778	-0.200693	0.085212	-0.010995	-0.096500	0.123259	-0.054656	-0.015320	0.065620	-0.095231	0.342877	-0.752373	1.000000	-0.625405	-0.096983	0.240119	-0.286942	
0.029951	0.105389	-0.165677	0.105597	0.041413	-0.042060	0.009572	-0.029739	-0.057693	0.158009	-0.717544	-0.032745	-0.625405	1.000000	-0.052509	-0.230134	0.518710	
0.256397	-0.176910	0.089613	-0.076942	0.013767	-0.038223	0.034478	0.126653	-0.069763	-0.087251	0.020002	0.158164	-0.096983	-0.052509	1.000000	-0.836165	0.107436	
-0.330913	0.201520	0.393816	-0.275326	-0.048223	0.054816	-0.020271	-0.079757	0.260592	-0.350550	-0.111880	-0.104102	0.240119	-0.230134	-0.836165	1.000000	-0.619274	
0.132743	-0.054729	-0.867808	0.635655	0.058765	-0.023944	-0.029942	-0.082677	-0.342679	0.783704	0.161179	-0.064853	-0.286942	0.518710	0.107436	-0.619274	1.000000	

Time taken for mcmc chain: 1.241389 hours
