Number of steps: 5146261
Number of accepted steps: 1800000
Burn-in number of steps: 10000
Accepted fraction of steps: 0.349769
Convergence Status
R[0]= 1.000348	R[1]= 1.000323	R[2]= 1.000999	R[3]= 1.000745	R[4]= 1.000103	R[5]= 1.000114	R[6]= 1.000409	R[7]= 1.000192	R[8]= 1.000504	R[9]= 1.000848	R[10]= 1.000517	R[11]= 1.000359	R[12]= 1.000217	R[13]= 1.000280	R[14]= 1.000176	R[15]= 1.000133	R[16]= 1.000766	
<R>= 1.000414

Mean parameters
A[0]= 0.998482 pm 0.041375
A[1]= 1.007712 pm 0.018359
A[2]= 0.315500 pm 0.172903
A[3]= 6.194550 pm 0.855447
A[4]= 2672.401088 pm 3118.259531
A[5]= 1120.851941 pm 963.542384
A[6]= -329.343893 pm 230.465220
A[7]= 1062.581517 pm 7192.070044
A[8]= -796.844471 pm 2240.241523
A[9]= -27.674552 pm 453.288288
A[10]= 5.349433 pm 1.070519
A[11]= 9276.606504 pm 4554.403367
A[12]= -1347.927862 pm 1378.267073
A[13]= 39.766305 pm 358.242147
A[14]= -829.895863 pm 9119.877711
A[15]= -352.894835 pm 2711.169998
A[16]= 9.448714 pm 441.604911

Best-fitting parameters
A[0]= 1.000872
A[1]= 1.016488
A[2]= 0.333365
A[3]= 6.173321
A[4]= 2314.586000
A[5]= 1365.667000
A[6]= -393.828200
A[7]= -1784.882000
A[8]= 162.778500
A[9]= -148.167100
A[10]= 4.939409
A[11]= 10703.150000
A[12]= -1935.182000
A[13]= 155.685200
A[14]= -1944.558000
A[15]= 178.214100
A[16]= -45.999380
chi2_min= 62.950810


Cross-Covariance parameters
1.000000	-0.430154	-0.276332	0.140673	0.239408	-0.294089	0.108676	0.414701	-0.485625	0.204858	0.003103	0.108311	-0.219992	0.163670	0.231588	-0.319669	0.204202	
-0.430154	1.000000	0.176869	-0.237822	0.149134	-0.173715	0.074699	-0.280529	0.300157	-0.097238	-0.119986	0.119436	-0.094922	-0.006570	-0.155891	0.191284	-0.094009	
-0.276332	0.176869	1.000000	-0.685673	-0.088205	0.164706	-0.142551	0.021861	0.477386	-0.933207	-0.419808	-0.025362	0.120194	-0.142301	0.032379	0.336650	-0.850516	
0.140673	-0.237822	-0.685673	1.000000	0.168914	0.231960	-0.596066	-0.043325	-0.230578	0.497614	0.307031	-0.010156	-0.046185	0.082088	-0.027301	-0.222304	0.575637	
0.239408	0.149134	-0.088205	0.168914	1.000000	-0.779900	0.028300	0.195066	-0.203887	0.080641	-0.021893	0.075818	-0.115148	0.067067	0.028143	-0.065863	0.080606	
-0.294089	-0.173715	0.164706	0.231960	-0.779900	1.000000	-0.638756	-0.215834	0.330392	-0.286592	-0.002760	-0.086000	0.138071	-0.085679	-0.033690	0.101702	-0.151503	
0.108676	0.074699	-0.142551	-0.596066	0.028300	-0.638756	1.000000	0.079698	-0.248652	0.351057	0.039498	0.027404	-0.053710	0.040292	0.006806	-0.064428	0.132795	
0.414701	-0.280529	0.021861	-0.043325	0.195066	-0.215834	0.079698	1.000000	-0.848282	0.161477	-0.041874	0.020247	-0.049409	0.036872	0.121412	-0.103418	-0.039273	
-0.485625	0.300157	0.477386	-0.230578	-0.203887	0.330392	-0.248652	-0.848282	1.000000	-0.648233	-0.170580	-0.031414	0.104832	-0.104251	-0.084889	0.254511	-0.392554	
0.204858	-0.097238	-0.933207	0.497614	0.080641	-0.286592	0.351057	0.161477	-0.648233	1.000000	0.395257	0.022330	-0.108148	0.129092	-0.045863	-0.302280	0.802380	
0.003103	-0.119986	-0.419808	0.307031	-0.021893	-0.002760	0.039498	-0.041874	-0.170580	0.395257	1.000000	0.199195	0.376910	-0.810683	-0.066047	0.023846	0.079723	
0.108311	0.119436	-0.025362	-0.010156	0.075818	-0.086000	0.027404	0.020247	-0.031414	0.022330	0.199195	1.000000	-0.742067	-0.025019	0.131236	-0.117859	0.007015	
-0.219992	-0.094922	0.120194	-0.046185	-0.115148	0.138071	-0.053710	-0.049409	0.104832	-0.108148	0.376910	-0.742067	1.000000	-0.643280	-0.163345	0.279485	-0.311148	
0.163670	-0.006570	-0.142301	0.082088	0.067067	-0.085679	0.040292	0.036872	-0.104251	0.129092	-0.810683	-0.025019	-0.643280	1.000000	0.083926	-0.268840	0.452470	
0.231588	-0.155891	0.032379	-0.027301	0.028143	-0.033690	0.006806	0.121412	-0.084889	-0.045863	-0.066047	0.131236	-0.163345	0.083926	1.000000	-0.898546	0.284354	
-0.319669	0.191284	0.336650	-0.222304	-0.065863	0.101702	-0.064428	-0.103418	0.254511	-0.302280	0.023846	-0.117859	0.279485	-0.268840	-0.898546	1.000000	-0.658352	
0.204202	-0.094009	-0.850516	0.575637	0.080606	-0.151503	0.132795	-0.039273	-0.392554	0.802380	0.079723	0.007015	-0.311148	0.452470	0.284354	-0.658352	1.000000	

Time taken for mcmc chain: 1.708889 hours
