Number of steps: 9150596
Number of accepted steps: 1060000
Burn-in number of steps: 10000
Accepted fraction of steps: 0.115839
Convergence Status
R[0]= 1.000132	R[1]= 1.000280	R[2]= 1.000950	R[3]= 1.000428	R[4]= 1.000741	R[5]= 1.000208	R[6]= 1.000453	R[7]= 1.000464	R[8]= 1.000127	R[9]= 1.000987	R[10]= 1.000801	R[11]= 1.000880	R[12]= 1.000392	R[13]= 1.000836	R[14]= 1.000954	R[15]= 1.000712	R[16]= 1.000777	
<R>= 1.000595

Mean parameters
A[0]= 1.034719 pm 0.045067
A[1]= 1.007202 pm 0.028036
A[2]= 0.505724 pm 0.263333
A[3]= 4.387864 pm 0.856740
A[4]= 5721.704136 pm 3137.946656
A[5]= -1205.393827 pm 954.806391
A[6]= 239.021528 pm 230.101933
A[7]= 12130.604855 pm 5371.540050
A[8]= -3509.756752 pm 1842.907189
A[9]= -58.295884 pm 488.128970
A[10]= 2.579869 pm 0.941392
A[11]= -3849.795085 pm 4719.894112
A[12]= -418.560609 pm 1336.042265
A[13]= 821.448587 pm 347.691631
A[14]= 1487.718249 pm 9005.790725
A[15]= -1933.017605 pm 2577.382689
A[16]= 250.386299 pm 381.391948

Best-fitting parameters
A[0]= 1.048664
A[1]= 1.005513
A[2]= 0.606958
A[3]= 4.104635
A[4]= 7773.827000
A[5]= -1709.039000
A[6]= 246.388100
A[7]= 16635.870000
A[8]= -3996.665000
A[9]= -272.955500
A[10]= 2.759944
A[11]= -3881.880000
A[12]= -40.311590
A[13]= 652.800200
A[14]= -1307.950000
A[15]= -716.726300
A[16]= -44.790690
chi2_min= 56.269400


Cross-Covariance parameters
1.000000	-0.407653	-0.251145	0.149063	0.146569	-0.215890	0.111779	0.319609	-0.417371	0.175784	0.089619	0.068673	-0.095016	0.033560	0.146271	-0.204920	0.135685	
-0.407653	1.000000	0.181012	-0.271444	0.253583	-0.287134	0.102973	-0.214364	0.238155	-0.069649	-0.114011	0.117802	-0.112439	0.006828	-0.096762	0.126382	-0.078936	
-0.251145	0.181012	1.000000	-0.747436	-0.053239	0.087255	-0.070492	0.077048	0.571262	-0.918264	-0.413898	-0.018531	0.019700	-0.004187	0.054999	0.204026	-0.655950	
0.149063	-0.271444	-0.747436	1.000000	0.136951	0.247308	-0.574279	-0.047453	-0.323387	0.516223	0.327548	-0.017092	0.022256	-0.008916	-0.037024	-0.155852	0.490874	
0.146569	0.253583	-0.053239	0.136951	1.000000	-0.779590	0.008338	0.119180	-0.111344	0.024106	0.006693	0.067743	-0.069825	0.007701	0.000771	-0.020501	0.039573	
-0.215890	-0.287134	0.087255	0.247308	-0.779590	1.000000	-0.623825	-0.118688	0.259186	-0.242587	-0.009670	-0.085140	0.096698	-0.023782	-0.004381	0.036512	-0.071077	
0.111779	0.102973	-0.070492	-0.574279	0.008338	-0.623825	1.000000	0.024471	-0.259464	0.358901	0.009022	0.037276	-0.052175	0.026466	0.000821	-0.026667	0.063207	
0.319609	-0.214364	0.077048	-0.047453	0.119180	-0.118688	0.024471	1.000000	-0.726014	0.046377	-0.023970	0.010855	-0.011631	-0.002070	0.066992	-0.037793	-0.077167	
-0.417371	0.238155	0.571262	-0.323387	-0.111344	0.259186	-0.259464	-0.726014	1.000000	-0.707454	-0.239565	-0.028919	0.035171	-0.009688	-0.018749	0.164358	-0.368079	
0.175784	-0.069649	-0.918264	0.516223	0.024106	-0.242587	0.358901	0.046377	-0.707454	1.000000	0.377746	0.027965	-0.033087	0.012827	-0.062974	-0.182082	0.623484	
0.089619	-0.114011	-0.413898	0.327548	0.006693	-0.009670	0.009022	-0.023970	-0.239565	0.377746	1.000000	0.258863	0.350617	-0.870615	-0.004013	0.068726	-0.195159	
0.068673	0.117802	-0.018531	-0.017092	0.067743	-0.085140	0.037276	0.010855	-0.028919	0.027965	0.258863	1.000000	-0.753585	-0.085700	0.146154	-0.105630	-0.070355	
-0.095016	-0.112439	0.019700	0.022256	-0.069825	0.096698	-0.052175	-0.011631	0.035171	-0.033087	0.350617	-0.753585	1.000000	-0.582043	-0.132666	0.239193	-0.318382	
0.033560	0.006828	-0.004187	-0.008916	0.007701	-0.023782	0.026466	-0.002070	-0.009688	0.012827	-0.870615	-0.085700	-0.582043	1.000000	0.014290	-0.224535	0.573037	
0.146271	-0.096762	0.054999	-0.037024	0.000771	-0.004381	0.000821	0.066992	-0.018749	-0.062974	-0.004013	0.146154	-0.132666	0.014290	1.000000	-0.918749	0.309719	
-0.204920	0.126382	0.204026	-0.155852	-0.020501	0.036512	-0.026667	-0.037793	0.164358	-0.182082	0.068726	-0.105630	0.239193	-0.224535	-0.918749	1.000000	-0.640331	
0.135685	-0.078936	-0.655950	0.490874	0.039573	-0.071077	0.063207	-0.077167	-0.368079	0.623484	-0.195159	-0.070355	-0.318382	0.573037	0.309719	-0.640331	1.000000	

Time taken for mcmc chain: 2.654722 hours
