Number of steps: 11574845
Number of accepted steps: 680000
Burn-in number of steps: 10000
Accepted fraction of steps: 0.058748
Convergence Status
R[0]= 1.000460	R[1]= 1.000346	R[2]= 1.000256	R[3]= 1.000179	R[4]= 1.000327	R[5]= 1.000409	R[6]= 1.000536	R[7]= 1.000307	R[8]= 1.000326	R[9]= 1.000338	R[10]= 1.000865	R[11]= 1.000105	R[12]= 1.000611	R[13]= 1.000760	R[14]= 1.000491	R[15]= 1.000537	R[16]= 1.000126	
<R>= 1.000411

Mean parameters
A[0]= 1.043606 pm 0.078096
A[1]= 1.002008 pm 0.042558
A[2]= 0.410573 pm 0.307318
A[3]= 5.602719 pm 1.378439
A[4]= 1539.138466 pm 4992.466570
A[5]= 554.302115 pm 1628.010862
A[6]= -65.403947 pm 416.128475
A[7]= 4986.182972 pm 9139.576237
A[8]= -1196.208117 pm 3042.814077
A[9]= -273.019830 pm 697.209575
A[10]= 4.021936 pm 1.721689
A[11]= -733.170111 pm 7043.918787
A[12]= -124.331956 pm 2116.200458
A[13]= 483.264876 pm 565.254408
A[14]= 1063.456135 pm 10415.768883
A[15]= -2424.018289 pm 3129.990738
A[16]= 208.564455 pm 532.419408

Best-fitting parameters
A[0]= 1.008898
A[1]= 1.034082
A[2]= 0.354738
A[3]= 5.578771
A[4]= 3010.257000
A[5]= 149.596900
A[6]= -39.509760
A[7]= 2060.839000
A[8]= -495.058000
A[9]= -173.538100
A[10]= 4.281659
A[11]= -1717.779000
A[12]= 427.973000
A[13]= 330.643400
A[14]= -985.863800
A[15]= -1704.538000
A[16]= 184.766200
chi2_min= 65.636340


Cross-Covariance parameters
1.000000	-0.417933	-0.266940	0.031875	0.174377	-0.307494	0.220318	0.358922	-0.456249	0.189222	0.215463	0.133761	-0.054336	-0.116743	0.163379	-0.210989	0.018535	
-0.417933	1.000000	0.198972	-0.247839	0.250177	-0.245542	0.055552	-0.234356	0.268030	-0.072024	-0.221308	0.113176	-0.186742	0.124166	-0.118021	0.135629	-0.001123	
-0.266940	0.198972	1.000000	-0.613307	-0.053072	0.113866	-0.105494	0.025535	0.515089	-0.889519	-0.515705	-0.072250	-0.052643	0.169337	-0.000591	0.292992	-0.650667	
0.031875	-0.247839	-0.613307	1.000000	0.120492	0.354908	-0.681241	-0.002501	-0.208797	0.350360	0.326485	-0.014739	0.091397	-0.109613	-0.011930	-0.167572	0.411788	
0.174377	0.250177	-0.053072	0.120492	1.000000	-0.748621	0.019382	0.149082	-0.140290	0.029650	0.001063	0.092169	-0.087904	0.000327	0.011786	-0.027200	0.022256	
-0.307494	-0.245542	0.113866	0.354908	-0.748621	1.000000	-0.668782	-0.137336	0.287423	-0.284553	-0.043252	-0.125735	0.112244	0.009497	-0.028905	0.068860	-0.065655	
0.220318	0.055552	-0.105494	-0.681241	0.019382	-0.668782	1.000000	0.024906	-0.261174	0.395922	0.062933	0.068290	-0.054258	-0.013634	0.025565	-0.067140	0.074836	
0.358922	-0.234356	0.025535	-0.002501	0.149082	-0.137336	0.024906	1.000000	-0.797298	0.111033	0.018410	0.024626	-0.008947	-0.026023	0.071747	-0.047351	-0.091907	
-0.456249	0.268030	0.515089	-0.208797	-0.140290	0.287423	-0.261174	-0.797298	1.000000	-0.672346	-0.299250	-0.069617	-0.009810	0.109889	-0.059053	0.206596	-0.294866	
0.189222	-0.072024	-0.889519	0.350360	0.029650	-0.284553	0.395922	0.111033	-0.672346	1.000000	0.460396	0.076264	0.027550	-0.136563	-0.014705	-0.267450	0.631500	
0.215463	-0.221308	-0.515705	0.326485	0.001063	-0.043252	0.062933	0.018410	-0.299250	0.460396	1.000000	0.234525	0.410555	-0.892077	0.056407	-0.050160	-0.049553	
0.133761	0.113176	-0.072250	-0.014739	0.092169	-0.125735	0.068290	0.024626	-0.069617	0.076264	0.234525	1.000000	-0.734501	-0.063416	0.128228	-0.103184	-0.033044	
-0.054336	-0.186742	-0.052643	0.091397	-0.087904	0.112244	-0.054258	-0.008947	-0.009810	0.027550	0.410555	-0.734501	1.000000	-0.622261	-0.075921	0.171167	-0.251581	
-0.116743	0.124166	0.169337	-0.109613	0.000327	0.009497	-0.013634	-0.026023	0.109889	-0.136563	-0.892077	-0.063416	-0.622261	1.000000	-0.039739	-0.125628	0.410996	
0.163379	-0.118021	-0.000591	-0.011930	0.011786	-0.028905	0.025565	0.071747	-0.059053	-0.014705	0.056407	0.128228	-0.075921	-0.039739	1.000000	-0.886627	0.247127	
-0.210989	0.135629	0.292992	-0.167572	-0.027200	0.068860	-0.067140	-0.047351	0.206596	-0.267450	-0.050160	-0.103184	0.171167	-0.125628	-0.886627	1.000000	-0.635726	
0.018535	-0.001123	-0.650667	0.411788	0.022256	-0.065655	0.074836	-0.091907	-0.294866	0.631500	-0.049553	-0.033044	-0.251581	0.410996	0.247127	-0.635726	1.000000	

Time taken for mcmc chain: 3.339444 hours
