Number of steps: 26599486
Number of accepted steps: 2000000
Burn-in number of steps: 10000
Accepted fraction of steps: 0.075189
Convergence Status
R[0]= 1.002456	R[1]= 1.001016	R[2]= 1.010726	R[3]= 1.003682	R[4]= 1.001898	R[5]= 1.000397	R[6]= 1.001001	R[7]= 1.000881	R[8]= 1.002103	R[9]= 1.001665	R[10]= 1.003640	R[11]= 1.000240	R[12]= 1.000783	R[13]= 1.001767	R[14]= 1.001064	R[15]= 1.005425	R[16]= 1.006214	
<R>= 1.002645

Mean parameters
A[0]= 1.036326 pm 0.100209
A[1]= 0.992020 pm 0.079017
A[2]= 0.917760 pm 0.603951
A[3]= 3.063487 pm 1.297598
A[4]= -898.804995 pm 5060.780345
A[5]= -1083.606922 pm 1660.715417
A[6]= 710.866486 pm 412.827551
A[7]= 7703.752239 pm 8472.477367
A[8]= -2161.033676 pm 3005.421981
A[9]= -278.292904 pm 687.527653
A[10]= 3.940355 pm 1.666338
A[11]= 1048.234843 pm 7230.657140
A[12]= -11.232531 pm 2391.063622
A[13]= 188.001903 pm 614.149924
A[14]= 4910.445832 pm 10024.183499
A[15]= 973.998288 pm 3856.323429
A[16]= -1051.303928 pm 1080.338467

Best-fitting parameters
A[0]= 1.037917
A[1]= 0.950473
A[2]= 0.896090
A[3]= 2.760660
A[4]= -4275.954000
A[5]= -306.136600
A[6]= 753.072700
A[7]= 15255.050000
A[8]= -4115.504000
A[9]= -229.949100
A[10]= 4.683659
A[11]= 937.099200
A[12]= 1092.781000
A[13]= -212.247700
A[14]= 12013.830000
A[15]= 348.943400
A[16]= -1517.485000
chi2_min= 61.225270


Cross-Covariance parameters
1.000000	-0.442368	-0.329229	0.168581	0.148653	-0.270647	0.205488	0.363092	-0.505420	0.273474	0.218061	0.119823	-0.180469	0.096846	0.258375	-0.380679	0.171392	
-0.442368	1.000000	0.218426	-0.264010	0.305607	-0.241425	-0.022601	-0.231747	0.284161	-0.108865	-0.375794	0.211908	-0.278433	0.151227	-0.191950	0.160939	0.021991	
-0.329229	0.218426	1.000000	-0.731449	-0.089127	0.001576	0.107007	-0.048633	0.489062	-0.731727	-0.601027	0.006819	0.089818	-0.137195	-0.020432	0.592308	-0.781758	
0.168581	-0.264010	-0.731449	1.000000	0.088871	0.360690	-0.665757	0.047155	-0.226580	0.293815	0.502751	-0.058103	0.005974	0.064103	0.000632	-0.422753	0.577891	
0.148653	0.305607	-0.089127	0.088871	1.000000	-0.761565	0.040300	0.131850	-0.122527	0.031324	-0.052974	0.157716	-0.206970	0.103979	0.001602	-0.092307	0.115116	
-0.270647	-0.241425	0.001576	0.360690	-0.761565	1.000000	-0.669271	-0.139332	0.300824	-0.313439	0.101239	-0.168993	0.222333	-0.109782	-0.043431	0.076612	-0.036667	
0.205488	-0.022601	0.107007	-0.665757	0.040300	-0.669271	1.000000	0.051831	-0.312956	0.450458	-0.084617	0.051059	-0.070828	0.036113	0.058372	0.001709	-0.084761	
0.363092	-0.231747	-0.048633	0.047155	0.131850	-0.139332	0.051831	1.000000	-0.789332	0.159006	0.073333	0.044750	-0.029243	-0.019345	0.118650	-0.087483	-0.038314	
-0.505420	0.284161	0.489062	-0.226580	-0.122527	0.300824	-0.312956	-0.789332	1.000000	-0.714087	-0.330327	-0.047003	0.098730	-0.079367	-0.111506	0.368951	-0.351656	
0.273474	-0.108865	-0.731727	0.293815	0.031324	-0.313439	0.450458	0.159006	-0.714087	1.000000	0.436549	0.015878	-0.118624	0.153316	0.001511	-0.469717	0.632330	
0.218061	-0.375794	-0.601027	0.502751	-0.052974	0.101239	-0.084617	0.073333	-0.330327	0.436549	1.000000	0.068045	0.374279	-0.640393	0.089513	-0.182863	0.133984	
0.119823	0.211908	0.006819	-0.058103	0.157716	-0.168993	0.051059	0.044750	-0.047003	0.015878	0.068045	1.000000	-0.741437	0.034404	0.132116	-0.061842	-0.052905	
-0.180469	-0.278433	0.089818	0.005974	-0.206970	0.222333	-0.070828	-0.029243	0.098730	-0.118624	0.374279	-0.741437	1.000000	-0.687589	-0.066662	0.319079	-0.371019	
0.096846	0.151227	-0.137195	0.064103	0.103979	-0.109782	0.036113	-0.019345	-0.079367	0.153316	-0.640393	0.034404	-0.687589	1.000000	-0.052211	-0.401612	0.616664	
0.258375	-0.191950	-0.020432	0.000632	0.001602	-0.043431	0.058372	0.118650	-0.111506	0.001511	0.089513	0.132116	-0.066662	-0.052211	1.000000	-0.676628	0.064024	
-0.380679	0.160939	0.592308	-0.422753	-0.092307	0.076612	0.001709	-0.087483	0.368951	-0.469717	-0.182863	-0.061842	0.319079	-0.401612	-0.676628	1.000000	-0.759579	
0.171392	0.021991	-0.781758	0.577891	0.115116	-0.036667	-0.084761	-0.038314	-0.351656	0.632330	0.133984	-0.052905	-0.371019	0.616664	0.064024	-0.759579	1.000000	

Time taken for mcmc chain: 7.980278 hours
