Number of steps: 14834208
Number of accepted steps: 2000000
Burn-in number of steps: 10000
Accepted fraction of steps: 0.134824
Convergence Status
R[0]= 1.000285	R[1]= 1.001647	R[2]= 1.005537	R[3]= 1.003153	R[4]= 1.000299	R[5]= 1.000208	R[6]= 1.000935	R[7]= 1.000402	R[8]= 1.000787	R[9]= 1.002290	R[10]= 1.001561	R[11]= 1.000346	R[12]= 1.000565	R[13]= 1.000292	R[14]= 1.000782	R[15]= 1.001176	R[16]= 1.002044	
<R>= 1.001312

Mean parameters
A[0]= 1.080601 pm 0.117450
A[1]= 1.040217 pm 0.046248
A[2]= 0.630915 pm 0.483850
A[3]= 3.661423 pm 1.325985
A[4]= -455.237673 pm 5240.296991
A[5]= -548.508562 pm 1521.295260
A[6]= 458.511250 pm 380.704776
A[7]= -175.347582 pm 9770.980741
A[8]= 605.212517 pm 3152.633038
A[9]= -437.851756 pm 633.889010
A[10]= 3.940522 pm 1.497683
A[11]= -6734.404437 pm 6716.665448
A[12]= 1846.297835 pm 2186.338872
A[13]= 174.487381 pm 612.541165
A[14]= -3559.943038 pm 10278.677059
A[15]= 635.802482 pm 3676.197831
A[16]= -446.421389 pm 935.211324

Best-fitting parameters
A[0]= 1.031646
A[1]= 1.046526
A[2]= 0.475838
A[3]= 4.745391
A[4]= 1861.340000
A[5]= -33.775800
A[6]= 75.360680
A[7]= -147.181000
A[8]= 895.960300
A[9]= -485.982500
A[10]= 4.326012
A[11]= -6674.828000
A[12]= 1985.122000
A[13]= 126.768200
A[14]= -7769.601000
A[15]= 1288.663000
A[16]= -261.993600
chi2_min= 67.453850


Cross-Covariance parameters
1.000000	-0.375451	-0.371057	0.209123	0.304775	-0.387277	0.117321	0.385241	-0.543599	0.301287	-0.036534	0.103746	-0.352259	0.331539	0.200868	-0.438980	0.326787	
-0.375451	1.000000	0.179125	-0.153822	0.157376	-0.124675	-0.029195	-0.216245	0.265337	-0.105825	-0.242424	0.110031	-0.145694	0.082151	-0.141062	0.151920	-0.012143	
-0.371057	0.179125	1.000000	-0.740226	-0.210813	0.114232	0.134544	0.017666	0.428430	-0.816968	-0.431846	-0.020453	0.209305	-0.256270	0.071217	0.500953	-0.820122	
0.209123	-0.153822	-0.740226	1.000000	0.314836	0.160589	-0.706078	-0.004610	-0.227410	0.420646	0.360589	-0.001361	-0.121281	0.164125	-0.062218	-0.364487	0.618626	
0.304775	0.157376	-0.210813	0.314836	1.000000	-0.775775	-0.100637	0.202164	-0.240122	0.108294	-0.028358	0.086859	-0.206589	0.171324	0.028938	-0.180295	0.212568	
-0.387277	-0.124675	0.114232	0.160589	-0.775775	1.000000	-0.538211	-0.218697	0.351290	-0.286534	0.110685	-0.090076	0.231171	-0.199138	-0.066559	0.173072	-0.146245	
0.117321	-0.029195	0.134544	-0.706078	-0.100637	-0.538211	1.000000	0.045142	-0.190739	0.286926	-0.121673	0.008301	-0.042262	0.045271	0.052043	0.008322	-0.089665	
0.385241	-0.216245	0.017666	-0.004610	0.202164	-0.218697	0.045142	1.000000	-0.840772	0.147929	-0.063156	0.044851	-0.099102	0.070374	0.115001	-0.101607	-0.027901	
-0.543599	0.265337	0.428430	-0.227410	-0.240122	0.351290	-0.190739	-0.840772	1.000000	-0.640167	-0.114521	-0.046764	0.207566	-0.214662	-0.078541	0.338547	-0.368147	
0.301287	-0.105825	-0.816968	0.420646	0.108294	-0.286534	0.286926	0.147929	-0.640167	1.000000	0.331285	0.008330	-0.200237	0.260528	-0.062585	-0.435714	0.721419	
-0.036534	-0.242424	-0.431846	0.360589	-0.028358	0.110685	-0.121673	-0.063156	-0.114521	0.331285	1.000000	0.205947	0.340198	-0.706936	-0.023651	-0.011751	0.029569	
0.103746	0.110031	-0.020453	-0.001361	0.086859	-0.090076	0.008301	0.044851	-0.046764	0.008330	0.205947	1.000000	-0.694610	-0.045049	0.120770	-0.072504	-0.047653	
-0.352259	-0.145694	0.209305	-0.121281	-0.206589	0.231171	-0.042262	-0.099102	0.207566	-0.200237	0.340198	-0.694610	1.000000	-0.678541	-0.107305	0.378856	-0.426448	
0.331539	0.082151	-0.256270	0.164125	0.171324	-0.199138	0.045271	0.070374	-0.214662	0.260528	-0.706936	-0.045049	-0.678541	1.000000	0.013044	-0.434511	0.639404	
0.200868	-0.141062	0.071217	-0.062218	0.028938	-0.066559	0.052043	0.115001	-0.078541	-0.062585	-0.023651	0.120770	-0.107305	0.013044	1.000000	-0.731288	0.092983	
-0.438980	0.151920	0.500953	-0.364487	-0.180295	0.173072	0.008322	-0.101607	0.338547	-0.435714	-0.011751	-0.072504	0.378856	-0.434511	-0.731288	1.000000	-0.726574	
0.326787	-0.012143	-0.820122	0.618626	0.212568	-0.146245	-0.089665	-0.027901	-0.368147	0.721419	0.029569	-0.047653	-0.426448	0.639404	0.092983	-0.726574	1.000000	

Time taken for mcmc chain: 4.532778 hours
