Number of steps: 2891111
Number of accepted steps: 1020000
Burn-in number of steps: 10000
Accepted fraction of steps: 0.352806
Convergence Status
R[0]= 1.000650	R[1]= 1.000267	R[2]= 1.000457	R[3]= 1.000586	R[4]= 1.000574	R[5]= 1.000985	R[6]= 1.000560	R[7]= 1.000457	R[8]= 1.000281	R[9]= 1.000249	R[10]= 1.000093	R[11]= 1.000273	R[12]= 1.000216	R[13]= 1.000090	R[14]= 1.000416	R[15]= 1.000174	R[16]= 1.000326	
<R>= 1.000391

Mean parameters
A[0]= 1.121544 pm 0.039615
A[1]= 1.019737 pm 0.019677
A[2]= 0.225794 pm 0.148131
A[3]= 5.627352 pm 0.755586
A[4]= 3618.990670 pm 3214.548995
A[5]= -194.931960 pm 881.635924
A[6]= -49.035253 pm 211.749039
A[7]= 10295.455905 pm 5942.070969
A[8]= -4391.843438 pm 1731.144925
A[9]= 345.041701 pm 361.345193
A[10]= 4.134574 pm 1.018538
A[11]= 5000.518305 pm 4878.683428
A[12]= -1451.497184 pm 1282.818434
A[13]= 448.114043 pm 335.060165
A[14]= 12878.797511 pm 5649.506459
A[15]= -4477.774195 pm 1712.740595
A[16]= 350.627525 pm 314.353230

Best-fitting parameters
A[0]= 1.130067
A[1]= 1.015206
A[2]= 0.151401
A[3]= 5.739578
A[4]= 1914.657000
A[5]= 75.320260
A[6]= -14.771080
A[7]= 11896.300000
A[8]= -5320.166000
A[9]= 561.183900
A[10]= 4.109739
A[11]= 4128.977000
A[12]= -1350.491000
A[13]= 498.903200
A[14]= 19335.100000
A[15]= -6513.432000
A[16]= 572.466500
chi2_min= 32.289250


Cross-Covariance parameters
1.000000	-0.375458	-0.207634	0.096463	0.139288	-0.189511	0.056346	0.307634	-0.390869	0.131685	-0.054858	0.008926	-0.113789	0.135920	0.105519	-0.193148	0.120768	
-0.375458	1.000000	0.131691	-0.176327	0.254603	-0.284372	0.062623	-0.206184	0.233279	-0.053007	-0.148381	0.127257	-0.180703	0.086743	-0.083694	0.098480	-0.002405	
-0.207634	0.131691	1.000000	-0.603000	-0.000838	0.043783	-0.079788	0.135748	0.364901	-0.927282	-0.316066	-0.000214	0.031561	-0.053644	0.051960	0.319837	-0.806983	
0.096463	-0.176327	-0.603000	1.000000	0.228884	0.231754	-0.718204	-0.034262	-0.190800	0.406097	0.215390	-0.020141	0.016461	0.008355	-0.027420	-0.188938	0.474814	
0.139288	0.254603	-0.000838	0.228884	1.000000	-0.798610	-0.107333	0.152458	-0.130856	-0.017087	-0.067364	0.051690	-0.096144	0.064270	-0.003464	-0.009682	0.020694	
-0.189511	-0.284372	0.043783	0.231754	-0.798610	1.000000	-0.501957	-0.127129	0.193833	-0.152831	0.070217	-0.062795	0.119677	-0.083678	0.004901	0.029778	-0.061312	
0.056346	0.062623	-0.079788	-0.718204	-0.107333	-0.501957	1.000000	-0.030376	-0.112712	0.285371	0.002611	0.019938	-0.036829	0.027801	-0.007034	-0.031112	0.075160	
0.307634	-0.206184	0.135748	-0.034262	0.152458	-0.127129	-0.030376	1.000000	-0.848912	0.061958	-0.077115	-0.015704	-0.007845	0.028082	0.044851	0.004630	-0.136188	
-0.390869	0.233279	0.364901	-0.190800	-0.130856	0.193833	-0.112712	-0.848912	1.000000	-0.561849	-0.080104	0.009233	0.029774	-0.055890	-0.013933	0.152314	-0.272308	
0.131685	-0.053007	-0.927282	0.406097	-0.017087	-0.152831	0.285371	0.061958	-0.561849	1.000000	0.290726	0.007993	-0.036185	0.051428	-0.062008	-0.285959	0.757218	
-0.054858	-0.148381	-0.316066	0.215390	-0.067364	0.070217	0.002611	-0.077115	-0.080104	0.290726	1.000000	0.341243	0.271267	-0.899726	0.021944	0.002493	-0.085273	
0.008926	0.127257	-0.000214	-0.020141	0.051690	-0.062795	0.019938	-0.015704	0.009233	0.007993	0.341243	1.000000	-0.768125	-0.165884	0.097025	-0.063211	-0.083849	
-0.113789	-0.180703	0.031561	0.016461	-0.096144	0.119677	-0.036829	-0.007845	0.029774	-0.036185	0.271267	-0.768125	1.000000	-0.494525	-0.075946	0.167939	-0.200872	
0.135920	0.086743	-0.053644	0.008355	0.064270	-0.083678	0.027801	0.028082	-0.055890	0.051428	-0.899726	-0.165884	-0.494525	1.000000	-0.019461	-0.165341	0.429790	
0.105519	-0.083694	0.051960	-0.027420	-0.003464	0.004901	-0.007034	0.044851	-0.013933	-0.062008	0.021944	0.097025	-0.075946	-0.019461	1.000000	-0.863565	0.217861	
-0.193148	0.098480	0.319837	-0.188938	-0.009682	0.029778	-0.031112	0.004630	0.152314	-0.285959	0.002493	-0.063211	0.167939	-0.165341	-0.863565	1.000000	-0.641031	
0.120768	-0.002405	-0.806983	0.474814	0.020694	-0.061312	0.075160	-0.136188	-0.272308	0.757218	-0.085273	-0.083849	-0.200872	0.429790	0.217861	-0.641031	1.000000	

Time taken for mcmc chain: 54.033333 minutes
