Number of steps: 5091598
Number of accepted steps: 1710000
Burn-in number of steps: 10000
Accepted fraction of steps: 0.335847
Convergence Status
R[0]= 1.000411	R[1]= 1.000321	R[2]= 1.000482	R[3]= 1.000897	R[4]= 1.000102	R[5]= 1.000407	R[6]= 1.000725	R[7]= 1.000198	R[8]= 1.000151	R[9]= 1.000164	R[10]= 1.000262	R[11]= 1.000487	R[12]= 1.000604	R[13]= 1.000233	R[14]= 1.000124	R[15]= 1.000155	R[16]= 1.000451	
<R>= 1.000363

Mean parameters
A[0]= 0.982352 pm 0.035676
A[1]= 1.005718 pm 0.018699
A[2]= 0.315527 pm 0.182203
A[3]= 6.145786 pm 0.895179
A[4]= 5606.208142 pm 3075.099883
A[5]= 73.705101 pm 960.722953
A[6]= -222.523921 pm 233.077970
A[7]= 329.625897 pm 7031.252309
A[8]= -751.809428 pm 2204.979829
A[9]= 8.639830 pm 467.315569
A[10]= 4.484049 pm 1.058316
A[11]= 2772.428510 pm 4665.882679
A[12]= -441.910113 pm 1364.706288
A[13]= 305.830068 pm 356.168436
A[14]= -8537.069892 pm 7619.308935
A[15]= 1515.893487 pm 2307.051928
A[16]= 8.497328 pm 395.351066

Best-fitting parameters
A[0]= 0.985072
A[1]= 1.013175
A[2]= 0.377825
A[3]= 6.036007
A[4]= 6045.874000
A[5]= 208.319400
A[6]= -314.088600
A[7]= -410.140000
A[8]= 84.744040
A[9]= -238.181800
A[10]= 4.560057
A[11]= 3087.286000
A[12]= -299.335400
A[13]= 200.647400
A[14]= -14324.390000
A[15]= 3589.842000
A[16]= -277.928800
chi2_min= 42.980090


Cross-Covariance parameters
1.000000	-0.427051	-0.225835	0.103824	0.179135	-0.236304	0.104325	0.361734	-0.418212	0.161487	0.053657	0.072352	-0.118678	0.061040	0.148668	-0.214133	0.119484	
-0.427051	1.000000	0.170541	-0.256833	0.160002	-0.208635	0.112139	-0.257496	0.274426	-0.086105	-0.068939	0.133382	-0.088241	-0.039108	-0.108107	0.150421	-0.091097	
-0.225835	0.170541	1.000000	-0.702468	-0.087596	0.146579	-0.119906	0.044396	0.483382	-0.934885	-0.389752	-0.011207	0.082882	-0.105202	0.028861	0.347583	-0.830400	
0.103824	-0.256833	-0.702468	1.000000	0.159611	0.250793	-0.595061	-0.063878	-0.239024	0.522792	0.279145	-0.031282	-0.021419	0.071582	-0.022164	-0.239952	0.580142	
0.179135	0.160002	-0.087596	0.159611	1.000000	-0.770465	0.036532	0.167015	-0.182045	0.087286	0.029032	0.069683	-0.069944	0.008312	0.014107	-0.045626	0.065332	
-0.236304	-0.208635	0.146579	0.250793	-0.770465	1.000000	-0.656960	-0.191354	0.308880	-0.276865	-0.046002	-0.089609	0.097552	-0.022402	-0.015607	0.072930	-0.120426	
0.104325	0.112139	-0.119906	-0.595061	0.036532	-0.656960	1.000000	0.085212	-0.249828	0.327086	0.039703	0.044873	-0.055043	0.021469	0.003394	-0.053420	0.108640	
0.361734	-0.257496	0.044396	-0.063878	0.167015	-0.191354	0.085212	1.000000	-0.831691	0.146974	-0.028951	0.000880	-0.013017	0.010552	0.065374	-0.038663	-0.069320	
-0.418212	0.274426	0.483382	-0.239024	-0.182045	0.308880	-0.249828	-0.831691	1.000000	-0.661182	-0.177824	-0.011728	0.060128	-0.065670	-0.036921	0.212772	-0.378379	
0.161487	-0.086105	-0.934885	0.522792	0.087286	-0.276865	0.327086	0.146974	-0.661182	1.000000	0.364093	0.015908	-0.083303	0.100513	-0.039424	-0.317102	0.786859	
0.053657	-0.068939	-0.389752	0.279145	0.029032	-0.046002	0.039703	-0.028951	-0.177824	0.364093	1.000000	0.231661	0.370171	-0.844456	-0.047716	0.036848	0.016470	
0.072352	0.133382	-0.011207	-0.031282	0.069683	-0.089609	0.044873	0.000880	-0.011728	0.015908	0.231661	1.000000	-0.743086	-0.057647	0.104344	-0.080088	-0.024504	
-0.118678	-0.088241	0.082882	-0.021419	-0.069944	0.097552	-0.055043	-0.013017	0.060128	-0.083303	0.370171	-0.743086	1.000000	-0.617356	-0.129140	0.246159	-0.285752	
0.061040	-0.039108	-0.105202	0.071582	0.008312	-0.022402	0.021469	0.010552	-0.065670	0.100513	-0.844456	-0.057647	-0.617356	1.000000	0.063949	-0.263303	0.452595	
0.148668	-0.108107	0.028861	-0.022164	0.014107	-0.015607	0.003394	0.065374	-0.036921	-0.039424	-0.047716	0.104344	-0.129140	0.063949	1.000000	-0.882531	0.280523	
-0.214133	0.150421	0.347583	-0.239952	-0.045626	0.072930	-0.053420	-0.038663	0.212772	-0.317102	0.036848	-0.080088	0.246159	-0.263303	-0.882531	1.000000	-0.678001	
0.119484	-0.091097	-0.830400	0.580142	0.065332	-0.120426	0.108640	-0.069320	-0.378379	0.786859	0.016470	-0.024504	-0.285752	0.452595	0.280523	-0.678001	1.000000	

Time taken for mcmc chain: 1.686389 hours
