Number of steps: 16327068
Number of accepted steps: 2000000
Burn-in number of steps: 10000
Accepted fraction of steps: 0.122496
Convergence Status
R[0]= 1.000397	R[1]= 1.001413	R[2]= 1.001659	R[3]= 1.000231	R[4]= 1.000491	R[5]= 1.000822	R[6]= 1.000789	R[7]= 1.000030	R[8]= 1.000261	R[9]= 1.001940	R[10]= 1.001457	R[11]= 1.000064	R[12]= 1.000703	R[13]= 1.001535	R[14]= 1.000476	R[15]= 1.000299	R[16]= 1.000624	
<R>= 1.000776

Mean parameters
A[0]= 0.891756 pm 0.164926
A[1]= 1.027058 pm 0.062776
A[2]= 0.290040 pm 0.276358
A[3]= 3.050175 pm 1.223118
A[4]= -2096.179539 pm 5081.942315
A[5]= -1286.946418 pm 1655.060143
A[6]= 1023.104426 pm 408.661752
A[7]= -289.106236 pm 9669.780785
A[8]= -1298.842009 pm 2822.859269
A[9]= 442.505767 pm 376.919519
A[10]= 7.717744 pm 2.317654
A[11]= 1250.788258 pm 8294.927017
A[12]= 2600.276324 pm 3123.280059
A[13]= -626.936186 pm 659.116743
A[14]= 6610.754451 pm 10225.838640
A[15]= -3472.564319 pm 3513.411217
A[16]= 490.378500 pm 756.924594

Best-fitting parameters
A[0]= 0.987082
A[1]= 0.991850
A[2]= 0.006189
A[3]= 3.476077
A[4]= -1049.466000
A[5]= -1755.597000
A[6]= 1079.990000
A[7]= 1211.798000
A[8]= -2645.667000
A[9]= 724.087500
A[10]= 8.987736
A[11]= 573.925500
A[12]= 2624.562000
A[13]= -648.607000
A[14]= 14185.470000
A[15]= -7148.871000
A[16]= 1121.305000
chi2_min= 45.556770


Cross-Covariance parameters
1.000000	-0.454335	-0.245163	0.170441	0.395747	-0.278394	-0.110173	0.379462	-0.321414	-0.212466	-0.190229	0.498463	-0.570599	0.314442	0.503976	-0.413797	-0.270178	
-0.454335	1.000000	0.301473	-0.214553	0.030366	-0.062738	0.066347	-0.249189	0.258971	0.012876	-0.257403	0.061368	-0.078959	0.076554	-0.312814	0.303095	0.079641	
-0.245163	0.301473	1.000000	-0.332065	-0.128280	0.178958	-0.106536	-0.098907	0.348512	-0.680312	-0.521769	-0.154273	0.138191	-0.029674	-0.152340	0.597237	-0.756177	
0.170441	-0.214553	-0.332065	1.000000	0.146088	0.439296	-0.867471	-0.026292	0.032636	-0.020975	0.173808	0.061654	-0.054519	0.007910	0.098004	-0.223752	0.198385	
0.395747	0.030366	-0.128280	0.146088	1.000000	-0.764530	0.032015	0.239508	-0.224798	-0.020837	-0.125738	0.291248	-0.334229	0.192301	0.185832	-0.182238	-0.047452	
-0.278394	-0.062738	0.178958	0.439296	-0.764530	1.000000	-0.659308	-0.256669	0.337494	-0.237186	0.054721	-0.233676	0.268680	-0.156545	-0.132449	0.179510	-0.057078	
-0.110173	0.066347	-0.106536	-0.867471	0.032015	-0.659308	1.000000	0.090631	-0.235947	0.408354	0.085082	-0.032518	0.035365	-0.016031	-0.050511	-0.031237	0.159526	
0.379462	-0.249189	-0.098907	-0.026292	0.239508	-0.256669	0.090631	1.000000	-0.932492	0.284959	-0.044569	0.162810	-0.188867	0.104782	0.207738	-0.170115	-0.106199	
-0.321414	0.258971	0.348512	0.032636	-0.224798	0.337494	-0.235947	-0.932492	1.000000	-0.581722	-0.123335	-0.143603	0.157332	-0.075645	-0.181398	0.285311	-0.150275	
-0.212466	0.012876	-0.680312	-0.020975	-0.020837	-0.237186	0.408354	0.284959	-0.581722	1.000000	0.470316	-0.071749	0.109752	-0.094056	-0.099720	-0.296887	0.726503	
-0.190229	-0.257403	-0.521769	0.173808	-0.125738	0.054721	0.085082	-0.044569	-0.123335	0.470316	1.000000	-0.087438	0.515156	-0.794746	-0.124543	-0.100724	0.412044	
0.498463	0.061368	-0.154273	0.061654	0.291248	-0.233676	-0.032518	0.162810	-0.143603	-0.071749	-0.087438	1.000000	-0.824949	0.269281	0.292819	-0.266873	-0.073777	
-0.570599	-0.078959	0.138191	-0.054519	-0.334229	0.268680	0.035365	-0.188867	0.157332	0.109752	0.515156	-0.824949	1.000000	-0.756933	-0.360889	0.381323	0.008269	
0.314442	0.076554	-0.029674	0.007910	0.192301	-0.156545	-0.016031	0.104782	-0.075645	-0.094056	-0.794746	0.269281	-0.756933	1.000000	0.245904	-0.316163	0.094675	
0.503976	-0.312814	-0.152340	0.098004	0.185832	-0.132449	-0.050511	0.207738	-0.181398	-0.099720	-0.124543	0.292819	-0.360889	0.245904	1.000000	-0.816800	0.038358	
-0.413797	0.303095	0.597237	-0.223752	-0.182238	0.179510	-0.031237	-0.170115	0.285311	-0.296887	-0.100724	-0.266873	0.381323	-0.316163	-0.816800	1.000000	-0.555455	
-0.270178	0.079641	-0.756177	0.198385	-0.047452	-0.057078	0.159526	-0.106199	-0.150275	0.726503	0.412044	-0.073777	0.008269	0.094675	0.038358	-0.555455	1.000000	

Time taken for mcmc chain: 6.262222 hours
