Number of steps: 14363066
Number of accepted steps: 1660000
Burn-in number of steps: 10000
Accepted fraction of steps: 0.115574
Convergence Status
R[0]= 1.000432	R[1]= 1.000491	R[2]= 1.000954	R[3]= 1.000601	R[4]= 1.000837	R[5]= 1.000883	R[6]= 1.000905	R[7]= 1.000343	R[8]= 1.000726	R[9]= 1.000764	R[10]= 1.000415	R[11]= 1.000410	R[12]= 1.000322	R[13]= 1.000275	R[14]= 1.000358	R[15]= 1.000391	R[16]= 1.000446	
<R>= 1.000562

Mean parameters
A[0]= 0.957006 pm 0.058118
A[1]= 0.979558 pm 0.038705
A[2]= 0.656794 pm 0.387488
A[3]= 6.270906 pm 1.618486
A[4]= -972.746583 pm 4887.416381
A[5]= 2534.973235 pm 1794.902055
A[6]= -588.473383 pm 448.869186
A[7]= 8786.728298 pm 8006.715868
A[8]= -97.822306 pm 3448.076907
A[9]= -945.591525 pm 957.234978
A[10]= 2.594919 pm 1.491286
A[11]= 8835.819452 pm 6035.818670
A[12]= -3982.728523 pm 2095.512039
A[13]= 1164.639452 pm 570.169460
A[14]= 2385.566384 pm 10238.535978
A[15]= -1759.311407 pm 3225.823050
A[16]= 132.509422 pm 562.687035

Best-fitting parameters
A[0]= 0.961287
A[1]= 0.971648
A[2]= 0.712849
A[3]= 6.291720
A[4]= 597.863300
A[5]= 2603.340000
A[6]= -750.675300
A[7]= 16699.890000
A[8]= -1145.616000
A[9]= -1241.467000
A[10]= 1.827335
A[11]= 7662.393000
A[12]= -4235.726000
A[13]= 1389.353000
A[14]= 11054.050000
A[15]= -4243.433000
A[16]= 353.246300
chi2_min= 70.631110


Cross-Covariance parameters
1.000000	-0.445941	-0.333898	0.216794	0.228870	-0.284330	0.147754	0.357876	-0.446174	0.221717	0.126949	0.072622	-0.076432	0.014988	0.111966	-0.187567	0.134675	
-0.445941	1.000000	0.284189	-0.376388	0.215811	-0.231774	0.110367	-0.224064	0.267767	-0.118320	-0.087630	0.066769	-0.009141	-0.062813	-0.077908	0.155710	-0.156871	
-0.333898	0.284189	1.000000	-0.761423	-0.096037	0.157578	-0.128377	-0.057267	0.706200	-0.896043	-0.455860	-0.032955	-0.035332	0.090698	-0.010721	0.259202	-0.528872	
0.216794	-0.376388	-0.761423	1.000000	0.056522	0.284572	-0.498563	0.036965	-0.406662	0.507512	0.352803	-0.005369	0.047567	-0.062905	0.013825	-0.206230	0.413791	
0.228870	0.215811	-0.096037	0.056522	1.000000	-0.753019	0.153924	0.153654	-0.172571	0.095714	0.048055	0.062726	-0.034522	-0.025895	0.019858	-0.034532	0.028777	
-0.284330	-0.231774	0.157578	0.284572	-0.753019	1.000000	-0.758814	-0.155060	0.374837	-0.365987	-0.082131	-0.076585	0.042618	0.030508	-0.018709	0.055270	-0.071907	
0.147754	0.110367	-0.128377	-0.498563	0.153924	-0.758814	1.000000	0.066437	-0.377484	0.451637	0.070541	0.042971	-0.022786	-0.017936	0.003421	-0.042136	0.076815	
0.357876	-0.224064	-0.057267	0.036965	0.153654	-0.155060	0.066437	1.000000	-0.667882	0.134618	0.011180	0.020775	-0.034243	0.021573	0.051300	-0.062498	0.015974	
-0.446174	0.267767	0.706200	-0.406662	-0.172571	0.374837	-0.377484	-0.667882	1.000000	-0.816804	-0.328599	-0.043313	-0.001347	0.055479	-0.035638	0.215455	-0.378104	
0.221717	-0.118320	-0.896043	0.507512	0.095714	-0.365987	0.451637	0.134618	-0.816804	1.000000	0.434590	0.038472	0.037201	-0.098696	-0.005071	-0.226971	0.496510	
0.126949	-0.087630	-0.455860	0.352803	0.048055	-0.082131	0.070541	0.011180	-0.328599	0.434590	1.000000	0.113963	0.538803	-0.882580	-0.010999	0.129894	-0.270593	
0.072622	0.066769	-0.032955	-0.005369	0.062726	-0.076585	0.042971	0.020775	-0.043313	0.038472	0.113963	1.000000	-0.702085	0.055519	0.105938	-0.082555	-0.013342	
-0.076432	-0.009141	-0.035332	0.047567	-0.034522	0.042618	-0.022786	-0.034243	-0.001347	0.037201	0.538803	-0.702085	1.000000	-0.743016	-0.102221	0.287365	-0.432588	
0.014988	-0.062813	0.090698	-0.062905	-0.025895	0.030508	-0.017936	0.021573	0.055479	-0.098696	-0.882580	0.055519	-0.743016	1.000000	0.041362	-0.321754	0.621769	
0.111966	-0.077908	-0.010721	0.013825	0.019858	-0.018709	0.003421	0.051300	-0.035638	-0.005071	-0.010999	0.105938	-0.102221	0.041362	1.000000	-0.872083	0.309061	
-0.187567	0.155710	0.259202	-0.206230	-0.034532	0.055270	-0.042136	-0.062498	0.215455	-0.226971	0.129894	-0.082555	0.287365	-0.321754	-0.872083	1.000000	-0.713555	
0.134675	-0.156871	-0.528872	0.413791	0.028777	-0.071907	0.076815	0.015974	-0.378104	0.496510	-0.270593	-0.013342	-0.432588	0.621769	0.309061	-0.713555	1.000000	

Time taken for mcmc chain: 4.286111 hours
