Number of steps: 14326104
Number of accepted steps: 2000000
Burn-in number of steps: 10000
Accepted fraction of steps: 0.139605
Convergence Status
R[0]= 1.001655	R[1]= 1.002214	R[2]= 1.004024	R[3]= 1.002561	R[4]= 1.000831	R[5]= 1.000452	R[6]= 1.000581	R[7]= 1.000874	R[8]= 1.001592	R[9]= 1.001880	R[10]= 1.001487	R[11]= 1.000091	R[12]= 1.001393	R[13]= 1.002006	R[14]= 1.000348	R[15]= 1.000886	R[16]= 1.001875	
<R>= 1.001456

Mean parameters
A[0]= 0.987786 pm 0.109475
A[1]= 1.069952 pm 0.049235
A[2]= 0.438790 pm 0.324832
A[3]= 5.265085 pm 1.335339
A[4]= 7727.426638 pm 5374.717556
A[5]= -1643.118189 pm 1677.912762
A[6]= 124.910093 pm 398.905282
A[7]= 387.223919 pm 10112.106527
A[8]= -125.968891 pm 3354.942217
A[9]= -140.031580 pm 694.823014
A[10]= 3.258841 pm 1.531246
A[11]= -8580.875888 pm 6324.057759
A[12]= 1022.724331 pm 2084.282954
A[13]= 634.275460 pm 574.981465
A[14]= 1885.513203 pm 10424.201228
A[15]= -2104.924932 pm 3315.012280
A[16]= 348.523253 pm 544.304087

Best-fitting parameters
A[0]= 1.007471
A[1]= 1.054163
A[2]= 0.398174
A[3]= 5.688364
A[4]= 9583.125000
A[5]= -1774.540000
A[6]= 3.536116
A[7]= -401.771300
A[8]= 416.955900
A[9]= -286.675200
A[10]= 3.967375
A[11]= -8468.175000
A[12]= 1681.157000
A[13]= 351.891900
A[14]= 10061.620000
A[15]= -3995.167000
A[16]= 328.313400
chi2_min= 55.078030


Cross-Covariance parameters
1.000000	-0.422989	-0.320189	0.163610	0.406786	-0.452423	0.114777	0.494621	-0.535910	0.124304	-0.161761	0.102150	-0.333603	0.316209	0.221576	-0.340710	0.203359	
-0.422989	1.000000	0.261190	-0.302112	0.124811	-0.141711	0.058579	-0.299316	0.332052	-0.089768	-0.163159	0.081641	-0.071567	0.009176	-0.139110	0.181553	-0.065822	
-0.320189	0.261190	1.000000	-0.668361	-0.179228	0.245146	-0.138672	-0.042572	0.527757	-0.879636	-0.348803	-0.060911	0.121933	-0.086970	-0.021271	0.343177	-0.720043	
0.163610	-0.302112	-0.668361	1.000000	0.233372	0.168900	-0.602522	-0.004835	-0.228576	0.419689	0.277343	0.020872	-0.038384	0.023276	0.016277	-0.224019	0.468311	
0.406786	0.124811	-0.179228	0.233372	1.000000	-0.786330	-0.016390	0.236627	-0.251310	0.075350	-0.119882	0.100910	-0.235943	0.194779	0.073643	-0.157647	0.161998	
-0.452423	-0.141711	0.245146	0.168900	-0.786330	1.000000	-0.593273	-0.269584	0.415521	-0.314434	0.102854	-0.105363	0.249607	-0.207970	-0.072278	0.182873	-0.219794	
0.114777	0.058579	-0.138672	-0.602522	-0.016390	-0.593273	1.000000	0.093828	-0.308459	0.406737	0.017018	0.022534	-0.052814	0.044370	0.003041	-0.059938	0.121604	
0.494621	-0.299316	-0.042572	-0.004835	0.236627	-0.269584	0.093828	1.000000	-0.832435	0.127859	-0.109744	0.030609	-0.140167	0.146121	0.122890	-0.143235	0.007932	
-0.535910	0.332052	0.527757	-0.228576	-0.251310	0.415521	-0.308459	-0.832435	1.000000	-0.636766	-0.091945	-0.054358	0.166624	-0.153447	-0.097973	0.277210	-0.372560	
0.124304	-0.089768	-0.879636	0.419689	0.075350	-0.314434	0.406737	0.127859	-0.636766	1.000000	0.353863	0.045300	-0.060838	0.027036	-0.033873	-0.255193	0.658307	
-0.161761	-0.163159	-0.348803	0.277343	-0.119882	0.102854	0.017018	-0.109744	-0.091945	0.353863	1.000000	0.193993	0.461163	-0.862045	-0.094388	0.135447	-0.097346	
0.102150	0.081641	-0.060911	0.020872	0.100910	-0.105363	0.022534	0.030609	-0.054358	0.045300	0.193993	1.000000	-0.696290	-0.024403	0.100440	-0.079442	-0.018413	
-0.333603	-0.071567	0.121933	-0.038384	-0.235943	0.249607	-0.052814	-0.140167	0.166624	-0.060838	0.461163	-0.696290	1.000000	-0.691628	-0.174554	0.323647	-0.354434	
0.316209	0.009176	-0.086970	0.023276	0.194779	-0.207970	0.044370	0.146121	-0.153447	0.027036	-0.862045	-0.024403	-0.691628	1.000000	0.136161	-0.358693	0.508209	
0.221576	-0.139110	-0.021271	0.016277	0.073643	-0.072278	0.003041	0.122890	-0.097973	-0.033873	-0.094388	0.100440	-0.174554	0.136161	1.000000	-0.881336	0.321368	
-0.340710	0.181553	0.343177	-0.224019	-0.157647	0.182873	-0.059938	-0.143235	0.277210	-0.255193	0.135447	-0.079442	0.323647	-0.358693	-0.881336	1.000000	-0.701606	
0.203359	-0.065822	-0.720043	0.468311	0.161998	-0.219794	0.121604	0.007932	-0.372560	0.658307	-0.097346	-0.018413	-0.354434	0.508209	0.321368	-0.701606	1.000000	

Time taken for mcmc chain: 4.643889 hours
