Number of steps: 8034371
Number of accepted steps: 1680000
Burn-in number of steps: 10000
Accepted fraction of steps: 0.209102
Convergence Status
R[0]= 1.000362	R[1]= 1.000278	R[2]= 1.000932	R[3]= 1.000657	R[4]= 1.000433	R[5]= 1.000838	R[6]= 1.000624	R[7]= 1.000509	R[8]= 1.000360	R[9]= 1.000626	R[10]= 1.000865	R[11]= 1.000506	R[12]= 1.000074	R[13]= 1.000441	R[14]= 1.000415	R[15]= 1.000450	R[16]= 1.000673	
<R>= 1.000532

Mean parameters
A[0]= 1.064393 pm 0.071205
A[1]= 0.983592 pm 0.032341
A[2]= 0.473939 pm 0.259620
A[3]= 3.618192 pm 0.757238
A[4]= -3120.054491 pm 3108.811288
A[5]= 905.302446 pm 968.633643
A[6]= 357.437909 pm 238.899649
A[7]= 7713.551939 pm 6603.055235
A[8]= -2837.501762 pm 2120.316033
A[9]= 94.113050 pm 411.203682
A[10]= 5.356960 pm 1.271804
A[11]= 1359.909993 pm 5004.564887
A[12]= 1006.721434 pm 1498.626302
A[13]= -203.661246 pm 367.363532
A[14]= 211.083791 pm 9565.830868
A[15]= -125.370340 pm 2977.364719
A[16]= -411.306415 pm 582.994566

Best-fitting parameters
A[0]= 1.057778
A[1]= 0.983293
A[2]= 0.369896
A[3]= 3.609505
A[4]= -4196.223000
A[5]= 932.032300
A[6]= 431.082000
A[7]= 9541.152000
A[8]= -3799.224000
A[9]= 322.515500
A[10]= 5.871537
A[11]= 2105.590000
A[12]= 977.166800
A[13]= -282.404400
A[14]= -1798.299000
A[15]= -174.745900
A[16]= -257.788100
chi2_min= 56.271490


Cross-Covariance parameters
1.000000	-0.489319	-0.373712	0.041501	0.147528	-0.354073	0.324685	0.401770	-0.548295	0.354851	0.312371	0.238960	-0.197371	-0.053354	0.392066	-0.503207	0.224569	
-0.489319	1.000000	0.272860	-0.161974	0.200732	-0.086470	-0.132949	-0.265491	0.348413	-0.214882	-0.418264	0.129060	-0.267737	0.252868	-0.271000	0.301394	-0.077455	
-0.373712	0.272860	1.000000	-0.625891	-0.049051	0.129547	-0.136650	-0.029699	0.481131	-0.889586	-0.655196	-0.059543	0.041183	0.022594	-0.019579	0.462180	-0.852979	
0.041501	-0.161974	-0.625891	1.000000	0.149100	0.298787	-0.652494	-0.020248	-0.153109	0.325171	0.418221	-0.032096	0.048797	-0.027177	-0.064022	-0.219141	0.544935	
0.147528	0.200732	-0.049051	0.149100	1.000000	-0.764087	0.013203	0.184216	-0.162854	0.026191	-0.034881	0.125975	-0.160010	0.069990	0.030646	-0.062817	0.059930	
-0.354073	-0.086470	0.129547	0.298787	-0.764087	1.000000	-0.646456	-0.225821	0.344606	-0.311749	-0.035647	-0.166605	0.193695	-0.059268	-0.112275	0.170995	-0.113243	
0.324685	-0.132949	-0.136650	-0.652494	0.013203	-0.646456	1.000000	0.108806	-0.318018	0.450672	0.103942	0.078406	-0.074119	-0.004019	0.121112	-0.170597	0.097864	
0.401770	-0.265491	-0.029699	-0.020248	0.184216	-0.225821	0.108806	1.000000	-0.858896	0.222321	0.068328	0.078142	-0.050596	-0.044268	0.199397	-0.176570	-0.033120	
-0.548295	0.348413	0.481131	-0.153109	-0.162854	0.344606	-0.318018	-0.858896	1.000000	-0.676051	-0.355845	-0.106143	0.078054	0.041335	-0.190782	0.375532	-0.364665	
0.354851	-0.214882	-0.889586	0.325171	0.026191	-0.311749	0.450672	0.222321	-0.676051	1.000000	0.575337	0.064672	-0.059584	-0.002074	0.021218	-0.423417	0.774318	
0.312371	-0.418264	-0.655196	0.418221	-0.034881	-0.035647	0.103942	0.068328	-0.355845	0.575337	1.000000	0.168840	0.319055	-0.737696	0.111543	-0.263437	0.290479	
0.238960	0.129060	-0.059543	-0.032096	0.125975	-0.166605	0.078406	0.078142	-0.106143	0.064672	0.168840	1.000000	-0.775912	-0.014267	0.207653	-0.192592	0.011083	
-0.197371	-0.267737	0.041183	0.048797	-0.160010	0.193695	-0.074119	-0.050596	0.078054	-0.059584	0.319055	-0.775912	1.000000	-0.610171	-0.129510	0.238935	-0.247395	
-0.053354	0.252868	0.022594	-0.027177	0.069990	-0.059268	-0.004019	-0.044268	0.041335	-0.002074	-0.737696	-0.014267	-0.610171	1.000000	-0.079095	-0.109432	0.375530	
0.392066	-0.271000	-0.019579	-0.064022	0.030646	-0.112275	0.121112	0.199397	-0.190782	0.021218	0.111543	0.207653	-0.129510	-0.079095	1.000000	-0.854019	0.148076	
-0.503207	0.301394	0.462180	-0.219141	-0.062817	0.170995	-0.170597	-0.176570	0.375532	-0.423417	-0.263437	-0.192592	0.238935	-0.109432	-0.854019	1.000000	-0.620897	
0.224569	-0.077455	-0.852979	0.544935	0.059930	-0.113243	0.097864	-0.033120	-0.364665	0.774318	0.290479	0.011083	-0.247395	0.375530	0.148076	-0.620897	1.000000	

Time taken for mcmc chain: 2.472500 hours
