Number of steps: 5972824
Number of accepted steps: 1210000
Burn-in number of steps: 10000
Accepted fraction of steps: 0.202584
Convergence Status
R[0]= 1.000721	R[1]= 1.000951	R[2]= 1.000318	R[3]= 1.000106	R[4]= 1.000557	R[5]= 1.000721	R[6]= 1.000671	R[7]= 1.000817	R[8]= 1.000697	R[9]= 1.000765	R[10]= 1.000526	R[11]= 1.000072	R[12]= 1.000284	R[13]= 1.000642	R[14]= 1.000771	R[15]= 1.000468	R[16]= 1.000527	
<R>= 1.000565

Mean parameters
A[0]= 1.090969 pm 0.070196
A[1]= 0.997521 pm 0.032127
A[2]= 0.331420 pm 0.244421
A[3]= 6.209077 pm 1.389822
A[4]= 16268.374272 pm 2859.270779
A[5]= -2949.492308 pm 1275.212332
A[6]= 13.779571 pm 408.367116
A[7]= 5090.848193 pm 9023.332410
A[8]= -2018.862438 pm 2838.623582
A[9]= -123.719895 pm 628.486533
A[10]= 3.482561 pm 1.584468
A[11]= 7135.170960 pm 6525.260994
A[12]= -3284.702925 pm 1917.989684
A[13]= 941.397827 pm 552.506911
A[14]= 3641.951349 pm 10094.293847
A[15]= -3445.044816 pm 2952.690181
A[16]= 424.090907 pm 461.919613

Best-fitting parameters
A[0]= 1.099241
A[1]= 1.001002
A[2]= 0.349079
A[3]= 5.645618
A[4]= 18235.520000
A[5]= -3936.219000
A[6]= 205.040600
A[7]= 6295.573000
A[8]= -2309.832000
A[9]= -129.293100
A[10]= 3.968594
A[11]= 9821.870000
A[12]= -3459.693000
A[13]= 746.761700
A[14]= 10895.990000
A[15]= -5197.147000
A[16]= 394.932900
chi2_min= 75.839770


Cross-Covariance parameters
1.000000	-0.345658	-0.228835	-0.053851	0.134869	-0.313255	0.232885	0.327992	-0.430366	0.170285	0.245704	0.138407	-0.003748	-0.183664	0.121923	-0.140283	-0.042326	
-0.345658	1.000000	0.147774	-0.300356	0.138134	-0.245683	0.171071	-0.222743	0.229756	-0.010794	0.043057	0.127305	-0.035567	-0.113810	-0.069232	0.113762	-0.092216	
-0.228835	0.147774	1.000000	-0.590692	-0.015632	0.039055	-0.033289	0.079711	0.447226	-0.898735	-0.349786	-0.029669	-0.016694	0.061169	0.012586	0.240855	-0.625221	
-0.053851	-0.300356	-0.590692	1.000000	0.055915	0.594673	-0.762407	-0.046284	-0.152083	0.326638	0.130945	-0.064650	0.027771	0.048410	-0.020077	-0.140033	0.421133	
0.134869	0.138134	-0.015632	0.055915	1.000000	-0.556852	0.023187	0.095386	-0.089897	0.006353	0.071443	0.060625	-0.003979	-0.072900	0.011192	-0.001929	-0.034938	
-0.313255	-0.245683	0.039055	0.594673	-0.556852	1.000000	-0.832381	-0.078118	0.221828	-0.265295	-0.125920	-0.117038	0.022975	0.122765	-0.023682	0.016740	0.052880	
0.232885	0.171071	-0.033289	-0.762407	0.023187	-0.832381	1.000000	0.010947	-0.188534	0.318353	0.083405	0.081725	-0.023400	-0.076777	0.014683	-0.016743	-0.025229	
0.327992	-0.222743	0.079711	-0.046284	0.095386	-0.078118	0.010947	1.000000	-0.817531	0.082288	0.013142	0.024920	0.001197	-0.035935	0.049084	-0.014661	-0.116129	
-0.430366	0.229756	0.447226	-0.152083	-0.089897	0.221828	-0.188534	-0.817531	1.000000	-0.622878	-0.200012	-0.047981	-0.003588	0.069317	-0.037723	0.139600	-0.221501	
0.170285	-0.010794	-0.898735	0.326638	0.006353	-0.265295	0.318353	0.082288	-0.622878	1.000000	0.319113	0.040681	0.003279	-0.056818	-0.023351	-0.210336	0.577064	
0.245704	0.043057	-0.349786	0.130945	0.071443	-0.125920	0.083405	0.013142	-0.200012	0.319113	1.000000	0.288097	0.415860	-0.924386	0.064490	0.009400	-0.243707	
0.138407	0.127305	-0.029669	-0.064650	0.060625	-0.117038	0.081725	0.024920	-0.047981	0.040681	0.288097	1.000000	-0.705072	-0.124959	0.124455	-0.084667	-0.095873	
-0.003748	-0.035567	-0.016694	0.027771	-0.003979	0.022975	-0.023400	0.001197	-0.003588	0.003279	0.415860	-0.705072	1.000000	-0.606448	-0.065620	0.164546	-0.284726	
-0.183664	-0.113810	0.061169	0.048410	-0.072900	0.122765	-0.076777	-0.035935	0.069317	-0.056818	-0.924386	-0.124959	-0.606448	1.000000	-0.053494	-0.126696	0.509287	
0.121923	-0.069232	0.012586	-0.020077	0.011192	-0.023682	0.014683	0.049084	-0.037723	-0.023351	0.064490	0.124455	-0.065620	-0.053494	1.000000	-0.904289	0.277492	
-0.140283	0.113762	0.240855	-0.140033	-0.001929	0.016740	-0.016743	-0.014661	0.139600	-0.210336	0.009400	-0.084667	0.164546	-0.126696	-0.904289	1.000000	-0.625966	
-0.042326	-0.092216	-0.625221	0.421133	-0.034938	0.052880	-0.025229	-0.116129	-0.221501	0.577064	-0.243707	-0.095873	-0.284726	0.509287	0.277492	-0.625966	1.000000	

Time taken for mcmc chain: 1.824444 hours
