Number of steps: 16747634
Number of accepted steps: 2000000
Burn-in number of steps: 10000
Accepted fraction of steps: 0.119420
Convergence Status
R[0]= 1.001117	R[1]= 1.000692	R[2]= 1.012632	R[3]= 1.003577	R[4]= 1.000203	R[5]= 1.000568	R[6]= 1.001044	R[7]= 1.000256	R[8]= 1.001815	R[9]= 1.005330	R[10]= 1.004323	R[11]= 1.000216	R[12]= 1.000272	R[13]= 1.000436	R[14]= 1.000466	R[15]= 1.003087	R[16]= 1.005828	
<R>= 1.002462

Mean parameters
A[0]= 0.968808 pm 0.082648
A[1]= 1.044724 pm 0.049387
A[2]= 0.805858 pm 0.511169
A[3]= 3.462988 pm 1.223623
A[4]= -2207.917239 pm 5051.840301
A[5]= 849.979056 pm 1591.909302
A[6]= 289.605946 pm 407.225816
A[7]= -447.555856 pm 9592.586862
A[8]= 902.384345 pm 3308.409126
A[9]= -489.346567 pm 741.003493
A[10]= 4.836629 pm 1.728043
A[11]= 4006.766267 pm 7100.991400
A[12]= 675.265897 pm 2419.896256
A[13]= -260.299105 pm 621.861677
A[14]= -5747.661854 pm 9782.337120
A[15]= 4229.427763 pm 4025.131148
A[16]= -1200.382301 pm 1077.925691

Best-fitting parameters
A[0]= 0.925841
A[1]= 1.063815
A[2]= 0.948547
A[3]= 3.398385
A[4]= -3318.955000
A[5]= 1884.156000
A[6]= 15.321530
A[7]= -3918.535000
A[8]= 3243.175000
A[9]= -982.112300
A[10]= 4.919535
A[11]= 5068.971000
A[12]= 1633.679000
A[13]= -694.061300
A[14]= -4563.103000
A[15]= 5775.151000
A[16]= -1826.522000
chi2_min= 43.462040


Cross-Covariance parameters
1.000000	-0.355120	-0.342124	0.238942	0.276522	-0.317045	0.091840	0.349706	-0.446465	0.224315	0.075959	0.182358	-0.364029	0.291358	0.253321	-0.434740	0.278332	
-0.355120	1.000000	0.179544	-0.220155	0.186943	-0.159995	0.001561	-0.195837	0.224318	-0.085396	-0.262925	0.187910	-0.187860	0.060884	-0.155539	0.159013	-0.033502	
-0.342124	0.179544	1.000000	-0.700555	-0.175817	0.220087	-0.100273	-0.023142	0.516380	-0.830036	-0.645473	-0.115733	0.215642	-0.170856	-0.013113	0.617485	-0.844778	
0.238942	-0.220155	-0.700555	1.000000	0.243599	0.173841	-0.576030	0.000749	-0.213681	0.352312	0.499235	0.066239	-0.121174	0.095459	0.018649	-0.442130	0.597008	
0.276522	0.186943	-0.175817	0.243599	1.000000	-0.751094	-0.018114	0.168767	-0.186653	0.083201	0.011618	0.154618	-0.226999	0.142217	0.040265	-0.168598	0.175824	
-0.317045	-0.159995	0.220087	0.173841	-0.751094	1.000000	-0.637462	-0.190464	0.400498	-0.410628	-0.033167	-0.148179	0.242631	-0.171125	-0.044135	0.208338	-0.225170	
0.091840	0.001561	-0.100273	-0.576030	-0.018114	-0.637462	1.000000	0.072868	-0.362669	0.511384	0.039402	0.017348	-0.059397	0.063616	0.005636	-0.084785	0.107414	
0.349706	-0.195837	-0.023142	0.000749	0.168767	-0.190464	0.072868	1.000000	-0.801464	0.175788	-0.032036	0.051691	-0.110352	0.092409	0.116107	-0.110906	0.007307	
-0.446465	0.224318	0.516380	-0.213681	-0.186653	0.400498	-0.362669	-0.801464	1.000000	-0.717088	-0.302198	-0.100399	0.204526	-0.171144	-0.091105	0.405835	-0.450019	
0.224315	-0.085396	-0.830036	0.352312	0.083201	-0.410628	0.511384	0.175788	-0.717088	1.000000	0.553934	0.095237	-0.182574	0.151515	-0.018528	-0.517235	0.745186	
0.075959	-0.262925	-0.645473	0.499235	0.011618	-0.033167	0.039402	-0.032036	-0.302198	0.553934	1.000000	0.157643	0.264497	-0.581597	-0.031674	-0.185921	0.295667	
0.182358	0.187910	-0.115733	0.066239	0.154618	-0.148179	0.017348	0.051691	-0.100399	0.095237	0.157643	1.000000	-0.733551	0.052247	0.113179	-0.124406	0.058003	
-0.364029	-0.187860	0.215642	-0.121174	-0.226999	0.242631	-0.059397	-0.110352	0.204526	-0.182574	0.264497	-0.733551	1.000000	-0.708745	-0.147404	0.422066	-0.426089	
0.291358	0.060884	-0.170856	0.095459	0.142217	-0.171125	0.063616	0.092409	-0.171144	0.151515	-0.581597	0.052247	-0.708745	1.000000	0.091940	-0.472819	0.555086	
0.253321	-0.155539	-0.013113	0.018649	0.040265	-0.044135	0.005636	0.116107	-0.091105	-0.018528	-0.031674	0.113179	-0.147404	0.091940	1.000000	-0.682940	0.139809	
-0.434740	0.159013	0.617485	-0.442130	-0.168598	0.208338	-0.084785	-0.110906	0.405835	-0.517235	-0.185921	-0.124406	0.422066	-0.472819	-0.682940	1.000000	-0.802763	
0.278332	-0.033502	-0.844778	0.597008	0.175824	-0.225170	0.107414	0.007307	-0.450019	0.745186	0.295667	0.058003	-0.426089	0.555086	0.139809	-0.802763	1.000000	

Time taken for mcmc chain: 5.127500 hours
