Number of steps: 7339149
Number of accepted steps: 2000000
Burn-in number of steps: 10000
Accepted fraction of steps: 0.272511
Convergence Status
R[0]= 1.011527	R[1]= 1.003261	R[2]= 1.006100	R[3]= 1.001130	R[4]= 1.001583	R[5]= 1.004759	R[6]= 1.002531	R[7]= 1.002565	R[8]= 1.005275	R[9]= 1.002961	R[10]= 1.001279	R[11]= 1.000538	R[12]= 1.000298	R[13]= 1.001031	R[14]= 1.000178	R[15]= 1.000901	R[16]= 1.003262	
<R>= 1.002893

Mean parameters
A[0]= 1.045302 pm 0.069830
A[1]= 1.032673 pm 0.029030
A[2]= 0.392998 pm 0.251390
A[3]= 4.304853 pm 0.820990
A[4]= 9906.178034 pm 3357.369181
A[5]= -2525.756934 pm 1009.064905
A[6]= 396.771825 pm 226.438147
A[7]= 4756.679523 pm 7432.988132
A[8]= -2093.005297 pm 2274.929702
A[9]= 89.182388 pm 438.747956
A[10]= 3.157506 pm 0.966871
A[11]= 7331.777859 pm 4845.387783
A[12]= -3162.830121 pm 1329.194495
A[13]= 842.463624 pm 346.917058
A[14]= -3818.379915 pm 8856.309122
A[15]= -52.147132 pm 2571.682486
A[16]= 129.170484 pm 414.988264

Best-fitting parameters
A[0]= 1.056781
A[1]= 1.033602
A[2]= 0.272535
A[3]= 4.601704
A[4]= 10284.910000
A[5]= -2656.905000
A[6]= 397.722300
A[7]= 4411.699000
A[8]= -2597.638000
A[9]= 291.247300
A[10]= 2.754323
A[11]= 5677.634000
A[12]= -3354.971000
A[13]= 1057.341000
A[14]= -3958.337000
A[15]= -667.870200
A[16]= 384.751500
chi2_min= 57.532800


Cross-Covariance parameters
1.000000	-0.497540	-0.303830	0.114120	0.315176	-0.440079	0.224381	0.503338	-0.583478	0.208654	0.128498	0.157134	-0.178804	0.020384	0.222108	-0.276285	0.100656	
-0.497540	1.000000	0.182004	-0.170948	0.123365	-0.072935	-0.047411	-0.355948	0.379795	-0.104509	-0.229299	0.045066	-0.119671	0.121286	-0.175349	0.178179	-0.005383	
-0.303830	0.182004	1.000000	-0.713258	-0.142824	0.186086	-0.096297	0.023827	0.444582	-0.910532	-0.363959	-0.028609	0.123915	-0.141418	0.038963	0.289628	-0.773200	
0.114120	-0.170948	-0.713258	1.000000	0.228492	0.145827	-0.590310	-0.058704	-0.209696	0.509325	0.277826	-0.012835	-0.046049	0.088162	-0.048139	-0.190223	0.563578	
0.315176	0.123365	-0.142824	0.228492	1.000000	-0.807287	0.003296	0.232395	-0.250853	0.082043	0.016019	0.100925	-0.130899	0.042301	0.034277	-0.072730	0.075048	
-0.440079	-0.072935	0.186086	0.145827	-0.807287	1.000000	-0.581457	-0.285292	0.391489	-0.263059	-0.033875	-0.124632	0.157230	-0.044835	-0.059580	0.104481	-0.086414	
0.224381	-0.047411	-0.096297	-0.590310	0.003296	-0.581457	1.000000	0.122911	-0.273692	0.326474	0.032678	0.049321	-0.058996	0.011942	0.039053	-0.058506	0.038301	
0.503338	-0.355948	0.023827	-0.058704	0.232395	-0.285292	0.122911	1.000000	-0.861754	0.117397	0.024331	0.067349	-0.045600	-0.038596	0.144231	-0.104304	-0.108735	
-0.583478	0.379795	0.444582	-0.209696	-0.250853	0.391489	-0.273692	-0.861754	1.000000	-0.589370	-0.187977	-0.075074	0.103377	-0.036600	-0.106496	0.226331	-0.268381	
0.208654	-0.104509	-0.910532	0.509325	0.082043	-0.263059	0.326474	0.117397	-0.589370	1.000000	0.322553	0.015988	-0.111295	0.142566	-0.056483	-0.251982	0.726299	
0.128498	-0.229299	-0.363959	0.277826	0.016019	-0.033875	0.032678	0.024331	-0.187977	0.322553	1.000000	0.306804	0.273318	-0.835057	0.002469	0.022876	-0.080967	
0.157134	0.045066	-0.028609	-0.012835	0.100925	-0.124632	0.049321	0.067349	-0.075074	0.015988	0.306804	1.000000	-0.758001	-0.130988	0.158083	-0.115840	-0.073644	
-0.178804	-0.119671	0.123915	-0.046049	-0.130899	0.157230	-0.058996	-0.045600	0.103377	-0.111295	0.273318	-0.758001	1.000000	-0.537831	-0.148521	0.257783	-0.291938	
0.020384	0.121286	-0.141418	0.088162	0.042301	-0.044835	0.011942	-0.038596	-0.036600	0.142566	-0.835057	-0.130988	-0.537831	1.000000	0.010116	-0.227928	0.540766	
0.222108	-0.175349	0.038963	-0.048139	0.034277	-0.059580	0.039053	0.144231	-0.106496	-0.056483	0.002469	0.158083	-0.148521	0.010116	1.000000	-0.903851	0.248257	
-0.276285	0.178179	0.289628	-0.190223	-0.072730	0.104481	-0.058506	-0.104304	0.226331	-0.251982	0.022876	-0.115840	0.257783	-0.227928	-0.903851	1.000000	-0.617021	
0.100656	-0.005383	-0.773200	0.563578	0.075048	-0.086414	0.038301	-0.108735	-0.268381	0.726299	-0.080967	-0.073644	-0.291938	0.540766	0.248257	-0.617021	1.000000	

Time taken for mcmc chain: 2.406111 hours
