Number of steps: 4098621
Number of accepted steps: 1120000
Burn-in number of steps: 10000
Accepted fraction of steps: 0.273263
Convergence Status
R[0]= 1.000831	R[1]= 1.000724	R[2]= 1.000767	R[3]= 1.000433	R[4]= 1.000386	R[5]= 1.000128	R[6]= 1.000157	R[7]= 1.000878	R[8]= 1.000931	R[9]= 1.000425	R[10]= 1.000284	R[11]= 1.000473	R[12]= 1.000795	R[13]= 1.000547	R[14]= 1.000264	R[15]= 1.000180	R[16]= 1.000393	
<R>= 1.000506

Mean parameters
A[0]= 0.955365 pm 0.064476
A[1]= 1.018301 pm 0.030111
A[2]= 0.197569 pm 0.164761
A[3]= 7.751077 pm 1.372983
A[4]= -1691.561277 pm 4934.720777
A[5]= 2728.725784 pm 1623.336825
A[6]= -601.392975 pm 405.572262
A[7]= 3796.638278 pm 9316.555078
A[8]= -1659.578699 pm 2907.968895
A[9]= 258.089074 pm 536.616382
A[10]= 6.134059 pm 1.834755
A[11]= 3940.054326 pm 6849.319520
A[12]= 196.594594 pm 2185.296555
A[13]= 8.814470 pm 576.614237
A[14]= -10135.905663 pm 7899.429039
A[15]= 1436.233408 pm 2500.486552
A[16]= 226.647616 pm 438.645070

Best-fitting parameters
A[0]= 0.975688
A[1]= 1.017517
A[2]= 0.030925
A[3]= 8.962648
A[4]= 2391.087000
A[5]= 1930.075000
A[6]= -669.348800
A[7]= 14690.840000
A[8]= -5859.189000
A[9]= 919.253000
A[10]= 6.840949
A[11]= 5056.173000
A[12]= -9.399089
A[13]= -17.496630
A[14]= -11817.590000
A[15]= 1000.519000
A[16]= 544.323400
chi2_min= 62.085360


Cross-Covariance parameters
1.000000	-0.434975	-0.203217	0.035388	0.246645	-0.265444	0.064514	0.376127	-0.375071	-0.000110	-0.030205	0.117586	-0.177625	0.089736	0.137224	-0.175639	-0.046265	
-0.434975	1.000000	0.170370	-0.246767	0.187485	-0.232943	0.127102	-0.266521	0.266428	-0.006663	-0.089026	0.123268	-0.109215	0.011434	-0.107805	0.125258	0.028770	
-0.203217	0.170370	1.000000	-0.487598	-0.079301	0.152130	-0.132288	-0.026596	0.464934	-0.898931	-0.373958	-0.054043	0.024185	0.034306	0.011344	0.366465	-0.793693	
0.035388	-0.246767	-0.487598	1.000000	0.122810	0.407148	-0.775038	-0.037752	-0.110030	0.299858	0.209091	-0.014571	0.039041	-0.036186	-0.000670	-0.179978	0.383611	
0.246645	0.187485	-0.079301	0.122810	1.000000	-0.757741	0.047357	0.139709	-0.152349	0.060129	-0.022418	0.098343	-0.114461	0.038099	0.012278	-0.039911	0.036367	
-0.265444	-0.232943	0.152130	0.407148	-0.757741	1.000000	-0.679078	-0.167411	0.272070	-0.245732	0.004056	-0.108332	0.127903	-0.043697	-0.008000	0.066704	-0.103147	
0.064514	0.127102	-0.132288	-0.775038	0.047357	-0.679078	1.000000	0.081167	-0.225904	0.308258	0.026109	0.037075	-0.044199	0.014903	-0.007875	-0.047045	0.116653	
0.376127	-0.266521	-0.026596	-0.037752	0.139709	-0.167411	0.081167	1.000000	-0.871034	0.197775	-0.021663	0.018983	-0.042543	0.030203	0.061735	-0.050574	-0.072524	
-0.375071	0.266428	0.464934	-0.110030	-0.152349	0.272070	-0.225904	-0.871034	1.000000	-0.633429	-0.149373	-0.038662	0.044465	-0.009234	-0.041126	0.201954	-0.302421	
-0.000110	-0.006663	-0.898931	0.299858	0.060129	-0.245732	0.308258	0.197775	-0.633429	1.000000	0.351099	0.039381	-0.002396	-0.043976	-0.041690	-0.309314	0.765183	
-0.030205	-0.089026	-0.373958	0.209091	-0.022418	0.004056	0.026109	-0.021663	-0.149373	0.351099	1.000000	0.180367	0.478787	-0.911312	-0.044710	0.014289	0.087613	
0.117586	0.123268	-0.054043	-0.014571	0.098343	-0.108332	0.037075	0.018983	-0.038662	0.039381	0.180367	1.000000	-0.728561	-0.001583	0.075570	-0.082159	0.026116	
-0.177625	-0.109215	0.024185	0.039041	-0.114461	0.127903	-0.044199	-0.042543	0.044465	-0.002396	0.478787	-0.728561	1.000000	-0.676071	-0.099114	0.193600	-0.185358	
0.089736	0.011434	0.034306	-0.036186	0.038099	-0.043697	0.014903	0.030203	-0.009234	-0.043976	-0.911312	-0.001583	-0.676071	1.000000	0.060823	-0.185216	0.239850	
0.137224	-0.107805	0.011344	-0.000670	0.012278	-0.008000	-0.007875	0.061735	-0.041126	-0.041690	-0.044710	0.075570	-0.099114	0.060823	1.000000	-0.854551	0.256402	
-0.175639	0.125258	0.366465	-0.179978	-0.039911	0.066704	-0.047045	-0.050574	0.201954	-0.309314	0.014289	-0.082159	0.193600	-0.185216	-0.854551	1.000000	-0.679172	
-0.046265	0.028770	-0.793693	0.383611	0.036367	-0.103147	0.116653	-0.072524	-0.302421	0.765183	0.087613	0.026116	-0.185358	0.239850	0.256402	-0.679172	1.000000	

Time taken for mcmc chain: 1.365833 hours
