Number of steps: 11780752
Number of accepted steps: 2000000
Burn-in number of steps: 10000
Accepted fraction of steps: 0.169768
Convergence Status
R[0]= 1.000998	R[1]= 1.000677	R[2]= 1.004672	R[3]= 1.001398	R[4]= 1.000214	R[5]= 1.000168	R[6]= 1.000433	R[7]= 1.000321	R[8]= 1.000483	R[9]= 1.001787	R[10]= 1.000782	R[11]= 1.000737	R[12]= 1.000590	R[13]= 1.000863	R[14]= 1.000165	R[15]= 1.000527	R[16]= 1.003408	
<R>= 1.001072

Mean parameters
A[0]= 0.877292 pm 0.098908
A[1]= 1.018625 pm 0.057709
A[2]= 0.295646 pm 0.266836
A[3]= 6.389235 pm 1.601290
A[4]= -9178.996268 pm 4981.680956
A[5]= 3913.230154 pm 1784.348263
A[6]= -287.892178 pm 425.966350
A[7]= -8210.957389 pm 8465.670111
A[8]= 1014.411103 pm 2826.034336
A[9]= 177.581018 pm 612.823055
A[10]= 4.309456 pm 1.770774
A[11]= -10729.765786 pm 5715.934314
A[12]= 3024.405744 pm 2139.299755
A[13]= 313.479843 pm 599.614063
A[14]= 4137.194624 pm 10095.499841
A[15]= -2737.683118 pm 3184.106214
A[16]= 503.516195 pm 533.138498

Best-fitting parameters
A[0]= 0.905375
A[1]= 1.014954
A[2]= 0.294364
A[3]= 6.753613
A[4]= -7255.932000
A[5]= 3789.706000
A[6]= -450.416200
A[7]= -12820.770000
A[8]= 2865.792000
A[9]= -105.304300
A[10]= 3.449408
A[11]= -12742.970000
A[12]= 2811.598000
A[13]= 558.956400
A[14]= 3010.796000
A[15]= -2519.694000
A[16]= 488.248300
chi2_min= 53.708810


Cross-Covariance parameters
1.000000	-0.454798	-0.149074	0.007371	0.276741	-0.277685	0.062200	0.421754	-0.333921	-0.159112	0.001527	0.118003	-0.133994	0.037563	0.187621	-0.168015	-0.118915	
-0.454798	1.000000	0.243924	-0.323434	0.247877	-0.288860	0.162587	-0.297111	0.287823	0.027413	-0.196772	0.135364	-0.137419	0.049422	-0.156544	0.174049	0.006448	
-0.149074	0.243924	1.000000	-0.626423	-0.077517	0.059254	0.005078	-0.046174	0.541458	-0.851456	-0.277626	0.016089	0.102069	-0.144148	-0.022369	0.378178	-0.770345	
0.007371	-0.323434	-0.626423	1.000000	0.002694	0.467453	-0.741477	-0.038360	-0.212810	0.431184	0.224374	-0.067733	0.006981	0.057395	0.017776	-0.236696	0.479237	
0.276741	0.247877	-0.077517	0.002694	1.000000	-0.772653	0.138893	0.124899	-0.137155	0.046592	-0.058562	0.130233	-0.149763	0.057792	0.014612	-0.038424	0.035510	
-0.277685	-0.288860	0.059254	0.467453	-0.772653	1.000000	-0.726551	-0.168053	0.248922	-0.159719	0.075253	-0.139386	0.164797	-0.069355	-0.018197	0.040649	-0.034266	
0.062200	0.162587	0.005078	-0.741477	0.138893	-0.726551	1.000000	0.109676	-0.225351	0.206512	-0.044617	0.055072	-0.070009	0.036450	0.004167	-0.011359	0.015632	
0.421754	-0.297111	-0.046174	-0.038360	0.124899	-0.168053	0.109676	1.000000	-0.815255	0.111336	0.016724	0.023939	-0.026751	0.003848	0.094114	-0.076480	-0.073410	
-0.333921	0.287823	0.541458	-0.212810	-0.137155	0.248922	-0.225351	-0.815255	1.000000	-0.641175	-0.149541	-0.011754	0.077935	-0.084123	-0.074678	0.251522	-0.364314	
-0.159112	0.027413	-0.851456	0.431184	0.046592	-0.159719	0.206512	0.111336	-0.641175	1.000000	0.226679	-0.020582	-0.089959	0.140506	-0.035425	-0.301200	0.757968	
0.001527	-0.196772	-0.277626	0.224374	-0.058562	0.075253	-0.044617	0.016724	-0.149541	0.226679	1.000000	0.062642	0.605749	-0.877127	-0.089332	0.105328	-0.031428	
0.118003	0.135364	0.016089	-0.067733	0.130233	-0.139386	0.055072	0.023939	-0.011754	-0.020582	0.062642	1.000000	-0.665876	0.056922	0.086591	-0.066811	-0.008946	
-0.133994	-0.137419	0.102069	0.006981	-0.149763	0.164797	-0.070009	-0.026751	0.077935	-0.089959	0.605749	-0.665876	1.000000	-0.775011	-0.148982	0.283501	-0.309799	
0.037563	0.049422	-0.144148	0.057395	0.057792	-0.069355	0.036450	0.003848	-0.084123	0.140506	-0.877127	0.056922	-0.775011	1.000000	0.124010	-0.319116	0.425956	
0.187621	-0.156544	-0.022369	0.017776	0.014612	-0.018197	0.004167	0.094114	-0.074678	-0.035425	-0.089332	0.086591	-0.148982	0.124010	1.000000	-0.876240	0.291019	
-0.168015	0.174049	0.378178	-0.236696	-0.038424	0.040649	-0.011359	-0.076480	0.251522	-0.301200	0.105328	-0.066811	0.283501	-0.319116	-0.876240	1.000000	-0.685487	
-0.118915	0.006448	-0.770345	0.479237	0.035510	-0.034266	0.015632	-0.073410	-0.364314	0.757968	-0.031428	-0.008946	-0.309799	0.425956	0.291019	-0.685487	1.000000	

Time taken for mcmc chain: 4.213611 hours
