Number of steps: 5441246
Number of accepted steps: 1470000
Burn-in number of steps: 10000
Accepted fraction of steps: 0.270159
Convergence Status
R[0]= 1.000670	R[1]= 1.000288	R[2]= 1.000647	R[3]= 1.000807	R[4]= 1.000228	R[5]= 1.000245	R[6]= 1.000338	R[7]= 1.000266	R[8]= 1.000024	R[9]= 1.000403	R[10]= 1.000434	R[11]= 1.000151	R[12]= 1.000237	R[13]= 1.000319	R[14]= 1.000360	R[15]= 1.000248	R[16]= 1.000273	
<R>= 1.000349

Mean parameters
A[0]= 1.031165 pm 0.034149
A[1]= 1.025694 pm 0.021782
A[2]= 0.517888 pm 0.213639
A[3]= 5.103906 pm 0.808199
A[4]= 4822.163833 pm 3177.440258
A[5]= -83.967019 pm 929.695431
A[6]= -153.990307 pm 225.000873
A[7]= 2267.273129 pm 7136.630390
A[8]= -488.575270 pm 2157.448259
A[9]= -379.755705 pm 485.980229
A[10]= 3.907114 pm 0.974444
A[11]= 1415.480241 pm 4806.208617
A[12]= -68.924897 pm 1347.985815
A[13]= 238.315380 pm 348.871786
A[14]= 9162.334449 pm 7416.732276
A[15]= -1795.768432 pm 2257.307386
A[16]= -209.958643 pm 436.714470

Best-fitting parameters
A[0]= 1.027855
A[1]= 1.012303
A[2]= 0.491432
A[3]= 5.219876
A[4]= 5038.151000
A[5]= -100.520700
A[6]= -156.857400
A[7]= 4103.546000
A[8]= -1047.047000
A[9]= -325.927400
A[10]= 3.751237
A[11]= 465.186700
A[12]= 25.645930
A[13]= 308.668900
A[14]= 15976.620000
A[15]= -3698.613000
A[16]= -34.502320
chi2_min= 44.446330


Cross-Covariance parameters
1.000000	-0.412710	-0.216199	0.158068	0.179968	-0.225064	0.074859	0.379499	-0.449633	0.167478	0.011883	0.049375	-0.146885	0.135217	0.154713	-0.248787	0.162169	
-0.412710	1.000000	0.158604	-0.228515	0.224606	-0.242670	0.059483	-0.245943	0.271436	-0.085165	-0.165675	0.139681	-0.164356	0.056952	-0.104999	0.128538	-0.042801	
-0.216199	0.158604	1.000000	-0.750334	-0.055260	0.118254	-0.118693	0.119759	0.429970	-0.918052	-0.500830	-0.029447	0.048747	-0.033450	0.075035	0.323687	-0.777870	
0.158068	-0.228515	-0.750334	1.000000	0.178598	0.183378	-0.537184	-0.068667	-0.241241	0.512105	0.400524	0.003807	-0.004957	0.003093	-0.047139	-0.245450	0.573566	
0.179968	0.224606	-0.055260	0.178598	1.000000	-0.783922	-0.037191	0.168070	-0.155460	0.022944	-0.032570	0.072372	-0.111410	0.063588	0.005202	-0.043301	0.067766	
-0.225064	-0.242670	0.118254	0.183378	-0.783922	1.000000	-0.581942	-0.157367	0.287394	-0.266788	0.014520	-0.077603	0.129275	-0.082647	-0.000358	0.069629	-0.126431	
0.074859	0.059483	-0.118693	-0.537184	-0.037191	-0.581942	1.000000	0.012137	-0.239717	0.401861	0.034296	0.016877	-0.038577	0.034125	-0.012855	-0.045294	0.109544	
0.379499	-0.245943	0.119759	-0.068667	0.168070	-0.157367	0.012137	1.000000	-0.815371	0.054031	-0.085885	-0.003317	-0.025310	0.036543	0.091445	-0.040230	-0.105971	
-0.449633	0.271436	0.429970	-0.241241	-0.155460	0.287394	-0.239717	-0.815371	1.000000	-0.611758	-0.189953	-0.015595	0.054282	-0.054929	-0.037453	0.209552	-0.330245	
0.167478	-0.085165	-0.918052	0.512105	0.022944	-0.266788	0.401861	0.054031	-0.611758	1.000000	0.458245	0.030501	-0.050522	0.035266	-0.078733	-0.292976	0.726389	
0.011883	-0.165675	-0.500830	0.400524	-0.032570	0.014520	0.034296	-0.085885	-0.189953	0.458245	1.000000	0.256543	0.311765	-0.816209	-0.048490	0.046187	-0.016364	
0.049375	0.139681	-0.029447	0.003807	0.072372	-0.077603	0.016877	-0.003317	-0.015595	0.030501	0.256543	1.000000	-0.756869	-0.094494	0.108867	-0.062276	-0.073231	
-0.146885	-0.164356	0.048747	-0.004957	-0.111410	0.129275	-0.038577	-0.025310	0.054282	-0.050522	0.311765	-0.756869	1.000000	-0.570682	-0.118823	0.250222	-0.284143	
0.135217	0.056952	-0.033450	0.003093	0.063588	-0.082647	0.034125	0.036543	-0.054929	0.035266	-0.816209	-0.094494	-0.570682	1.000000	0.039041	-0.295673	0.527235	
0.154713	-0.104999	0.075035	-0.047139	0.005202	-0.000358	-0.012855	0.091445	-0.037453	-0.078733	-0.048490	0.108867	-0.118823	0.039041	1.000000	-0.854713	0.195940	
-0.248787	0.128538	0.323687	-0.245450	-0.043301	0.069629	-0.045294	-0.040230	0.209552	-0.292976	0.046187	-0.062276	0.250222	-0.295673	-0.854713	1.000000	-0.655403	
0.162169	-0.042801	-0.777870	0.573566	0.067766	-0.126431	0.109544	-0.105971	-0.330245	0.726389	-0.016364	-0.073231	-0.284143	0.527235	0.195940	-0.655403	1.000000	

Time taken for mcmc chain: 1.706389 hours
