Number of steps: 12990441
Number of accepted steps: 2000000
Burn-in number of steps: 10000
Accepted fraction of steps: 0.153959
Convergence Status
R[0]= 1.001035	R[1]= 1.001903	R[2]= 1.005954	R[3]= 1.003060	R[4]= 1.000314	R[5]= 1.000350	R[6]= 1.000640	R[7]= 1.000043	R[8]= 1.000551	R[9]= 1.001110	R[10]= 1.001515	R[11]= 1.000086	R[12]= 1.000096	R[13]= 1.000232	R[14]= 1.000783	R[15]= 1.001477	R[16]= 1.001294	
<R>= 1.001203

Mean parameters
A[0]= 0.962450 pm 0.085945
A[1]= 1.018227 pm 0.050064
A[2]= 0.473370 pm 0.325234
A[3]= 6.207894 pm 1.557833
A[4]= 1034.959377 pm 5292.303444
A[5]= 1353.167758 pm 1768.508503
A[6]= -347.312821 pm 417.115441
A[7]= -269.925718 pm 9955.796981
A[8]= 189.312768 pm 3476.153862
A[9]= -357.959293 pm 760.834949
A[10]= 4.590473 pm 1.656647
A[11]= -6006.948905 pm 6720.387501
A[12]= 2097.129352 pm 2282.591184
A[13]= 97.236246 pm 615.562783
A[14]= 6509.951519 pm 9499.330340
A[15]= -1615.031155 pm 3358.799112
A[16]= -74.391739 pm 710.414389

Best-fitting parameters
A[0]= 0.964688
A[1]= 1.020361
A[2]= 0.436580
A[3]= 5.883353
A[4]= 2071.721000
A[5]= 806.754800
A[6]= -225.649700
A[7]= 592.190200
A[8]= -457.640900
A[9]= -235.787800
A[10]= 4.365136
A[11]= -7004.346000
A[12]= 2113.083000
A[13]= 179.298300
A[14]= 15619.870000
A[15]= -4213.112000
A[16]= 144.552900
chi2_min= 57.128150


Cross-Covariance parameters
1.000000	-0.472993	-0.363269	0.247368	0.329491	-0.335544	0.070666	0.475520	-0.530407	0.172455	-0.029677	0.109314	-0.279278	0.245267	0.227255	-0.356836	0.203833	
-0.472993	1.000000	0.322161	-0.393958	0.192312	-0.229156	0.123023	-0.318735	0.362782	-0.127361	-0.210448	0.142077	-0.099955	-0.015134	-0.181578	0.246675	-0.119350	
-0.363269	0.322161	1.000000	-0.725285	-0.133761	0.149869	-0.056720	-0.084254	0.596303	-0.883107	-0.378751	-0.010354	0.146931	-0.184195	-0.072645	0.523408	-0.806802	
0.247368	-0.393958	-0.725285	1.000000	0.124924	0.269318	-0.604265	0.060538	-0.337033	0.477788	0.318393	-0.037293	-0.046825	0.102463	0.065074	-0.381744	0.570539	
0.329491	0.192312	-0.133761	0.124924	1.000000	-0.784281	0.078142	0.192070	-0.212870	0.091847	-0.068010	0.136050	-0.207364	0.126868	0.045981	-0.120493	0.119411	
-0.335544	-0.229156	0.149869	0.269318	-0.784281	1.000000	-0.669992	-0.195693	0.333133	-0.288741	0.073705	-0.143475	0.227967	-0.146717	-0.038443	0.130424	-0.146805	
0.070666	0.123023	-0.056720	-0.604265	0.078142	-0.669992	1.000000	0.059471	-0.252297	0.347550	-0.024168	0.046009	-0.081601	0.059708	-0.004309	-0.042226	0.075711	
0.475520	-0.318735	-0.084254	0.060538	0.192070	-0.195693	0.059471	1.000000	-0.806250	0.153987	-0.027421	0.027679	-0.092711	0.088666	0.124979	-0.136509	0.008245	
-0.530407	0.362782	0.596303	-0.337033	-0.212870	0.333133	-0.252297	-0.806250	1.000000	-0.692190	-0.175190	-0.030164	0.159592	-0.177395	-0.119701	0.382101	-0.458521	
0.172455	-0.127361	-0.883107	0.477788	0.091847	-0.288741	0.347550	0.153987	-0.692190	1.000000	0.340611	0.007568	-0.126877	0.163947	0.013023	-0.440622	0.766246	
-0.029677	-0.210448	-0.378751	0.318393	-0.068010	0.073705	-0.024168	-0.027421	-0.175190	0.340611	1.000000	0.126184	0.467070	-0.800434	-0.019452	0.035955	-0.028732	
0.109314	0.142077	-0.010354	-0.037293	0.136050	-0.143475	0.046009	0.027679	-0.030164	0.007568	0.126184	1.000000	-0.704370	0.020558	0.100453	-0.062617	-0.030608	
-0.279278	-0.099955	0.146931	-0.046825	-0.207364	0.227967	-0.081601	-0.092711	0.159592	-0.126877	0.467070	-0.704370	1.000000	-0.716727	-0.134471	0.331717	-0.375137	
0.245267	-0.015134	-0.184195	0.102463	0.126868	-0.146717	0.059708	0.088666	-0.177395	0.163947	-0.800434	0.020558	-0.716727	1.000000	0.086342	-0.397320	0.558066	
0.227255	-0.181578	-0.072645	0.065074	0.045981	-0.038443	-0.004309	0.124979	-0.119701	0.013023	-0.019452	0.100453	-0.134471	0.086342	1.000000	-0.804370	0.239272	
-0.356836	0.246675	0.523408	-0.381744	-0.120493	0.130424	-0.042226	-0.136509	0.382101	-0.440622	0.035955	-0.062617	0.331717	-0.397320	-0.804370	1.000000	-0.745829	
0.203833	-0.119350	-0.806802	0.570539	0.119411	-0.146805	0.075711	0.008245	-0.458521	0.766246	-0.028732	-0.030608	-0.375137	0.558066	0.239272	-0.745829	1.000000	

Time taken for mcmc chain: 4.145278 hours
