Number of steps: 3985246
Number of accepted steps: 920000
Burn-in number of steps: 10000
Accepted fraction of steps: 0.230851
Convergence Status
R[0]= 1.000550	R[1]= 1.000561	R[2]= 1.000754	R[3]= 1.000666	R[4]= 1.000336	R[5]= 1.000203	R[6]= 1.000186	R[7]= 1.000916	R[8]= 1.000396	R[9]= 1.000511	R[10]= 1.000359	R[11]= 1.000325	R[12]= 1.000783	R[13]= 1.000632	R[14]= 1.000268	R[15]= 1.000663	R[16]= 1.000798	
<R>= 1.000524

Mean parameters
A[0]= 0.996270 pm 0.049609
A[1]= 1.010451 pm 0.029011
A[2]= 0.437689 pm 0.249349
A[3]= 4.333224 pm 0.840042
A[4]= -821.396029 pm 3107.468909
A[5]= 436.399592 pm 970.734108
A[6]= 209.228408 pm 234.822288
A[7]= 7359.106034 pm 6609.602647
A[8]= -2789.397870 pm 2129.705573
A[9]= 122.660913 pm 461.778121
A[10]= 3.425951 pm 1.042656
A[11]= 973.341589 pm 4780.263339
A[12]= -982.898357 pm 1383.790020
A[13]= 578.793346 pm 359.834278
A[14]= 9009.120052 pm 7512.693865
A[15]= -3349.896328 pm 2319.817798
A[16]= 250.614810 pm 415.628770

Best-fitting parameters
A[0]= 0.996981
A[1]= 1.016165
A[2]= 0.607371
A[3]= 3.779916
A[4]= -1953.998000
A[5]= 659.559500
A[6]= 212.025700
A[7]= 9204.598000
A[8]= -2488.231000
A[9]= -161.080800
A[10]= 3.417095
A[11]= 3756.785000
A[12]= -1176.463000
A[13]= 417.175500
A[14]= 12782.570000
A[15]= -3274.783000
A[16]= -106.926500
chi2_min= 52.734750


Cross-Covariance parameters
1.000000	-0.445902	-0.270149	0.159048	0.188768	-0.246329	0.104172	0.387961	-0.456195	0.184158	0.068049	0.080670	-0.145567	0.087852	0.169014	-0.255207	0.154255	
-0.445902	1.000000	0.174810	-0.277889	0.203151	-0.240601	0.110141	-0.278345	0.282596	-0.067436	-0.074477	0.161997	-0.104835	-0.054510	-0.125388	0.172461	-0.096093	
-0.270149	0.174810	1.000000	-0.699451	-0.086234	0.152106	-0.125636	0.006560	0.514238	-0.916084	-0.465491	-0.033438	0.055595	-0.034472	0.023153	0.350274	-0.781100	
0.159048	-0.277889	-0.699451	1.000000	0.154656	0.245364	-0.588289	-0.006680	-0.261369	0.468119	0.334147	-0.018453	0.002302	0.020838	-0.007492	-0.249641	0.541948	
0.188768	0.203151	-0.086234	0.154656	1.000000	-0.773137	0.030612	0.149303	-0.157614	0.065718	0.029810	0.098069	-0.092766	0.002659	0.011834	-0.040882	0.053725	
-0.246329	-0.240601	0.152106	0.245364	-0.773137	1.000000	-0.648918	-0.160745	0.301473	-0.300321	-0.051917	-0.116683	0.121947	-0.019124	-0.011060	0.072128	-0.117795	
0.104172	0.110141	-0.125636	-0.588289	0.030612	-0.648918	1.000000	0.053469	-0.263201	0.389464	0.045572	0.047959	-0.060849	0.023105	-0.004576	-0.053302	0.115825	
0.387961	-0.278345	0.006560	-0.006680	0.149303	-0.160745	0.053469	1.000000	-0.823539	0.150246	-0.023158	0.003218	-0.029880	0.031690	0.080420	-0.069298	-0.035219	
-0.456195	0.282596	0.514238	-0.261369	-0.157614	0.301473	-0.263201	-0.823539	1.000000	-0.672672	-0.219505	-0.027911	0.065030	-0.050716	-0.049791	0.239326	-0.386190	
0.184158	-0.067436	-0.916084	0.468119	0.065718	-0.300321	0.389464	0.150246	-0.672672	1.000000	0.425158	0.040421	-0.062975	0.037687	-0.039488	-0.312251	0.736532	
0.068049	-0.074477	-0.465491	0.334147	0.029810	-0.051917	0.045572	-0.023158	-0.219505	0.425158	1.000000	0.237837	0.351282	-0.833458	-0.039521	0.031232	0.000071	
0.080670	0.161997	-0.033438	-0.018453	0.098069	-0.116683	0.047959	0.003218	-0.027911	0.040421	0.237837	1.000000	-0.747503	-0.068128	0.105062	-0.077650	-0.034089	
-0.145567	-0.104835	0.055595	0.002302	-0.092766	0.121947	-0.060849	-0.029880	0.065030	-0.062975	0.351282	-0.747503	1.000000	-0.603679	-0.129687	0.257259	-0.297557	
0.087852	-0.054510	-0.034472	0.020838	0.002659	-0.019124	0.023105	0.031690	-0.050716	0.037687	-0.833458	-0.068128	-0.603679	1.000000	0.063441	-0.283540	0.485243	
0.169014	-0.125388	0.023153	-0.007492	0.011834	-0.011060	-0.004576	0.080420	-0.049791	-0.039488	-0.039521	0.105062	-0.129687	0.063441	1.000000	-0.871742	0.264256	
-0.255207	0.172461	0.350274	-0.249641	-0.040882	0.072128	-0.053302	-0.069298	0.239326	-0.312251	0.031232	-0.077650	0.257259	-0.283540	-0.871742	1.000000	-0.681977	
0.154255	-0.096093	-0.781100	0.541948	0.053725	-0.117795	0.115825	-0.035219	-0.386190	0.736532	0.000071	-0.034089	-0.297557	0.485243	0.264256	-0.681977	1.000000	

Time taken for mcmc chain: 1.194167 hours
