Number of steps: 9927031
Number of accepted steps: 1680000
Burn-in number of steps: 10000
Accepted fraction of steps: 0.169235
Convergence Status
R[0]= 1.000009	R[1]= 1.000561	R[2]= 1.000559	R[3]= 1.000350	R[4]= 1.000250	R[5]= 1.000246	R[6]= 1.000556	R[7]= 1.000248	R[8]= 1.000391	R[9]= 1.000500	R[10]= 1.000162	R[11]= 1.000163	R[12]= 1.000085	R[13]= 1.000256	R[14]= 1.000179	R[15]= 1.000333	R[16]= 1.000658	
<R>= 1.000324

Mean parameters
A[0]= 1.197570 pm 0.059762
A[1]= 0.924567 pm 0.035056
A[2]= 0.524940 pm 0.295692
A[3]= 4.355549 pm 0.972383
A[4]= -738.071795 pm 3164.001435
A[5]= 592.592935 pm 972.407691
A[6]= 159.028606 pm 232.183195
A[7]= 8608.327456 pm 6567.767985
A[8]= -2504.911714 pm 1992.663656
A[9]= -352.799364 pm 471.188013
A[10]= 2.534795 pm 0.995176
A[11]= -5916.274284 pm 4677.420752
A[12]= 23.681211 pm 1360.127772
A[13]= 849.144930 pm 350.938511
A[14]= 6735.201651 pm 8316.819569
A[15]= -2060.391662 pm 2322.459469
A[16]= 15.000989 pm 404.658177

Best-fitting parameters
A[0]= 1.196812
A[1]= 0.913378
A[2]= 0.525751
A[3]= 4.331710
A[4]= 223.411300
A[5]= 358.109800
A[6]= 170.232500
A[7]= 11703.380000
A[8]= -3180.513000
A[9]= -370.580500
A[10]= 2.963205
A[11]= -3275.295000
A[12]= -247.300500
A[13]= 711.285300
A[14]= 16581.590000
A[15]= -4266.301000
A[16]= 0.264908
chi2_min= 42.167430


Cross-Covariance parameters
1.000000	-0.452487	-0.351649	0.304185	0.116056	-0.101452	-0.019593	0.337278	-0.531252	0.292133	0.037169	-0.010265	-0.092887	0.142095	0.082509	-0.233780	0.283738	
-0.452487	1.000000	0.255375	-0.381843	0.261427	-0.364956	0.195120	-0.206739	0.290306	-0.116882	-0.236806	0.131541	-0.182034	0.089955	-0.074978	0.127534	-0.075442	
-0.351649	0.255375	1.000000	-0.780445	0.033913	-0.149223	0.167452	0.105323	0.459077	-0.888067	-0.387465	0.063051	-0.059889	-0.001348	0.076692	0.220827	-0.650331	
0.304185	-0.381843	-0.780445	1.000000	0.053435	0.410549	-0.708255	0.064841	-0.392098	0.503723	0.344868	-0.073886	0.090293	-0.029561	-0.048612	-0.177463	0.487123	
0.116056	0.261427	0.033913	0.053435	1.000000	-0.781037	0.009257	0.209978	-0.152734	-0.052605	-0.097911	0.054948	-0.105083	0.076182	-0.004186	-0.007873	0.020661	
-0.101452	-0.364956	-0.149223	0.410549	-0.781037	1.000000	-0.621081	-0.085182	0.098682	-0.064207	0.165219	-0.075014	0.139688	-0.099949	-0.006462	-0.007310	0.032013	
-0.019593	0.195120	0.167452	-0.708255	0.009257	-0.621081	1.000000	-0.155086	0.043978	0.198256	-0.107961	0.035889	-0.062515	0.042701	0.010299	0.024506	-0.071984	
0.337278	-0.206739	0.105323	0.064841	0.209978	-0.085182	-0.155086	1.000000	-0.794103	-0.019975	-0.071854	0.001518	-0.038709	0.049945	0.062283	-0.045553	-0.059434	
-0.531252	0.290306	0.459077	-0.392098	-0.152734	0.098682	0.043978	-0.794103	1.000000	-0.574221	-0.138374	0.026299	0.019637	-0.062265	-0.013354	0.171047	-0.324667	
0.292133	-0.116882	-0.888067	0.503723	-0.052605	-0.064207	0.198256	-0.019975	-0.574221	1.000000	0.328411	-0.042253	0.027645	0.020939	-0.077283	-0.197164	0.606084	
0.037169	-0.236806	-0.387465	0.344868	-0.097911	0.165219	-0.107961	-0.071854	-0.138374	0.328411	1.000000	0.185364	0.424184	-0.884604	0.154631	-0.065282	-0.266041	
-0.010265	0.131541	0.063051	-0.073886	0.054948	-0.075014	0.035889	0.001518	0.026299	-0.042253	0.185364	1.000000	-0.756928	-0.049263	0.179265	-0.119441	-0.130384	
-0.092887	-0.182034	-0.059889	0.090293	-0.105083	0.139688	-0.062515	-0.038709	0.019637	0.027645	0.424184	-0.756928	1.000000	-0.606861	-0.040569	0.151058	-0.284217	
0.142095	0.089955	-0.001348	-0.029561	0.076182	-0.099949	0.042701	0.049945	-0.062265	0.020939	-0.884604	-0.049263	-0.606861	1.000000	-0.166327	-0.079559	0.610646	
0.082509	-0.074978	0.076692	-0.048612	-0.004186	-0.006462	0.010299	0.062283	-0.013354	-0.077283	0.154631	0.179265	-0.040569	-0.166327	1.000000	-0.895317	0.130582	
-0.233780	0.127534	0.220827	-0.177463	-0.007873	-0.007310	0.024506	-0.045553	0.171047	-0.197164	-0.065282	-0.119441	0.151058	-0.079559	-0.895317	1.000000	-0.530618	
0.283738	-0.075442	-0.650331	0.487123	0.020661	0.032013	-0.071984	-0.059434	-0.324667	0.606084	-0.266041	-0.130384	-0.284217	0.610646	0.130582	-0.530618	1.000000	

Time taken for mcmc chain: 3.059167 hours
