Number of steps: 20334996
Number of accepted steps: 2000000
Burn-in number of steps: 10000
Accepted fraction of steps: 0.098353
Convergence Status
R[0]= 1.002655	R[1]= 1.010669	R[2]= 1.014226	R[3]= 1.005392	R[4]= 1.000200	R[5]= 1.000904	R[6]= 1.001417	R[7]= 1.000386	R[8]= 1.001771	R[9]= 1.002431	R[10]= 1.003049	R[11]= 1.000115	R[12]= 1.000765	R[13]= 1.001220	R[14]= 1.000943	R[15]= 1.003405	R[16]= 1.003887	
<R>= 1.003143

Mean parameters
A[0]= 0.944563 pm 0.113056
A[1]= 0.991373 pm 0.068426
A[2]= 0.548664 pm 0.474717
A[3]= 4.904215 pm 1.606938
A[4]= 5338.192169 pm 5191.963731
A[5]= -964.680104 pm 1902.084433
A[6]= 235.701248 pm 444.563451
A[7]= 2789.027842 pm 9820.280813
A[8]= -1407.462653 pm 3549.390934
A[9]= -94.690504 pm 751.520524
A[10]= 4.118318 pm 1.827853
A[11]= 4181.324023 pm 6926.984000
A[12]= -1348.947227 pm 2446.728772
A[13]= 527.263197 pm 617.196530
A[14]= 7533.825474 pm 9217.570767
A[15]= -2799.873069 pm 3384.242855
A[16]= 96.440520 pm 718.778457

Best-fitting parameters
A[0]= 1.042601
A[1]= 0.992671
A[2]= 0.302053
A[3]= 5.205606
A[4]= 7939.878000
A[5]= -2026.003000
A[6]= 329.810700
A[7]= 11744.430000
A[8]= -4788.990000
A[9]= 298.859600
A[10]= 3.964093
A[11]= 7335.109000
A[12]= -2809.966000
A[13]= 763.628500
A[14]= 18104.820000
A[15]= -6350.101000
A[16]= 510.460400
chi2_min= 43.628210


Cross-Covariance parameters
1.000000	-0.442068	-0.363987	0.182843	0.322561	-0.341003	0.127374	0.485241	-0.522676	0.171908	0.070205	0.184725	-0.263737	0.154958	0.237012	-0.342190	0.153595	
-0.442068	1.000000	0.433178	-0.461931	0.206833	-0.250065	0.162047	-0.279575	0.333658	-0.142763	-0.269299	0.131120	-0.098556	0.000142	-0.178552	0.267884	-0.162161	
-0.363987	0.433178	1.000000	-0.699473	-0.087613	0.090653	-0.026649	-0.137935	0.589626	-0.818299	-0.519751	-0.032188	0.048172	-0.019957	-0.116815	0.521005	-0.728805	
0.182843	-0.461931	-0.699473	1.000000	0.008324	0.379721	-0.633083	0.063644	-0.294366	0.410087	0.419650	-0.041173	0.040750	-0.018177	0.083883	-0.366195	0.515961	
0.322561	0.206833	-0.087613	0.008324	1.000000	-0.787294	0.190909	0.223814	-0.233417	0.100531	-0.027983	0.164982	-0.181615	0.065826	0.053291	-0.094765	0.061185	
-0.341003	-0.250065	0.090653	0.379721	-0.787294	1.000000	-0.747044	-0.235939	0.364374	-0.310734	0.039901	-0.177538	0.207332	-0.088871	-0.041278	0.103457	-0.088362	
0.127374	0.162047	-0.026649	-0.633083	0.190909	-0.747044	1.000000	0.109663	-0.302866	0.381672	-0.031833	0.076901	-0.102878	0.058017	-0.004972	-0.041347	0.063366	
0.485241	-0.279575	-0.137935	0.063644	0.223814	-0.235939	0.109663	1.000000	-0.817424	0.214545	0.025270	0.064487	-0.107005	0.072015	0.126600	-0.156119	0.035296	
-0.522676	0.333658	0.589626	-0.294366	-0.233417	0.364374	-0.302866	-0.817424	1.000000	-0.721817	-0.278208	-0.078253	0.124130	-0.078424	-0.131296	0.384994	-0.436611	
0.171908	-0.142763	-0.818299	0.410087	0.100531	-0.310734	0.381672	0.214545	-0.721817	1.000000	0.449063	0.038205	-0.053636	0.026695	0.034141	-0.435402	0.713287	
0.070205	-0.269299	-0.519751	0.419650	-0.027983	0.039901	-0.031833	0.025270	-0.278208	0.449063	1.000000	0.057715	0.475651	-0.786252	0.004164	-0.054147	0.084456	
0.184725	0.131120	-0.032188	-0.041173	0.164982	-0.177538	0.076901	0.064487	-0.078253	0.038205	0.057715	1.000000	-0.745160	0.118205	0.122219	-0.119008	0.028344	
-0.263737	-0.098556	0.048172	0.040750	-0.181615	0.207332	-0.102878	-0.107005	0.124130	-0.053636	0.475651	-0.745160	1.000000	-0.742781	-0.154730	0.330393	-0.340927	
0.154958	0.000142	-0.019957	-0.018177	0.065826	-0.088871	0.058017	0.072015	-0.078424	0.026695	-0.786252	0.118205	-0.742781	1.000000	0.099695	-0.359791	0.477618	
0.237012	-0.178552	-0.116815	0.083883	0.053291	-0.041278	-0.004972	0.126600	-0.131296	0.034141	0.004164	0.122219	-0.154730	0.099695	1.000000	-0.800418	0.263413	
-0.342190	0.267884	0.521005	-0.366195	-0.094765	0.103457	-0.041347	-0.156119	0.384994	-0.435402	-0.054147	-0.119008	0.330393	-0.359791	-0.800418	1.000000	-0.764229	
0.153595	-0.162161	-0.728805	0.515961	0.061185	-0.088362	0.063366	0.035296	-0.436611	0.713287	0.084456	0.028344	-0.340927	0.477618	0.263413	-0.764229	1.000000	

Time taken for mcmc chain: 6.399722 hours
