Number of steps: 5641893
Number of accepted steps: 1070000
Burn-in number of steps: 10000
Accepted fraction of steps: 0.189653
Convergence Status
R[0]= 1.000589	R[1]= 1.000829	R[2]= 1.000885	R[3]= 1.000538	R[4]= 1.000484	R[5]= 1.000424	R[6]= 1.000822	R[7]= 1.000792	R[8]= 1.000165	R[9]= 1.000574	R[10]= 1.000305	R[11]= 1.000409	R[12]= 1.000146	R[13]= 1.000050	R[14]= 1.000484	R[15]= 1.000133	R[16]= 1.000569	
<R>= 1.000482

Mean parameters
A[0]= 1.093606 pm 0.095847
A[1]= 0.976972 pm 0.041850
A[2]= 0.381235 pm 0.266581
A[3]= 6.196424 pm 1.388726
A[4]= -3875.475596 pm 5131.815943
A[5]= 2445.872219 pm 1707.156106
A[6]= -330.324880 pm 405.946956
A[7]= -3673.644189 pm 9592.894333
A[8]= 657.768671 pm 3215.374316
A[9]= -446.049644 pm 669.161838
A[10]= 7.048066 pm 1.857851
A[11]= 1660.622549 pm 7303.310936
A[12]= 1656.963912 pm 2309.944108
A[13]= -539.938076 pm 580.400520
A[14]= -1476.650175 pm 10609.443336
A[15]= 52.815178 pm 3609.623888
A[16]= -479.168011 pm 763.388886

Best-fitting parameters
A[0]= 1.115668
A[1]= 0.978994
A[2]= 0.225753
A[3]= 5.838312
A[4]= -4411.828000
A[5]= 1789.491000
A[6]= -37.465320
A[7]= -5831.308000
A[8]= -24.450830
A[9]= -7.454543
A[10]= 6.820003
A[11]= 2155.697000
A[12]= 824.314900
A[13]= -263.914400
A[14]= -6029.866000
A[15]= 189.947300
A[16]= -105.289900
chi2_min= 49.640850


Cross-Covariance parameters
1.000000	-0.400447	-0.402876	0.146621	0.266174	-0.357397	0.193990	0.428027	-0.572360	0.291319	0.082734	0.177711	-0.303749	0.195532	0.285867	-0.468366	0.276597	
-0.400447	1.000000	0.251796	-0.355739	0.246826	-0.279599	0.120089	-0.253532	0.299927	-0.096472	-0.180154	0.217719	-0.164834	-0.037120	-0.158584	0.243520	-0.128053	
-0.402876	0.251796	1.000000	-0.607854	-0.079060	0.125532	-0.099458	-0.042085	0.540276	-0.894774	-0.554605	-0.054466	0.063537	-0.018657	-0.027561	0.511105	-0.846122	
0.146621	-0.355739	-0.607854	1.000000	0.083743	0.366223	-0.695313	0.076879	-0.259730	0.329862	0.385372	-0.065500	0.074123	-0.022505	0.007989	-0.295392	0.509953	
0.266174	0.246826	-0.079060	0.083743	1.000000	-0.781997	0.079021	0.206764	-0.212462	0.063600	-0.033655	0.180559	-0.213686	0.071279	0.060120	-0.107487	0.071980	
-0.357397	-0.279599	0.125532	0.366223	-0.781997	1.000000	-0.673280	-0.164630	0.300077	-0.288753	0.032190	-0.214864	0.263481	-0.097503	-0.072437	0.147832	-0.114710	
0.193990	0.120089	-0.099458	-0.695313	0.079021	-0.673280	1.000000	-0.005810	-0.204827	0.389113	0.000008	0.097305	-0.128395	0.056737	0.027406	-0.087672	0.093487	
0.428027	-0.253532	-0.042085	0.076879	0.206764	-0.164630	-0.005810	1.000000	-0.828594	0.150107	-0.027933	0.055787	-0.111647	0.083846	0.144557	-0.153854	-0.007015	
-0.572360	0.299927	0.540276	-0.259730	-0.212462	0.300077	-0.204827	-0.828594	1.000000	-0.657939	-0.250985	-0.087123	0.142328	-0.086923	-0.132269	0.389809	-0.430097	
0.291319	-0.096472	-0.894774	0.329862	0.063600	-0.288753	0.389113	0.150107	-0.657939	1.000000	0.499598	0.064746	-0.065854	0.010242	-0.011670	-0.434408	0.783236	
0.082734	-0.180154	-0.554605	0.385372	-0.033655	0.032190	0.000008	-0.027933	-0.250985	0.499598	1.000000	0.154036	0.383878	-0.786258	0.041264	-0.161756	0.196541	
0.177711	0.217719	-0.054466	-0.065500	0.180559	-0.214864	0.097305	0.055787	-0.087123	0.064746	0.154036	1.000000	-0.757196	0.000477	0.157282	-0.139222	0.001327	
-0.303749	-0.164834	0.063537	0.074123	-0.213686	0.263481	-0.128395	-0.111647	0.142328	-0.065854	0.383878	-0.757196	1.000000	-0.643646	-0.135546	0.259879	-0.252802	
0.195532	-0.037120	-0.018657	-0.022505	0.071279	-0.097503	0.056737	0.083846	-0.086923	0.010242	-0.786258	0.000477	-0.643646	1.000000	0.007983	-0.213179	0.383116	
0.285867	-0.158584	-0.027561	0.007989	0.060120	-0.072437	0.027406	0.144557	-0.132269	-0.011670	0.041264	0.157282	-0.135546	0.007983	1.000000	-0.813553	0.175126	
-0.468366	0.243520	0.511105	-0.295392	-0.107487	0.147832	-0.087672	-0.153854	0.389809	-0.434408	-0.161756	-0.139222	0.259879	-0.213179	-0.813553	1.000000	-0.686576	
0.276597	-0.128053	-0.846122	0.509953	0.071980	-0.114710	0.093487	-0.007015	-0.430097	0.783236	0.196541	0.001327	-0.252802	0.383116	0.175126	-0.686576	1.000000	

Time taken for mcmc chain: 1.690000 hours
