Number of steps: 26030437
Number of accepted steps: 1460000
Burn-in number of steps: 10000
Accepted fraction of steps: 0.056088
Convergence Status
R[0]= 1.000335	R[1]= 1.000372	R[2]= 1.000909	R[3]= 1.000466	R[4]= 1.000355	R[5]= 1.000091	R[6]= 1.000580	R[7]= 1.000318	R[8]= 1.000290	R[9]= 1.000131	R[10]= 1.000531	R[11]= 1.000356	R[12]= 1.000612	R[13]= 1.000610	R[14]= 1.000467	R[15]= 1.000314	R[16]= 1.000138	
<R>= 1.000404

Mean parameters
A[0]= 1.059355 pm 0.091074
A[1]= 0.916018 pm 0.047198
A[2]= 0.507292 pm 0.371108
A[3]= 4.874829 pm 1.552410
A[4]= -474.149570 pm 4779.038845
A[5]= 133.010711 pm 1701.293430
A[6]= 302.580119 pm 433.552649
A[7]= 4277.413008 pm 9179.311280
A[8]= -795.818199 pm 3027.929945
A[9]= -363.769920 pm 624.621498
A[10]= 6.664391 pm 2.046879
A[11]= -14159.530492 pm 4398.349388
A[12]= 5737.955433 pm 2070.486724
A[13]= -650.243295 pm 636.312174
A[14]= -493.782215 pm 10584.825956
A[15]= 2592.773589 pm 3951.239646
A[16]= -1132.584246 pm 980.594554

Best-fitting parameters
A[0]= 1.051070
A[1]= 0.898067
A[2]= 0.403146
A[3]= 5.140596
A[4]= -405.404900
A[5]= 185.283300
A[6]= 290.784600
A[7]= 11249.620000
A[8]= -2766.005000
A[9]= -185.843400
A[10]= 6.766711
A[11]= -16671.510000
A[12]= 6269.712000
A[13]= -610.706300
A[14]= 734.944400
A[15]= 1803.584000
A[16]= -928.773800
chi2_min= 41.738380


Cross-Covariance parameters
1.000000	-0.439087	-0.337997	0.177603	0.177293	-0.194526	0.069279	0.347297	-0.467888	0.230143	0.072738	0.096039	-0.253030	0.208336	0.269199	-0.443338	0.263789	
-0.439087	1.000000	0.242622	-0.272385	0.226458	-0.231181	0.077324	-0.195887	0.247939	-0.087192	-0.317954	0.137301	-0.157761	0.064016	-0.203267	0.246752	-0.076275	
-0.337997	0.242622	1.000000	-0.673647	-0.024004	-0.085581	0.154659	-0.040913	0.484556	-0.794982	-0.549924	0.001867	0.070693	-0.090588	-0.042565	0.599111	-0.844969	
0.177603	-0.272385	-0.673647	1.000000	0.020078	0.513029	-0.787870	0.085841	-0.250528	0.285272	0.427630	-0.034571	0.010042	0.023728	0.028463	-0.398852	0.566251	
0.177293	0.226458	-0.024004	0.020078	1.000000	-0.742712	0.112179	0.162466	-0.155405	0.035260	-0.095378	0.090197	-0.147663	0.093212	0.014852	-0.056684	0.057609	
-0.194526	-0.231181	-0.085581	0.513029	-0.742712	1.000000	-0.741145	-0.096551	0.197301	-0.228799	0.165824	-0.091751	0.162677	-0.108282	-0.022096	0.011766	0.023836	
0.069279	0.077324	0.154659	-0.787870	0.112179	-0.741145	1.000000	-0.036614	-0.122020	0.307346	-0.129370	0.028693	-0.062922	0.047270	0.011368	0.052106	-0.101978	
0.347297	-0.195887	-0.040913	0.085841	0.162466	-0.096551	-0.036614	1.000000	-0.831519	0.176266	-0.008351	0.027390	-0.076400	0.063057	0.112309	-0.119293	0.014722	
-0.467888	0.247939	0.484556	-0.250528	-0.155405	0.197301	-0.122020	-0.831519	1.000000	-0.674978	-0.234750	-0.027636	0.121755	-0.119099	-0.110037	0.388228	-0.423888	
0.230143	-0.087192	-0.794982	0.285272	0.035260	-0.228799	0.307346	0.176266	-0.674978	1.000000	0.429597	0.005825	-0.091747	0.108283	0.000720	-0.487390	0.735543	
0.072738	-0.317954	-0.549924	0.427630	-0.095378	0.165824	-0.129370	-0.008351	-0.234750	0.429597	1.000000	-0.000569	0.608934	-0.740018	0.079295	-0.194151	0.171999	
0.096039	0.137301	0.001867	-0.034571	0.090197	-0.091751	0.028693	0.027390	-0.027636	0.005825	-0.000569	1.000000	-0.566204	0.079156	0.080793	-0.065178	0.002174	
-0.253030	-0.157761	0.070693	0.010042	-0.147663	0.162677	-0.062922	-0.076400	0.121755	-0.091747	0.608934	-0.566204	1.000000	-0.857371	-0.023926	0.273079	-0.394070	
0.208336	0.064016	-0.090588	0.023728	0.093212	-0.108282	0.047270	0.063057	-0.119099	0.108283	-0.740018	0.079156	-0.857371	1.000000	-0.030813	-0.284487	0.484800	
0.269199	-0.203267	-0.042565	0.028463	0.014852	-0.022096	0.011368	0.112309	-0.110037	0.000720	0.079295	0.080793	-0.023926	-0.030813	1.000000	-0.740937	0.141013	
-0.443338	0.246752	0.599111	-0.398852	-0.056684	0.011766	0.052106	-0.119293	0.388228	-0.487390	-0.194151	-0.065178	0.273079	-0.284487	-0.740937	1.000000	-0.749352	
0.263789	-0.076275	-0.844969	0.566251	0.057609	0.023836	-0.101978	0.014722	-0.423888	0.735543	0.171999	0.002174	-0.394070	0.484800	0.141013	-0.749352	1.000000	

Time taken for mcmc chain: 7.657222 hours
