Number of steps: 11163536
Number of accepted steps: 2000000
Burn-in number of steps: 10000
Accepted fraction of steps: 0.179155
Convergence Status
R[0]= 1.000648	R[1]= 1.000365	R[2]= 1.001065	R[3]= 1.001312	R[4]= 1.000192	R[5]= 1.000097	R[6]= 1.000247	R[7]= 1.000129	R[8]= 1.000400	R[9]= 1.000564	R[10]= 1.000548	R[11]= 1.000353	R[12]= 1.000572	R[13]= 1.000384	R[14]= 1.000121	R[15]= 1.000536	R[16]= 1.000763	
<R>= 1.000488

Mean parameters
A[0]= 0.959110 pm 0.047521
A[1]= 1.016700 pm 0.037486
A[2]= 0.534923 pm 0.289843
A[3]= 7.339131 pm 1.520848
A[4]= 3694.396832 pm 5063.877038
A[5]= 2546.175123 pm 1693.938456
A[6]= -969.502675 pm 423.103190
A[7]= 1118.614319 pm 9586.523538
A[8]= 632.086279 pm 3539.745124
A[9]= -791.539183 pm 898.124624
A[10]= 3.767473 pm 1.674220
A[11]= -3741.459802 pm 6686.399228
A[12]= 980.788677 pm 2256.975780
A[13]= 377.717118 pm 626.423907
A[14]= -6886.945751 pm 9234.318852
A[15]= 1162.967094 pm 3020.502420
A[16]= -104.951972 pm 607.270623

Best-fitting parameters
A[0]= 0.954366
A[1]= 1.021480
A[2]= 0.593756
A[3]= 6.567196
A[4]= 4087.449000
A[5]= 2085.983000
A[6]= -811.851800
A[7]= 945.509500
A[8]= 1208.382000
A[9]= -951.142900
A[10]= 3.515787
A[11]= -4720.763000
A[12]= 1294.704000
A[13]= 347.191000
A[14]= -18062.690000
A[15]= 5091.932000
A[16]= -487.832900
chi2_min= 50.220310


Cross-Covariance parameters
1.000000	-0.433752	-0.285644	0.150883	0.155256	-0.259236	0.178085	0.378225	-0.452916	0.201882	0.195527	0.086811	-0.019945	-0.078569	0.101912	-0.148455	0.050745	
-0.433752	1.000000	0.234538	-0.281318	0.323833	-0.269478	0.010978	-0.273720	0.312082	-0.126319	-0.445732	0.043746	-0.294837	0.355933	-0.066141	0.003995	0.134574	
-0.285644	0.234538	1.000000	-0.746321	-0.074183	0.173659	-0.174663	-0.005515	0.625864	-0.925264	-0.398107	-0.029994	0.023050	0.003934	0.012062	0.337957	-0.649264	
0.150883	-0.281318	-0.746321	1.000000	0.096819	0.243069	-0.489843	-0.018831	-0.343342	0.534193	0.348543	0.005842	0.032018	-0.051347	-0.009570	-0.236610	0.461237	
0.155256	0.323833	-0.074183	0.096819	1.000000	-0.756829	0.055803	0.094000	-0.110787	0.068007	-0.118276	0.054929	-0.153487	0.145357	0.003554	-0.076617	0.134497	
-0.259236	-0.269478	0.173659	0.243069	-0.756829	1.000000	-0.686511	-0.130034	0.321660	-0.333465	0.070830	-0.062151	0.155997	-0.140595	-0.007891	0.114421	-0.191297	
0.178085	0.010978	-0.174663	-0.489843	0.055803	-0.686511	1.000000	0.087943	-0.359538	0.430928	0.040851	0.022844	-0.043228	0.032542	0.005459	-0.078082	0.127589	
0.378225	-0.273720	-0.005515	-0.018831	0.094000	-0.130034	0.087943	1.000000	-0.739812	0.123044	0.083640	0.014532	0.043004	-0.080128	0.048867	-0.010324	-0.086802	
-0.452916	0.312082	0.625864	-0.343342	-0.110787	0.321660	-0.359538	-0.739812	1.000000	-0.748392	-0.299149	-0.031347	-0.004628	0.046285	-0.024640	0.222951	-0.356509	
0.201882	-0.126319	-0.925264	0.534193	0.068007	-0.333465	0.430928	0.123044	-0.748392	1.000000	0.341799	0.026366	-0.044839	0.030351	-0.023182	-0.319888	0.639130	
0.195527	-0.445732	-0.398107	0.348543	-0.118276	0.070830	0.040851	0.083640	-0.299149	0.341799	1.000000	0.151417	0.522520	-0.884390	-0.016122	0.141651	-0.253280	
0.086811	0.043746	-0.029994	0.005842	0.054929	-0.062151	0.022844	0.014532	-0.031347	0.026366	0.151417	1.000000	-0.691906	0.012428	0.098675	-0.063376	-0.032960	
-0.019945	-0.294837	0.023050	0.032018	-0.153487	0.155997	-0.043228	0.043004	-0.004628	-0.044839	0.522520	-0.691906	1.000000	-0.724396	-0.094270	0.300375	-0.420782	
-0.078569	0.355933	0.003934	-0.051347	0.145357	-0.140595	0.032542	-0.080128	0.046285	0.030351	-0.884390	0.012428	-0.724396	1.000000	0.036478	-0.353035	0.615385	
0.101912	-0.066141	0.012062	-0.009570	0.003554	-0.007891	0.005459	0.048867	-0.024640	-0.023182	-0.016122	0.098675	-0.094270	0.036478	1.000000	-0.829674	0.240414	
-0.148455	0.003995	0.337957	-0.236610	-0.076617	0.114421	-0.078082	-0.010324	0.222951	-0.319888	0.141651	-0.063376	0.300375	-0.353035	-0.829674	1.000000	-0.718586	
0.050745	0.134574	-0.649264	0.461237	0.134497	-0.191297	0.127589	-0.086802	-0.356509	0.639130	-0.253280	-0.032960	-0.420782	0.615385	0.240414	-0.718586	1.000000	

Time taken for mcmc chain: 3.580278 hours
