Number of steps: 12928577
Number of accepted steps: 2000000
Burn-in number of steps: 10000
Accepted fraction of steps: 0.154696
Convergence Status
R[0]= 1.000206	R[1]= 1.000453	R[2]= 1.002871	R[3]= 1.001461	R[4]= 1.000301	R[5]= 1.000287	R[6]= 1.000314	R[7]= 1.000168	R[8]= 1.000333	R[9]= 1.000797	R[10]= 1.000970	R[11]= 1.000264	R[12]= 1.000601	R[13]= 1.000471	R[14]= 1.000203	R[15]= 1.000091	R[16]= 1.000474	
<R>= 1.000604

Mean parameters
A[0]= 1.079673 pm 0.074157
A[1]= 0.944036 pm 0.044590
A[2]= 0.489338 pm 0.325364
A[3]= 5.454394 pm 1.419723
A[4]= -4078.105604 pm 4876.948025
A[5]= 1822.704150 pm 1675.029347
A[6]= -73.912664 pm 422.138540
A[7]= 165.713774 pm 9618.583567
A[8]= 320.848483 pm 3160.357176
A[9]= -618.729932 pm 724.870298
A[10]= 6.136826 pm 2.037416
A[11]= -7965.050617 pm 6418.460975
A[12]= 3720.224671 pm 2207.889728
A[13]= -427.918648 pm 607.630735
A[14]= 2798.260034 pm 10298.604218
A[15]= 1520.127446 pm 3439.194262
A[16]= -936.370491 pm 768.293474

Best-fitting parameters
A[0]= 1.064907
A[1]= 0.951893
A[2]= 0.692842
A[3]= 4.847769
A[4]= -521.222700
A[5]= 984.022400
A[6]= -75.335660
A[7]= -2014.890000
A[8]= 1989.121000
A[9]= -1118.292000
A[10]= 5.059111
A[11]= -9871.491000
A[12]= 3945.785000
A[13]= -361.500600
A[14]= 4163.992000
A[15]= 2497.167000
A[16]= -1406.330000
chi2_min= 53.718620


Cross-Covariance parameters
1.000000	-0.424464	-0.321358	0.147399	0.131911	-0.211919	0.146952	0.345549	-0.484740	0.255731	0.124623	0.095504	-0.154703	0.089746	0.220564	-0.374332	0.222311	
-0.424464	1.000000	0.239742	-0.351568	0.284835	-0.311399	0.119877	-0.226346	0.281438	-0.100198	-0.229640	0.188263	-0.190265	0.042253	-0.151692	0.219118	-0.098369	
-0.321358	0.239742	1.000000	-0.618849	0.014879	0.038210	-0.085814	0.033500	0.506880	-0.877078	-0.639321	-0.011228	-0.110999	0.164609	-0.025453	0.483727	-0.782493	
0.147399	-0.351568	-0.618849	1.000000	0.011665	0.452016	-0.690978	0.063243	-0.248332	0.295209	0.436244	-0.058563	0.146764	-0.130236	0.023666	-0.295062	0.465495	
0.131911	0.284835	0.014879	0.011665	1.000000	-0.751520	0.085242	0.149804	-0.119550	-0.003391	-0.066518	0.109835	-0.127804	0.043475	0.016009	-0.022491	0.008569	
-0.211919	-0.311399	0.038210	0.452016	-0.751520	1.000000	-0.713368	-0.078039	0.222285	-0.277023	0.046055	-0.132476	0.159646	-0.059685	-0.020141	0.066822	-0.072346	
0.146952	0.119877	-0.085814	-0.690978	0.085242	-0.713368	1.000000	-0.052709	-0.205803	0.436492	0.019328	0.060773	-0.078148	0.033537	0.008670	-0.075666	0.107374	
0.345549	-0.226346	0.033500	0.063243	0.149804	-0.078039	-0.052709	1.000000	-0.796752	0.094162	-0.043114	0.007739	-0.051160	0.055496	0.099006	-0.078385	-0.049377	
-0.484740	0.281438	0.506880	-0.248332	-0.119550	0.222285	-0.205803	-0.796752	1.000000	-0.661480	-0.303234	-0.025827	0.004707	0.028413	-0.094584	0.336860	-0.399063	
0.255731	-0.100198	-0.877078	0.295209	-0.003391	-0.277023	0.436492	0.094162	-0.661480	1.000000	0.558676	0.029699	0.070029	-0.130597	0.002246	-0.430003	0.729292	
0.124623	-0.229640	-0.639321	0.436244	-0.066518	0.046055	0.019328	-0.043114	-0.303234	0.558676	1.000000	0.095016	0.521828	-0.826323	0.073224	-0.190870	0.186314	
0.095504	0.188263	-0.011228	-0.058563	0.109835	-0.132476	0.060773	0.007739	-0.025827	0.029699	0.095016	1.000000	-0.696497	0.017737	0.115277	-0.082787	-0.026548	
-0.154703	-0.190265	-0.110999	0.146764	-0.127804	0.159646	-0.078148	-0.051160	0.004707	0.070029	0.521828	-0.696497	1.000000	-0.721509	-0.046268	0.158290	-0.219067	
0.089746	0.042253	0.164609	-0.130236	0.043475	-0.059685	0.033537	0.055496	0.028413	-0.130597	-0.826323	0.017737	-0.721509	1.000000	-0.051438	-0.136639	0.338277	
0.220564	-0.151692	-0.025453	0.023666	0.016009	-0.020141	0.008670	0.099006	-0.094584	0.002246	0.073224	0.115277	-0.046268	-0.051438	1.000000	-0.801797	0.155171	
-0.374332	0.219118	0.483727	-0.295062	-0.022491	0.066822	-0.075666	-0.078385	0.336860	-0.430003	-0.190870	-0.082787	0.158290	-0.136639	-0.801797	1.000000	-0.690064	
0.222311	-0.098369	-0.782493	0.465495	0.008569	-0.072346	0.107374	-0.049377	-0.399063	0.729292	0.186314	-0.026548	-0.219067	0.338277	0.155171	-0.690064	1.000000	

Time taken for mcmc chain: 3.988056 hours
