Number of steps: 9923374
Number of accepted steps: 1200000
Burn-in number of steps: 10000
Accepted fraction of steps: 0.120927
Convergence Status
R[0]= 1.000378	R[1]= 1.000879	R[2]= 1.000634	R[3]= 1.000654	R[4]= 1.000541	R[5]= 1.000990	R[6]= 1.000901	R[7]= 1.000640	R[8]= 1.000930	R[9]= 1.000648	R[10]= 1.000992	R[11]= 1.000580	R[12]= 1.000404	R[13]= 1.000537	R[14]= 1.000803	R[15]= 1.000627	R[16]= 1.000334	
<R>= 1.000675

Mean parameters
A[0]= 1.037174 pm 0.091374
A[1]= 1.030265 pm 0.044266
A[2]= 0.346994 pm 0.284285
A[3]= 4.293932 pm 1.247387
A[4]= 5656.678221 pm 4874.669049
A[5]= -2068.535394 pm 1510.661435
A[6]= 585.010863 pm 400.918541
A[7]= 3348.972546 pm 9271.309230
A[8]= -1832.931449 pm 2844.122186
A[9]= 260.386638 pm 527.157807
A[10]= 4.508489 pm 1.691401
A[11]= -2155.632782 pm 7157.938232
A[12]= 213.246653 pm 2110.126016
A[13]= 313.753205 pm 560.095792
A[14]= 4485.125818 pm 10014.929519
A[15]= -2069.231340 pm 3076.264154
A[16]= 96.502592 pm 577.633039

Best-fitting parameters
A[0]= 1.059229
A[1]= 1.024418
A[2]= 0.262563
A[3]= 4.672965
A[4]= 6001.636000
A[5]= -1931.947000
A[6]= 493.620500
A[7]= 5888.832000
A[8]= -2530.208000
A[9]= 309.574300
A[10]= 4.151558
A[11]= -887.539200
A[12]= -612.354800
A[13]= 536.972700
A[14]= 12773.360000
A[15]= -4718.388000
A[16]= 377.709400
chi2_min= 49.735370


Cross-Covariance parameters
1.000000	-0.414899	-0.200725	-0.067118	0.155717	-0.295758	0.205393	0.330294	-0.386710	0.102643	0.163537	0.179426	-0.125366	-0.082466	0.199122	-0.229366	-0.031806	
-0.414899	1.000000	0.166642	-0.158742	0.195616	-0.187269	0.027798	-0.213217	0.233322	-0.036605	-0.242839	0.110151	-0.200876	0.150278	-0.135524	0.138229	0.037566	
-0.200725	0.166642	1.000000	-0.507049	-0.048158	0.086920	-0.065805	0.042152	0.375053	-0.848748	-0.449651	-0.037025	0.013431	0.031296	0.032809	0.340451	-0.755904	
-0.067118	-0.158742	-0.507049	1.000000	0.194623	0.377904	-0.791656	-0.059565	-0.038917	0.197313	0.252905	-0.044770	0.070964	-0.040356	-0.035493	-0.149699	0.395154	
0.155717	0.195616	-0.048158	0.194623	1.000000	-0.734655	-0.049895	0.133624	-0.120814	0.004142	-0.003022	0.090658	-0.093137	0.008833	0.019619	-0.036027	0.024984	
-0.295758	-0.187269	0.086920	0.377904	-0.734655	1.000000	-0.632121	-0.161049	0.275584	-0.260882	-0.006503	-0.127986	0.138816	-0.022900	-0.036194	0.072501	-0.047821	
0.205393	0.027798	-0.065805	-0.791656	-0.049895	-0.632121	1.000000	0.069243	-0.251673	0.380476	0.012535	0.063575	-0.077258	0.023488	0.023989	-0.057008	0.043513	
0.330294	-0.213217	0.042152	-0.059565	0.133624	-0.161049	0.069243	1.000000	-0.872136	0.180315	0.031755	0.045610	-0.011982	-0.051832	0.078690	-0.038289	-0.119101	
-0.386710	0.233322	0.375053	-0.038917	-0.120814	0.275584	-0.251673	-0.872136	1.000000	-0.618910	-0.210017	-0.062288	0.028586	0.050112	-0.055937	0.180201	-0.217408	
0.102643	-0.036605	-0.848748	0.197313	0.004142	-0.260882	0.380476	0.180315	-0.618910	1.000000	0.364613	0.033051	-0.030553	0.000503	-0.050565	-0.284551	0.684172	
0.163537	-0.242839	-0.449651	0.252905	-0.003022	-0.006503	0.012535	0.031755	-0.210017	0.364613	1.000000	0.243893	0.375737	-0.869760	0.007323	-0.025232	0.005170	
0.179426	0.110151	-0.037025	-0.044770	0.090658	-0.127986	0.063575	0.045610	-0.062288	0.033051	0.243893	1.000000	-0.742775	-0.085766	0.120937	-0.089084	-0.057163	
-0.125366	-0.200876	0.013431	0.070964	-0.093137	0.138816	-0.077258	-0.011982	0.028586	-0.030553	0.375737	-0.742775	1.000000	-0.594121	-0.104435	0.204370	-0.226509	
-0.082466	0.150278	0.031296	-0.040356	0.008833	-0.022900	0.023488	-0.051832	0.050112	0.000503	-0.869760	-0.085766	-0.594121	1.000000	0.002137	-0.185840	0.410167	
0.199122	-0.135524	0.032809	-0.035493	0.019619	-0.036194	0.023989	0.078690	-0.055937	-0.050565	0.007323	0.120937	-0.104435	0.002137	1.000000	-0.863047	0.196563	
-0.229366	0.138229	0.340451	-0.149699	-0.036027	0.072501	-0.057008	-0.038289	0.180201	-0.284551	-0.025232	-0.089084	0.204370	-0.185840	-0.863047	1.000000	-0.631615	
-0.031806	0.037566	-0.755904	0.395154	0.024984	-0.047821	0.043513	-0.119101	-0.217408	0.684172	0.005170	-0.057163	-0.226509	0.410167	0.196563	-0.631615	1.000000	

Time taken for mcmc chain: 2.972222 hours
