Number of steps: 14249200
Number of accepted steps: 1170000
Burn-in number of steps: 10000
Accepted fraction of steps: 0.082110
Convergence Status
R[0]= 1.000478	R[1]= 1.000416	R[2]= 1.000437	R[3]= 1.000646	R[4]= 1.000274	R[5]= 1.000793	R[6]= 1.000950	R[7]= 1.000344	R[8]= 1.000643	R[9]= 1.000462	R[10]= 1.000645	R[11]= 1.000111	R[12]= 1.000577	R[13]= 1.000987	R[14]= 1.000274	R[15]= 1.000372	R[16]= 1.000911	
<R>= 1.000548

Mean parameters
A[0]= 0.921058 pm 0.070240
A[1]= 1.067463 pm 0.036450
A[2]= 0.524986 pm 0.377414
A[3]= 5.819510 pm 1.509697
A[4]= 8525.959228 pm 4944.597849
A[5]= -787.941598 pm 1674.545385
A[6]= -205.919543 pm 417.741185
A[7]= 8823.343711 pm 8095.652337
A[8]= -1583.568759 pm 3230.778597
A[9]= -212.024088 pm 849.118620
A[10]= 2.172967 pm 1.233946
A[11]= 5892.865665 pm 6508.689564
A[12]= -3619.355312 pm 2006.713486
A[13]= 1287.187387 pm 527.006129
A[14]= -412.999765 pm 10369.555267
A[15]= 61.020512 pm 3269.271091
A[16]= 197.029813 pm 540.435544

Best-fitting parameters
A[0]= 0.935005
A[1]= 1.073479
A[2]= 0.768972
A[3]= 4.819336
A[4]= 9743.178000
A[5]= -1046.567000
A[6]= -219.752000
A[7]= 15923.360000
A[8]= -1934.654000
A[9]= -780.810200
A[10]= 1.955745
A[11]= 9779.783000
A[12]= -4629.263000
A[13]= 1302.124000
A[14]= 5068.152000
A[15]= -882.085800
A[16]= 51.646180
chi2_min= 63.228180


Cross-Covariance parameters
1.000000	-0.448740	-0.285977	0.112082	0.306428	-0.406134	0.208682	0.372930	-0.426066	0.156982	0.169198	0.096497	-0.059844	-0.048974	0.093416	-0.124177	0.046317	
-0.448740	1.000000	0.251155	-0.263532	0.111754	-0.092756	0.013282	-0.243508	0.283258	-0.114261	-0.200834	0.026076	-0.073951	0.075470	-0.071566	0.090960	-0.036907	
-0.285977	0.251155	1.000000	-0.750379	-0.230734	0.288551	-0.154180	-0.032770	0.661932	-0.911351	-0.201914	0.002241	0.145485	-0.208136	-0.014456	0.310619	-0.667204	
0.112082	-0.263532	-0.750379	1.000000	0.239824	0.125474	-0.487520	-0.063972	-0.346344	0.572029	0.148461	-0.019144	-0.100083	0.167464	0.001369	-0.230180	0.516308	
0.306428	0.111754	-0.230734	0.239824	1.000000	-0.754385	0.058941	0.143023	-0.226342	0.170090	0.037713	0.054761	-0.083086	0.046599	0.015150	-0.074599	0.128214	
-0.406134	-0.092756	0.288551	0.125474	-0.754385	1.000000	-0.690744	-0.228466	0.451829	-0.390462	-0.059444	-0.060677	0.090623	-0.047748	-0.027961	0.099843	-0.155310	
0.208682	0.013282	-0.154180	-0.487520	0.058941	-0.690744	1.000000	0.171067	-0.408969	0.390030	0.039998	0.020972	-0.034231	0.018806	0.020703	-0.057842	0.082303	
0.372930	-0.243508	-0.032770	-0.063972	0.143023	-0.228466	0.171067	1.000000	-0.710850	0.131979	0.066108	0.033045	0.003956	-0.052831	0.039222	-0.020549	-0.052464	
-0.426066	0.283258	0.661932	-0.346344	-0.226342	0.451829	-0.408969	-0.710850	1.000000	-0.777697	-0.165916	-0.019842	0.096756	-0.107572	-0.034095	0.216024	-0.403154	
0.156982	-0.114261	-0.911351	0.572029	0.170090	-0.390462	0.390030	0.131979	-0.777697	1.000000	0.159486	-0.011491	-0.142892	0.217047	0.000474	-0.284170	0.641732	
0.169198	-0.200834	-0.201914	0.148461	0.037713	-0.059444	0.039998	0.066108	-0.165916	0.159486	1.000000	0.209615	0.409718	-0.863726	-0.070249	0.198696	-0.304662	
0.096497	0.026076	0.002241	-0.019144	0.054761	-0.060677	0.020972	0.033045	-0.019842	-0.011491	0.209615	1.000000	-0.734672	-0.018936	0.093311	-0.042548	-0.071159	
-0.059844	-0.073951	0.145485	-0.100083	-0.083086	0.090623	-0.034231	0.003956	0.096756	-0.142892	0.409718	-0.734672	1.000000	-0.656264	-0.141372	0.297456	-0.396707	
-0.048974	0.075470	-0.208136	0.167464	0.046599	-0.047748	0.018806	-0.052831	-0.107572	0.217047	-0.863726	-0.018936	-0.656264	1.000000	0.102946	-0.386956	0.664090	
0.093416	-0.071566	-0.014456	0.001369	0.015150	-0.027961	0.020703	0.039222	-0.034095	0.000474	-0.070249	0.093311	-0.141372	0.102946	1.000000	-0.882736	0.352072	
-0.124177	0.090960	0.310619	-0.230180	-0.074599	0.099843	-0.057842	-0.020549	0.216024	-0.284170	0.198696	-0.042548	0.297456	-0.386956	-0.882736	1.000000	-0.730079	
0.046317	-0.036907	-0.667204	0.516308	0.128214	-0.155310	0.082303	-0.052464	-0.403154	0.641732	-0.304662	-0.071159	-0.396707	0.664090	0.352072	-0.730079	1.000000	

Time taken for mcmc chain: 4.405278 hours
