Number of steps: 11902880
Number of accepted steps: 2000000
Burn-in number of steps: 10000
Accepted fraction of steps: 0.168027
Convergence Status
R[0]= 1.001359	R[1]= 1.004044	R[2]= 1.018989	R[3]= 1.005819	R[4]= 1.000480	R[5]= 1.000641	R[6]= 1.000323	R[7]= 1.000473	R[8]= 1.001957	R[9]= 1.006362	R[10]= 1.002408	R[11]= 1.000582	R[12]= 1.001161	R[13]= 1.001038	R[14]= 1.002124	R[15]= 1.006728	R[16]= 1.008201	
<R>= 1.003688

Mean parameters
A[0]= 0.963628 pm 0.102548
A[1]= 1.080968 pm 0.046822
A[2]= 0.432054 pm 0.364030
A[3]= 4.716512 pm 1.347987
A[4]= 10278.201522 pm 4836.102414
A[5]= -2148.832953 pm 1585.997374
A[6]= 289.572475 pm 401.861538
A[7]= 2238.374275 pm 9697.145631
A[8]= -1404.176644 pm 3216.158636
A[9]= 167.198029 pm 653.886693
A[10]= 4.228346 pm 1.566320
A[11]= -9086.105343 pm 6350.664240
A[12]= 2591.240567 pm 1994.277873
A[13]= 193.477155 pm 564.271067
A[14]= 8394.984532 pm 8918.499608
A[15]= -1701.897792 pm 3141.477641
A[16]= 71.307445 pm 664.068670

Best-fitting parameters
A[0]= 1.011071
A[1]= 1.064084
A[2]= 0.357910
A[3]= 4.647167
A[4]= 10768.630000
A[5]= -2568.819000
A[6]= 370.016100
A[7]= 13460.560000
A[8]= -4817.954000
A[9]= 377.575300
A[10]= 4.549321
A[11]= -10671.470000
A[12]= 3334.547000
A[13]= 56.360380
A[14]= 17310.270000
A[15]= -3813.848000
A[16]= 100.790100
chi2_min= 50.569510


Cross-Covariance parameters
1.000000	-0.459213	-0.315499	0.131373	0.364841	-0.411396	0.123416	0.433701	-0.479379	0.129611	0.032106	0.159261	-0.278051	0.149842	0.219026	-0.306102	0.106118	
-0.459213	1.000000	0.320954	-0.375715	0.033927	-0.121634	0.148412	-0.258449	0.304236	-0.111266	-0.098140	0.100085	0.011184	-0.129356	-0.170861	0.273584	-0.173091	
-0.315499	0.320954	1.000000	-0.643707	-0.190613	0.234264	-0.108956	-0.048513	0.514188	-0.866433	-0.444967	-0.079867	0.182627	-0.143300	-0.064375	0.518026	-0.821445	
0.131373	-0.375715	-0.643707	1.000000	0.229485	0.234497	-0.646049	-0.033442	-0.188438	0.403267	0.316300	-0.010764	-0.053976	0.084155	0.037473	-0.336290	0.544309	
0.364841	0.033927	-0.190613	0.229485	1.000000	-0.751117	0.005824	0.208898	-0.238421	0.103355	0.066072	0.117317	-0.138549	0.029217	0.060892	-0.125362	0.096316	
-0.411396	-0.121634	0.234264	0.234497	-0.751117	1.000000	-0.653906	-0.258308	0.409000	-0.333235	-0.067934	-0.152761	0.187015	-0.050921	-0.064174	0.153563	-0.139957	
0.123416	0.148412	-0.108956	-0.646049	0.005824	-0.653906	1.000000	0.123094	-0.313182	0.378131	0.021857	0.073586	-0.095383	0.035787	0.010903	-0.065708	0.093122	
0.433701	-0.258449	-0.048513	-0.033442	0.208898	-0.258308	0.123094	1.000000	-0.839671	0.176317	-0.028837	0.044096	-0.094098	0.057844	0.111150	-0.099830	-0.041343	
-0.479379	0.304236	0.514188	-0.188438	-0.238421	0.409000	-0.313182	-0.839671	1.000000	-0.664632	-0.192351	-0.077234	0.167235	-0.117224	-0.108335	0.326395	-0.377569	
0.129611	-0.111266	-0.866433	0.403267	0.103355	-0.333235	0.378131	0.176317	-0.664632	1.000000	0.406960	0.062588	-0.142100	0.114948	0.006762	-0.429774	0.770566	
0.032106	-0.098140	-0.444967	0.316300	0.066072	-0.067934	0.021857	-0.028837	-0.192351	0.406960	1.000000	0.261452	0.343424	-0.778812	-0.064921	-0.007616	0.126167	
0.159261	0.100085	-0.079867	-0.010764	0.117317	-0.152761	0.073586	0.044096	-0.077234	0.062588	0.261452	1.000000	-0.691953	-0.089357	0.089341	-0.067653	-0.016431	
-0.278051	0.011184	0.182627	-0.053976	-0.138549	0.187015	-0.095383	-0.094098	0.167235	-0.142100	0.343424	-0.691953	1.000000	-0.646585	-0.167483	0.337340	-0.323318	
0.149842	-0.129356	-0.143300	0.084155	0.029217	-0.050921	0.035787	0.057844	-0.117224	0.114948	-0.778812	-0.089357	-0.646585	1.000000	0.126846	-0.376178	0.458047	
0.219026	-0.170861	-0.064375	0.037473	0.060892	-0.064174	0.010903	0.111150	-0.108335	0.006762	-0.064921	0.089341	-0.167483	0.126846	1.000000	-0.807021	0.234179	
-0.306102	0.273584	0.518026	-0.336290	-0.125362	0.153563	-0.065708	-0.099830	0.326395	-0.429774	-0.007616	-0.067653	0.337340	-0.376178	-0.807021	1.000000	-0.734552	
0.106118	-0.173091	-0.821445	0.544309	0.096316	-0.139957	0.093122	-0.041343	-0.377569	0.770566	0.126167	-0.016431	-0.323318	0.458047	0.234179	-0.734552	1.000000	

Time taken for mcmc chain: 4.020278 hours
