Number of steps: 6039788
Number of accepted steps: 1190000
Burn-in number of steps: 10000
Accepted fraction of steps: 0.197027
Convergence Status
R[0]= 1.000281	R[1]= 1.000369	R[2]= 1.000428	R[3]= 1.000527	R[4]= 1.000175	R[5]= 1.000443	R[6]= 1.000392	R[7]= 1.000079	R[8]= 1.000054	R[9]= 1.000223	R[10]= 1.000192	R[11]= 1.000601	R[12]= 1.000511	R[13]= 1.000782	R[14]= 1.000327	R[15]= 1.000152	R[16]= 1.000776	
<R>= 1.000371

Mean parameters
A[0]= 0.984399 pm 0.040725
A[1]= 1.030145 pm 0.028771
A[2]= 0.623740 pm 0.283030
A[3]= 4.251199 pm 0.855464
A[4]= 2159.079125 pm 3129.564323
A[5]= 9.320322 pm 969.060816
A[6]= 87.441123 pm 235.016548
A[7]= -6526.934000 pm 6714.948970
A[8]= 2072.881549 pm 2225.966218
A[9]= -486.045148 pm 517.308195
A[10]= 3.147309 pm 0.963914
A[11]= -9909.964886 pm 4534.337351
A[12]= 2158.582815 pm 1327.755142
A[13]= 350.557408 pm 359.975169
A[14]= -745.202690 pm 9049.879152
A[15]= -709.770584 pm 2703.975508
A[16]= -76.400628 pm 469.011009

Best-fitting parameters
A[0]= 0.965391
A[1]= 1.052439
A[2]= 0.644475
A[3]= 4.220661
A[4]= 2754.732000
A[5]= 4.074978
A[6]= 25.051700
A[7]= -5358.286000
A[8]= 2060.314000
A[9]= -538.589900
A[10]= 3.151320
A[11]= -11704.450000
A[12]= 2851.132000
A[13]= 241.950200
A[14]= -7851.085000
A[15]= 1339.856000
A[16]= -236.115300
chi2_min= 60.919470


Cross-Covariance parameters
1.000000	-0.455808	-0.272314	0.142457	0.141009	-0.258443	0.187497	0.381132	-0.474350	0.231286	0.228735	0.108040	-0.062684	-0.066956	0.184788	-0.231786	0.099066	
-0.455808	1.000000	0.220473	-0.263066	0.235099	-0.219232	0.029302	-0.270569	0.305048	-0.127024	-0.249338	0.111524	-0.167773	0.100992	-0.134756	0.155672	-0.058325	
-0.272314	0.220473	1.000000	-0.785276	-0.100547	0.145609	-0.096908	0.043825	0.518498	-0.906436	-0.519988	-0.033429	0.060285	-0.039195	0.048869	0.288085	-0.724560	
0.142457	-0.263066	-0.785276	1.000000	0.165362	0.180990	-0.501317	-0.066987	-0.278757	0.543766	0.417694	-0.007705	-0.012307	0.026429	-0.041713	-0.222096	0.572117	
0.141009	0.235099	-0.100547	0.165362	1.000000	-0.773278	0.019633	0.124513	-0.139835	0.074044	0.023132	0.084013	-0.093067	0.022149	-0.002183	-0.035210	0.076385	
-0.258443	-0.219232	0.145609	0.180990	-0.773278	1.000000	-0.640621	-0.174319	0.332061	-0.319610	-0.054490	-0.103424	0.113080	-0.023436	-0.013112	0.066901	-0.110114	
0.187497	0.029302	-0.096908	-0.501317	0.019633	-0.640621	1.000000	0.109218	-0.335594	0.407815	0.054427	0.044454	-0.048914	0.009108	0.018457	-0.054639	0.075345	
0.381132	-0.270569	0.043825	-0.066987	0.124513	-0.174319	0.109218	1.000000	-0.792059	0.124978	0.037165	0.024223	0.012624	-0.055354	0.088502	-0.048051	-0.090785	
-0.474350	0.305048	0.518498	-0.278757	-0.139835	0.332061	-0.335594	-0.792059	1.000000	-0.694783	-0.317168	-0.046849	0.036457	0.015867	-0.044140	0.203267	-0.339244	
0.231286	-0.127024	-0.906436	0.543766	0.074044	-0.319610	0.407815	0.124978	-0.694783	1.000000	0.467852	0.040401	-0.073436	0.049638	-0.054270	-0.261811	0.679620	
0.228735	-0.249338	-0.519988	0.417694	0.023132	-0.054490	0.054427	0.037165	-0.317168	0.467852	1.000000	0.235916	0.348746	-0.797020	-0.035469	0.047717	-0.051413	
0.108040	0.111524	-0.033429	-0.007705	0.084013	-0.103424	0.044454	0.024223	-0.046849	0.040401	0.235916	1.000000	-0.726495	-0.084761	0.126649	-0.082076	-0.061507	
-0.062684	-0.167773	0.060285	-0.012307	-0.093067	0.113080	-0.048914	0.012624	0.036457	-0.073436	0.348746	-0.726495	1.000000	-0.614683	-0.136324	0.277015	-0.352877	
-0.066956	0.100992	-0.039195	0.026429	0.022149	-0.023436	0.009108	-0.055354	0.015867	0.049638	-0.797020	-0.084761	-0.614683	1.000000	0.046963	-0.299660	0.582217	
0.184788	-0.134756	0.048869	-0.041713	-0.002183	-0.013112	0.018457	0.088502	-0.044140	-0.054270	-0.035469	0.126649	-0.136324	0.046963	1.000000	-0.887394	0.258375	
-0.231786	0.155672	0.288085	-0.222096	-0.035210	0.066901	-0.054639	-0.048051	0.203267	-0.261811	0.047717	-0.082076	0.277015	-0.299660	-0.887394	1.000000	-0.658474	
0.099066	-0.058325	-0.724560	0.572117	0.076385	-0.110114	0.075345	-0.090785	-0.339244	0.679620	-0.051413	-0.061507	-0.352877	0.582217	0.258375	-0.658474	1.000000	

Time taken for mcmc chain: 1.817500 hours
