Number of steps: 9319514
Number of accepted steps: 2000000
Burn-in number of steps: 10000
Accepted fraction of steps: 0.214603
Convergence Status
R[0]= 1.000241	R[1]= 1.000421	R[2]= 1.002052	R[3]= 1.001651	R[4]= 1.000329	R[5]= 1.001170	R[6]= 1.001519	R[7]= 1.000145	R[8]= 1.000146	R[9]= 1.000235	R[10]= 1.000757	R[11]= 1.000263	R[12]= 1.000111	R[13]= 1.000175	R[14]= 1.000188	R[15]= 1.000320	R[16]= 1.000739	
<R>= 1.000615

Mean parameters
A[0]= 0.907757 pm 0.046372
A[1]= 1.008955 pm 0.036612
A[2]= 0.341581 pm 0.243386
A[3]= 6.456623 pm 1.408177
A[4]= -2709.462079 pm 4835.839766
A[5]= 2701.188601 pm 1618.134654
A[6]= -366.995742 pm 419.419230
A[7]= -14289.131996 pm 4883.400467
A[8]= 3977.987774 pm 2198.549757
A[9]= -289.881119 pm 632.463561
A[10]= 8.917643 pm 2.180489
A[11]= 2660.172598 pm 7038.102943
A[12]= 2875.147086 pm 2562.760046
A[13]= -1037.653918 pm 644.254371
A[14]= 2144.209791 pm 10360.870944
A[15]= 399.166640 pm 3717.688959
A[16]= -300.882955 pm 874.028400

Best-fitting parameters
A[0]= 0.902301
A[1]= 1.011336
A[2]= 0.412328
A[3]= 6.469990
A[4]= -2605.589000
A[5]= 3127.826000
A[6]= -520.587900
A[7]= -19765.270000
A[8]= 6178.261000
A[9]= -644.539100
A[10]= 8.536976
A[11]= 5360.213000
A[12]= 2232.082000
A[13]= -1047.136000
A[14]= 4269.234000
A[15]= 680.128500
A[16]= -601.593400
chi2_min= 63.163680


Cross-Covariance parameters
1.000000	-0.321698	-0.182399	0.136128	0.155598	-0.127416	-0.021564	0.150918	-0.168531	0.000593	-0.006578	0.135013	-0.204253	0.136040	0.220500	-0.257164	0.059688	
-0.321698	1.000000	0.184513	-0.208569	0.310378	-0.274177	0.031374	-0.114224	0.162747	-0.046327	-0.373959	0.243873	-0.353662	0.255517	-0.151004	0.139818	0.004502	
-0.182399	0.184513	1.000000	-0.590724	-0.071072	0.144096	-0.128591	-0.022357	0.714948	-0.911658	-0.561337	-0.043423	0.079075	-0.065509	-0.010822	0.571263	-0.895060	
0.136128	-0.208569	-0.590724	1.000000	0.120339	0.373982	-0.690126	-0.015418	-0.262954	0.368800	0.361538	0.001069	-0.009114	0.009693	0.017293	-0.338177	0.511982	
0.155598	0.310378	-0.071072	0.120339	1.000000	-0.734984	0.036338	0.053633	-0.076752	0.059598	-0.102292	0.143092	-0.211432	0.150176	0.007098	-0.076004	0.108619	
-0.127416	-0.274177	0.144096	0.373982	-0.734984	1.000000	-0.696588	-0.079308	0.289555	-0.297057	0.042514	-0.127855	0.195045	-0.144031	-0.004647	0.118810	-0.182789	
-0.021564	0.031374	-0.128591	-0.690126	0.036338	-0.696588	1.000000	0.058121	-0.338623	0.370196	0.066318	0.011119	-0.025713	0.026658	-0.005383	-0.081997	0.142446	
0.150918	-0.114224	-0.022357	-0.015418	0.053633	-0.079308	0.058121	1.000000	-0.621686	0.127208	0.014358	0.001685	-0.005377	0.005203	0.038113	-0.036843	-0.002333	
-0.168531	0.162747	0.714948	-0.262954	-0.076752	0.289555	-0.338623	-0.621686	1.000000	-0.837417	-0.404285	-0.030665	0.063479	-0.058068	-0.017999	0.424653	-0.649415	
0.000593	-0.046327	-0.911658	0.368800	0.059598	-0.297057	0.370196	0.127208	-0.837417	1.000000	0.509567	0.040577	-0.080370	0.073889	-0.034630	-0.506325	0.863191	
-0.006578	-0.373959	-0.561337	0.361538	-0.102292	0.042514	0.066318	0.014358	-0.404285	0.509567	1.000000	0.014924	0.494260	-0.757293	-0.045892	-0.150641	0.309480	
0.135013	0.243873	-0.043423	0.001069	0.143092	-0.127855	0.011119	0.001685	-0.030665	0.040577	0.014924	1.000000	-0.742423	0.146367	0.095707	-0.110818	0.066688	
-0.204253	-0.353662	0.079075	-0.009114	-0.211432	0.195045	-0.025713	-0.005377	0.063479	-0.080370	0.494260	-0.742423	1.000000	-0.764996	-0.123111	0.272613	-0.273124	
0.136040	0.255517	-0.065509	0.009693	0.150176	-0.144031	0.026658	0.005203	-0.058068	0.073889	-0.757293	0.146367	-0.764996	1.000000	0.092182	-0.292339	0.334605	
0.220500	-0.151004	-0.010822	0.017293	0.007098	-0.004647	-0.005383	0.038113	-0.017999	-0.034630	-0.045892	0.095707	-0.123111	0.092182	1.000000	-0.767536	0.178972	
-0.257164	0.139818	0.571263	-0.338177	-0.076004	0.118810	-0.081997	-0.036843	0.424653	-0.506325	-0.150641	-0.110818	0.272613	-0.292339	-0.767536	1.000000	-0.750932	
0.059688	0.004502	-0.895060	0.511982	0.108619	-0.182789	0.142446	-0.002333	-0.649415	0.863191	0.309480	0.066688	-0.273124	0.334605	0.178972	-0.750932	1.000000	

Time taken for mcmc chain: 3.118889 hours
