Number of steps: 7366314
Number of accepted steps: 2000000
Burn-in number of steps: 10000
Accepted fraction of steps: 0.271506
Convergence Status
R[0]= 1.000186	R[1]= 1.000221	R[2]= 1.001592	R[3]= 1.002146	R[4]= 1.000354	R[5]= 1.000371	R[6]= 1.001582	R[7]= 1.000306	R[8]= 1.000261	R[9]= 1.000327	R[10]= 1.000254	R[11]= 1.000019	R[12]= 1.000120	R[13]= 1.000233	R[14]= 1.000310	R[15]= 1.001102	R[16]= 1.001692	
<R>= 1.000652

Mean parameters
A[0]= 1.033109 pm 0.044879
A[1]= 0.955027 pm 0.025339
A[2]= 0.419828 pm 0.231916
A[3]= 4.374215 pm 0.878602
A[4]= 2923.373122 pm 2987.758642
A[5]= -506.180871 pm 962.081240
A[6]= 317.620408 pm 237.658177
A[7]= 801.410863 pm 6919.547534
A[8]= -1257.263657 pm 2128.749022
A[9]= -1.643775 pm 412.608908
A[10]= 5.735327 pm 1.199747
A[11]= 4317.437484 pm 4672.695039
A[12]= 452.404694 pm 1474.148571
A[13]= -194.281376 pm 374.947529
A[14]= 10277.892672 pm 7045.800352
A[15]= -3103.183180 pm 2409.731962
A[16]= -158.873442 pm 581.035969

Best-fitting parameters
A[0]= 1.050969
A[1]= 0.943040
A[2]= 0.488196
A[3]= 4.518911
A[4]= 4067.864000
A[5]= -443.563600
A[6]= 193.481200
A[7]= 6776.867000
A[8]= -2210.373000
A[9]= -187.266800
A[10]= 5.967254
A[11]= 5235.281000
A[12]= 689.957500
A[13]= -369.199200
A[14]= 18482.610000
A[15]= -4372.552000
A[16]= -409.063400
chi2_min= 48.035280


Cross-Covariance parameters
1.000000	-0.433825	-0.287592	0.172520	0.161267	-0.184137	0.061469	0.340781	-0.431299	0.227275	0.101566	0.090595	-0.172076	0.124095	0.208820	-0.340972	0.199467	
-0.433825	1.000000	0.231689	-0.304207	0.155640	-0.216417	0.121824	-0.210814	0.256876	-0.117311	-0.237166	0.191999	-0.188648	0.039364	-0.133188	0.206437	-0.110739	
-0.287592	0.231689	1.000000	-0.696203	-0.043738	0.011331	0.029695	0.004134	0.446723	-0.884292	-0.559451	0.020046	0.055914	-0.110522	0.025204	0.537582	-0.881981	
0.172520	-0.304207	-0.696203	1.000000	0.101398	0.381597	-0.707103	0.030817	-0.239334	0.405024	0.415887	-0.059047	0.013833	0.057384	-0.017670	-0.369348	0.604116	
0.161267	0.155640	-0.043738	0.101398	1.000000	-0.760955	0.060459	0.188286	-0.176149	0.045546	-0.023391	0.082618	-0.104185	0.046670	0.020607	-0.049539	0.044770	
-0.184137	-0.216417	0.011331	0.381597	-0.760955	1.000000	-0.685796	-0.151802	0.236419	-0.230326	0.054455	-0.100408	0.128873	-0.059403	-0.026712	0.043286	-0.027068	
0.061469	0.121824	0.029695	-0.707103	0.060459	-0.685796	1.000000	0.002614	-0.148997	0.305943	-0.044574	0.042790	-0.057104	0.028384	0.011355	-0.004265	-0.008466	
0.340781	-0.210814	0.004134	0.030817	0.188286	-0.151802	0.002614	1.000000	-0.862244	0.197305	-0.011300	0.020853	-0.036005	0.021394	0.090332	-0.069231	-0.034905	
-0.431299	0.256876	0.446723	-0.239334	-0.176149	0.236419	-0.148997	-0.862244	1.000000	-0.654812	-0.236447	-0.015835	0.068942	-0.078275	-0.065599	0.306806	-0.376655	
0.227275	-0.117311	-0.884292	0.405024	0.045546	-0.230326	0.305943	0.197305	-0.654812	1.000000	0.484247	-0.003720	-0.072095	0.114175	-0.034220	-0.476678	0.801638	
0.101566	-0.237166	-0.559451	0.415887	-0.023391	0.054455	-0.044574	-0.011300	-0.236447	0.484247	1.000000	0.099925	0.405746	-0.730942	0.007245	-0.155580	0.220583	
0.090595	0.191999	0.020046	-0.059047	0.082618	-0.100408	0.042790	0.020853	-0.015835	-0.003720	0.099925	1.000000	-0.747853	0.026685	0.113304	-0.071512	-0.036195	
-0.172076	-0.188648	0.055914	0.013833	-0.104185	0.128873	-0.057104	-0.036005	0.068942	-0.072095	0.405746	-0.747853	1.000000	-0.675635	-0.089504	0.241767	-0.269611	
0.124095	0.039364	-0.110522	0.057384	0.046670	-0.059403	0.028384	0.021394	-0.078275	0.114175	-0.730942	0.026685	-0.675635	1.000000	0.001024	-0.279492	0.454316	
0.208820	-0.133188	0.025204	-0.017670	0.020607	-0.026712	0.011355	0.090332	-0.065599	-0.034220	0.007245	0.113304	-0.089504	0.001024	1.000000	-0.766842	0.133317	
-0.340972	0.206437	0.537582	-0.369348	-0.049539	0.043286	-0.004265	-0.069231	0.306806	-0.476678	-0.155580	-0.071512	0.241767	-0.279492	-0.766842	1.000000	-0.720181	
0.199467	-0.110739	-0.881981	0.604116	0.044770	-0.027068	-0.008466	-0.034905	-0.376655	0.801638	0.220583	-0.036195	-0.269611	0.454316	0.133317	-0.720181	1.000000	

Time taken for mcmc chain: 2.405556 hours
