Number of steps: 10675492
Number of accepted steps: 1450000
Burn-in number of steps: 10000
Accepted fraction of steps: 0.135825
Convergence Status
R[0]= 1.000335	R[1]= 1.000994	R[2]= 1.000897	R[3]= 1.000157	R[4]= 1.000324	R[5]= 1.000462	R[6]= 1.000556	R[7]= 1.000550	R[8]= 1.000413	R[9]= 1.000683	R[10]= 1.000223	R[11]= 1.000182	R[12]= 1.000051	R[13]= 1.000107	R[14]= 1.000095	R[15]= 1.000101	R[16]= 1.000572	
<R>= 1.000394

Mean parameters
A[0]= 0.891866 pm 0.124341
A[1]= 1.053211 pm 0.059229
A[2]= 0.388979 pm 0.303461
A[3]= 5.243943 pm 1.387363
A[4]= -73.576372 pm 5399.528090
A[5]= 380.594648 pm 2027.050660
A[6]= 158.449724 pm 463.840428
A[7]= 281.651719 pm 10446.428454
A[8]= -2403.288185 pm 3634.906876
A[9]= 490.058690 pm 644.939632
A[10]= 5.554115 pm 1.934270
A[11]= -5515.539319 pm 7173.875452
A[12]= 2197.331019 pm 2310.519097
A[13]= -48.469098 pm 607.536495
A[14]= -4081.637697 pm 10342.280610
A[15]= 1747.522119 pm 3444.143029
A[16]= -65.173672 pm 667.726720

Best-fitting parameters
A[0]= 0.986637
A[1]= 1.023175
A[2]= 0.105233
A[3]= 5.229886
A[4]= 71.419730
A[5]= -583.895400
A[6]= 476.482400
A[7]= 11850.740000
A[8]= -7062.864000
A[9]= 1121.792000
A[10]= 7.014965
A[11]= -1235.366000
A[12]= 1450.595000
A[13]= -174.156500
A[14]= -2228.851000
A[15]= -315.892500
A[16]= 389.963900
chi2_min= 51.651190


Cross-Covariance parameters
1.000000	-0.506570	-0.352580	-0.130671	0.372338	-0.546671	0.421158	0.566623	-0.572193	0.141359	0.345980	0.341904	-0.174777	-0.208551	0.322213	-0.315546	-0.086416	
-0.506570	1.000000	0.338880	-0.211729	0.115084	-0.014517	-0.102383	-0.373499	0.400465	-0.131706	-0.423547	0.035392	-0.194332	0.249782	-0.225110	0.232847	0.021156	
-0.352580	0.338880	1.000000	-0.510368	-0.191973	0.326185	-0.298701	-0.212065	0.609639	-0.887428	-0.544751	-0.142853	0.126233	0.008399	-0.102356	0.502972	-0.750273	
-0.130671	-0.211729	-0.510368	1.000000	0.035991	0.357834	-0.632057	-0.125888	-0.052439	0.340475	0.268629	-0.068414	0.044317	0.029676	-0.036267	-0.203704	0.478322	
0.372338	0.115084	-0.191973	0.035991	1.000000	-0.793776	0.226516	0.250940	-0.278784	0.143942	0.072669	0.232354	-0.212243	0.001582	0.095417	-0.138395	0.058508	
-0.546671	-0.014517	0.326185	0.357834	-0.793776	1.000000	-0.764480	-0.399370	0.519610	-0.369736	-0.170853	-0.283602	0.241374	0.028455	-0.155128	0.234492	-0.113347	
0.421158	-0.102383	-0.298701	-0.632057	0.226516	-0.764480	1.000000	0.349221	-0.514014	0.439891	0.183941	0.174779	-0.136337	-0.040357	0.132039	-0.213740	0.124174	
0.566623	-0.373499	-0.212065	-0.125888	0.250940	-0.399370	0.349221	1.000000	-0.875201	0.282776	0.225960	0.164601	-0.058974	-0.141015	0.200306	-0.188824	-0.060726	
-0.572193	0.400465	0.609639	-0.052439	-0.278784	0.519610	-0.514014	-0.875201	1.000000	-0.691605	-0.408705	-0.188720	0.109919	0.098331	-0.194826	0.375330	-0.309841	
0.141359	-0.131706	-0.887428	0.340475	0.143942	-0.369736	0.439891	0.282776	-0.691605	1.000000	0.437362	0.087720	-0.120275	0.057154	0.035176	-0.438332	0.770705	
0.345980	-0.423547	-0.544751	0.268629	0.072669	-0.170853	0.183941	0.225960	-0.408705	0.437362	1.000000	0.209990	0.373720	-0.806835	0.050083	-0.128568	0.131604	
0.341904	0.035392	-0.142853	-0.068414	0.232354	-0.283602	0.174779	0.164601	-0.188720	0.087720	0.209990	1.000000	-0.730188	-0.030520	0.161535	-0.157334	0.002628	
-0.174777	-0.194332	0.126233	0.044317	-0.212243	0.241374	-0.136337	-0.058974	0.109919	-0.120275	0.373720	-0.730188	1.000000	-0.650382	-0.155536	0.292229	-0.273742	
-0.208551	0.249782	0.008399	0.029676	0.001582	0.028455	-0.040357	-0.141015	0.098331	0.057154	-0.806835	-0.030520	-0.650382	1.000000	0.026830	-0.223434	0.394332	
0.322213	-0.225110	-0.102356	-0.036267	0.095417	-0.155128	0.132039	0.200306	-0.194826	0.035176	0.050083	0.161535	-0.155536	0.026830	1.000000	-0.840431	0.199574	
-0.315546	0.232847	0.502972	-0.203704	-0.138395	0.234492	-0.213740	-0.188824	0.375330	-0.438332	-0.128568	-0.157334	0.292229	-0.223434	-0.840431	1.000000	-0.663490	
-0.086416	0.021156	-0.750273	0.478322	0.058508	-0.113347	0.124174	-0.060726	-0.309841	0.770705	0.131604	0.002628	-0.273742	0.394332	0.199574	-0.663490	1.000000	

Time taken for mcmc chain: 3.778333 hours
