Number of steps: 4266297
Number of accepted steps: 1380000
Burn-in number of steps: 10000
Accepted fraction of steps: 0.323466
Convergence Status
R[0]= 1.000698	R[1]= 1.000959	R[2]= 1.000991	R[3]= 1.000905	R[4]= 1.000514	R[5]= 1.000545	R[6]= 1.000360	R[7]= 1.000465	R[8]= 1.000151	R[9]= 1.000423	R[10]= 1.000700	R[11]= 1.000704	R[12]= 1.000744	R[13]= 1.000596	R[14]= 1.000281	R[15]= 1.000304	R[16]= 1.000743	
<R>= 1.000593

Mean parameters
A[0]= 1.037746 pm 0.059512
A[1]= 0.997864 pm 0.031372
A[2]= 0.186290 pm 0.149809
A[3]= 7.648365 pm 1.376254
A[4]= 6526.275726 pm 4852.543561
A[5]= 421.689050 pm 1591.476716
A[6]= -442.936240 pm 399.790095
A[7]= 4323.210272 pm 9149.932345
A[8]= -2752.599159 pm 2760.840780
A[9]= 315.860537 pm 483.956930
A[10]= 7.860900 pm 1.777819
A[11]= -1145.664164 pm 7149.653041
A[12]= 2566.247221 pm 2196.636128
A[13]= -614.688105 pm 566.937762
A[14]= 5056.452666 pm 9843.835688
A[15]= -55.162452 pm 3017.613983
A[16]= -155.557389 pm 532.164406

Best-fitting parameters
A[0]= 1.044590
A[1]= 0.997991
A[2]= 0.114216
A[3]= 7.781105
A[4]= 6969.938000
A[5]= 93.003480
A[6]= -373.854300
A[7]= 7747.513000
A[8]= -4268.151000
A[9]= 593.557600
A[10]= 7.746485
A[11]= 254.770800
A[12]= 1804.966000
A[13]= -434.804400
A[14]= 11475.140000
A[15]= -2420.090000
A[16]= 188.926500
chi2_min= 41.187760


Cross-Covariance parameters
1.000000	-0.373418	-0.210912	-0.005485	0.183929	-0.243333	0.115782	0.336865	-0.374900	0.053112	0.037145	0.128430	-0.156673	0.041943	0.213503	-0.260871	0.015963	
-0.373418	1.000000	0.163358	-0.281748	0.250536	-0.320206	0.171060	-0.226743	0.236961	0.001345	-0.155570	0.204541	-0.216115	0.053545	-0.151027	0.168387	0.004568	
-0.210912	0.163358	1.000000	-0.487128	-0.038139	0.050263	-0.031400	0.020143	0.389725	-0.883140	-0.339472	0.007140	0.040529	-0.066815	0.014063	0.372675	-0.833785	
-0.005485	-0.281748	-0.487128	1.000000	0.096069	0.467945	-0.832989	-0.014480	-0.107700	0.250073	0.210904	-0.083118	0.076514	-0.000887	-0.003650	-0.178482	0.401267	
0.183929	0.250536	-0.038139	0.096069	1.000000	-0.757526	0.045580	0.127409	-0.133722	0.045873	-0.036407	0.121722	-0.135903	0.036050	0.009360	-0.027561	0.029384	
-0.243333	-0.320206	0.050263	0.467945	-0.757526	1.000000	-0.677946	-0.123237	0.200703	-0.201923	0.055493	-0.150159	0.176448	-0.056442	-0.010233	0.037133	-0.042421	
0.115782	0.171060	-0.031400	-0.832989	0.045580	-0.677946	1.000000	0.033503	-0.144469	0.260132	-0.036656	0.069881	-0.092266	0.040527	-0.002430	-0.016948	0.032498	
0.336865	-0.226743	0.020143	-0.014480	0.127409	-0.123237	0.033503	1.000000	-0.886774	0.195641	0.000082	0.009151	-0.009561	-0.006612	0.088965	-0.063186	-0.086897	
-0.374900	0.236961	0.389725	-0.107700	-0.133722	0.200703	-0.144469	-0.886774	1.000000	-0.604214	-0.132625	-0.010471	0.033872	-0.027605	-0.067018	0.204930	-0.270115	
0.053112	0.001345	-0.883140	0.250073	0.045873	-0.201923	0.260132	0.195641	-0.604214	1.000000	0.287352	-0.000821	-0.047429	0.070692	-0.053407	-0.300026	0.774681	
0.037145	-0.155570	-0.339472	0.210904	-0.036407	0.055493	-0.036656	0.000082	-0.132625	0.287352	1.000000	0.181233	0.438253	-0.886674	0.008313	-0.030621	0.026897	
0.128430	0.204541	0.007140	-0.083118	0.121722	-0.150159	0.069881	0.009151	-0.010471	-0.000821	0.181233	1.000000	-0.748736	-0.027287	0.107954	-0.088427	-0.023928	
-0.156673	-0.216115	0.040529	0.076514	-0.135903	0.176448	-0.092266	-0.009561	0.033872	-0.047429	0.438253	-0.748736	1.000000	-0.633563	-0.092966	0.181216	-0.214992	
0.041943	0.053545	-0.066815	-0.000887	0.036050	-0.056442	0.040527	-0.006612	-0.027605	0.070692	-0.886674	-0.027287	-0.633563	1.000000	0.009591	-0.162285	0.354930	
0.213503	-0.151027	0.014063	-0.003650	0.009360	-0.010233	-0.002430	0.088965	-0.067018	-0.053407	0.008313	0.107954	-0.092966	0.009591	1.000000	-0.874126	0.229601	
-0.260871	0.168387	0.372675	-0.178482	-0.027561	0.037133	-0.016948	-0.063186	0.204930	-0.300026	-0.030621	-0.088427	0.181216	-0.162285	-0.874126	1.000000	-0.639113	
0.015963	0.004568	-0.833785	0.401267	0.029384	-0.042421	0.032498	-0.086897	-0.270115	0.774681	0.026897	-0.023928	-0.214992	0.354930	0.229601	-0.639113	1.000000	

Time taken for mcmc chain: 1.416944 hours
