Number of steps: 3936975
Number of accepted steps: 930000
Burn-in number of steps: 10000
Accepted fraction of steps: 0.236222
Convergence Status
R[0]= 1.000639	R[1]= 1.000023	R[2]= 1.000670	R[3]= 1.000971	R[4]= 1.000790	R[5]= 1.000990	R[6]= 1.000679	R[7]= 1.000929	R[8]= 1.000742	R[9]= 1.000324	R[10]= 1.000441	R[11]= 1.000300	R[12]= 1.000228	R[13]= 1.000519	R[14]= 1.000547	R[15]= 1.000233	R[16]= 1.000486	
<R>= 1.000559

Mean parameters
A[0]= 1.107425 pm 0.056459
A[1]= 0.993135 pm 0.023504
A[2]= 0.350588 pm 0.222822
A[3]= 3.914584 pm 0.785608
A[4]= 5447.353016 pm 3097.993612
A[5]= -1787.939691 pm 903.654106
A[6]= 523.794781 pm 222.548393
A[7]= 1214.840914 pm 7138.838660
A[8]= -1579.761705 pm 2035.263159
A[9]= 132.225798 pm 362.193948
A[10]= 4.864866 pm 1.077871
A[11]= 2061.352224 pm 4968.160108
A[12]= 164.615303 pm 1355.882779
A[13]= 64.543312 pm 342.112513
A[14]= 1382.349591 pm 9271.892398
A[15]= -1419.682971 pm 2636.742844
A[16]= -30.651205 pm 484.886751

Best-fitting parameters
A[0]= 1.118628
A[1]= 0.998059
A[2]= 0.211929
A[3]= 4.059233
A[4]= 4054.602000
A[5]= -1532.408000
A[6]= 544.182900
A[7]= 1014.884000
A[8]= -2061.453000
A[9]= 352.408800
A[10]= 4.941276
A[11]= 1333.209000
A[12]= -24.447180
A[13]= 165.980800
A[14]= -885.160600
A[15]= -1633.701000
A[16]= 256.546600
chi2_min= 44.494900


Cross-Covariance parameters
1.000000	-0.430775	-0.211909	0.031466	0.166866	-0.269604	0.156313	0.364552	-0.450133	0.192031	0.110411	0.155948	-0.190822	0.038318	0.271143	-0.353190	0.130843	
-0.430775	1.000000	0.132078	-0.166115	0.149480	-0.165368	0.047970	-0.236797	0.262344	-0.068863	-0.164478	0.148838	-0.172551	0.055623	-0.179472	0.207457	-0.049573	
-0.211909	0.132078	1.000000	-0.647430	-0.047431	0.022174	0.022377	0.110121	0.303952	-0.884294	-0.504998	0.010703	0.039770	-0.079983	0.130534	0.283059	-0.855641	
0.031466	-0.166115	-0.647430	1.000000	0.202574	0.300319	-0.744110	-0.032955	-0.147084	0.374915	0.345327	-0.059014	0.036903	0.034115	-0.104799	-0.161698	0.555253	
0.166866	0.149480	-0.047431	0.202574	1.000000	-0.774998	-0.047179	0.209172	-0.199520	0.024940	-0.009409	0.090006	-0.110223	0.034995	0.024341	-0.050298	0.043509	
-0.269604	-0.165368	0.022174	0.300319	-0.774998	1.000000	-0.585353	-0.188500	0.256054	-0.194454	0.032994	-0.119395	0.149776	-0.049278	-0.052466	0.071103	-0.023845	
0.156313	0.047970	0.022377	-0.744110	-0.047179	-0.585353	1.000000	0.001014	-0.121422	0.279663	-0.033846	0.052419	-0.071286	0.028838	0.037961	-0.034684	-0.013652	
0.364552	-0.236797	0.110121	-0.032955	0.209172	-0.188500	0.001014	1.000000	-0.889416	0.125895	-0.044644	0.037038	-0.036740	-0.010740	0.146263	-0.095462	-0.120965	
-0.450133	0.262344	0.303952	-0.147084	-0.199520	0.256054	-0.121422	-0.889416	1.000000	-0.550135	-0.160641	-0.038415	0.063400	-0.029438	-0.086869	0.210835	-0.239851	
0.192031	-0.068863	-0.884294	0.374915	0.024940	-0.194454	0.279663	0.125895	-0.550135	1.000000	0.437203	-0.004436	-0.051079	0.086554	-0.122109	-0.251366	0.771277	
0.110411	-0.164478	-0.504998	0.345327	-0.009409	0.032994	-0.033846	-0.044644	-0.160641	0.437203	1.000000	0.254211	0.272080	-0.786876	0.009328	-0.097154	0.156415	
0.155948	0.148838	0.010703	-0.059014	0.090006	-0.119395	0.052419	0.037038	-0.038415	-0.004436	0.254211	1.000000	-0.775932	-0.119222	0.187356	-0.147712	-0.068896	
-0.190822	-0.172551	0.039770	0.036903	-0.110223	0.149776	-0.071286	-0.036740	0.063400	-0.051079	0.272080	-0.775932	1.000000	-0.523988	-0.133717	0.219856	-0.203709	
0.038318	0.055623	-0.079983	0.034115	0.034995	-0.049278	0.028838	-0.010740	-0.029438	0.086554	-0.786876	-0.119222	-0.523988	1.000000	-0.058767	-0.129773	0.421188	
0.271143	-0.179472	0.130534	-0.104799	0.024341	-0.052466	0.037961	0.146263	-0.086869	-0.122109	0.009328	0.187356	-0.133717	-0.058767	1.000000	-0.878673	0.103785	
-0.353190	0.207457	0.283059	-0.161698	-0.050298	0.071103	-0.034684	-0.095462	0.210835	-0.251366	-0.097154	-0.147712	0.219856	-0.129773	-0.878673	1.000000	-0.544127	
0.130843	-0.049573	-0.855641	0.555253	0.043509	-0.023845	-0.013652	-0.120965	-0.239851	0.771277	0.156415	-0.068896	-0.203709	0.421188	0.103785	-0.544127	1.000000	

Time taken for mcmc chain: 1.180833 hours
