Number of steps: 19721776
Number of accepted steps: 2000000
Burn-in number of steps: 10000
Accepted fraction of steps: 0.101411
Convergence Status
R[0]= 1.000392	R[1]= 1.000883	R[2]= 1.002388	R[3]= 1.000807	R[4]= 1.000727	R[5]= 1.000562	R[6]= 1.000293	R[7]= 1.000469	R[8]= 1.000386	R[9]= 1.000626	R[10]= 1.001647	R[11]= 1.000555	R[12]= 1.000469	R[13]= 1.001363	R[14]= 1.000418	R[15]= 1.000258	R[16]= 1.000317	
<R>= 1.000739

Mean parameters
A[0]= 1.059184 pm 0.045822
A[1]= 1.031802 pm 0.042850
A[2]= 0.809946 pm 0.438022
A[3]= 4.145127 pm 1.281356
A[4]= 5064.959479 pm 4786.471212
A[5]= -990.805593 pm 1468.264508
A[6]= 130.004105 pm 391.761307
A[7]= 13355.368840 pm 5504.866122
A[8]= -1693.225567 pm 2347.270932
A[9]= -803.955835 pm 755.482993
A[10]= 4.346682 pm 1.501279
A[11]= 6193.277530 pm 6820.682573
A[12]= -573.909418 pm 2012.703629
A[13]= -17.964242 pm 554.449860
A[14]= 3700.752568 pm 10107.687976
A[15]= 935.502156 pm 3417.020777
A[16]= -1087.226890 pm 867.129611

Best-fitting parameters
A[0]= 1.055592
A[1]= 1.054907
A[2]= 1.026923
A[3]= 3.671775
A[4]= 6505.390000
A[5]= -1018.972000
A[6]= 2.670999
A[7]= 17421.160000
A[8]= -1305.998000
A[9]= -1321.285000
A[10]= 4.069777
A[11]= 9037.432000
A[12]= -804.651900
A[13]= -230.623100
A[14]= 10689.700000
A[15]= 835.261000
A[16]= -1705.764000
chi2_min= 44.478820


Cross-Covariance parameters
1.000000	-0.425170	-0.306957	0.245095	0.078982	-0.108888	0.040576	0.150949	-0.330097	0.202144	0.117714	0.022704	-0.150745	0.167489	0.140212	-0.330417	0.272603	
-0.425170	1.000000	0.223890	-0.350056	0.239773	-0.332272	0.172040	-0.104542	0.149674	-0.049704	-0.153662	0.213519	-0.143772	-0.082136	-0.095685	0.201214	-0.162294	
-0.306957	0.223890	1.000000	-0.749098	-0.064128	0.026031	0.037352	0.066327	0.633129	-0.825364	-0.648974	-0.034466	0.019656	0.013621	0.077525	0.422792	-0.742116	
0.245095	-0.350056	-0.749098	1.000000	0.163995	0.293064	-0.629750	-0.010241	-0.315612	0.380050	0.506499	-0.032876	0.031195	0.003596	-0.047233	-0.339018	0.576573	
0.078982	0.239773	-0.064128	0.163995	1.000000	-0.737755	-0.052460	0.081365	-0.040261	-0.021818	0.025414	0.083219	-0.079673	-0.000482	-0.006540	-0.032555	0.055648	
-0.108888	-0.332272	0.026031	0.293064	-0.737755	1.000000	-0.626763	-0.044943	0.254247	-0.274481	0.008321	-0.105513	0.119345	-0.023479	0.005159	0.034950	-0.057200	
0.040576	0.172040	0.037352	-0.629750	-0.052460	-0.626763	1.000000	-0.032460	-0.326768	0.435539	-0.037970	0.042960	-0.066060	0.032779	-0.001725	-0.010513	0.018676	
0.150949	-0.104542	0.066327	-0.010241	0.081365	-0.044943	-0.032460	1.000000	-0.568674	0.012257	-0.061072	-0.009650	-0.014712	0.031905	0.039111	-0.005890	-0.053109	
-0.330097	0.149674	0.633129	-0.315612	-0.040261	0.254247	-0.326768	-0.568674	1.000000	-0.813994	-0.404583	-0.024136	0.053048	-0.042467	0.033437	0.320300	-0.524829	
0.202144	-0.049704	-0.825364	0.380050	-0.021818	-0.274481	0.435539	0.012257	-0.813994	1.000000	0.548654	0.041156	-0.045405	0.011867	-0.088024	-0.368573	0.681150	
0.117714	-0.153662	-0.648974	0.506499	0.025414	0.008321	-0.037970	-0.061072	-0.404583	0.548654	1.000000	0.208664	0.313801	-0.709070	-0.018941	-0.088832	0.145524	
0.022704	0.213519	-0.034466	-0.032876	0.083219	-0.105513	0.042960	-0.009650	-0.024136	0.041156	0.208664	1.000000	-0.726275	-0.102865	0.105344	-0.017886	-0.103185	
-0.150745	-0.143772	0.019656	0.031195	-0.079673	0.119345	-0.066060	-0.014712	0.053048	-0.045405	0.313801	-0.726275	1.000000	-0.599739	-0.078396	0.245854	-0.285937	
0.167489	-0.082136	0.013621	0.003596	-0.000482	-0.023479	0.032779	0.031905	-0.042467	0.011867	-0.709070	-0.102865	-0.599739	1.000000	-0.009765	-0.335073	0.540818	
0.140212	-0.095685	0.077525	-0.047233	-0.006540	0.005159	-0.001725	0.039111	0.033437	-0.088024	-0.018941	0.105344	-0.078396	-0.009765	1.000000	-0.750248	0.089548	
-0.330417	0.201214	0.422792	-0.339018	-0.032555	0.034950	-0.010513	-0.005890	0.320300	-0.368573	-0.088832	-0.017886	0.245854	-0.335073	-0.750248	1.000000	-0.707908	
0.272603	-0.162294	-0.742116	0.576573	0.055648	-0.057200	0.018676	-0.053109	-0.524829	0.681150	0.145524	-0.103185	-0.285937	0.540818	0.089548	-0.707908	1.000000	

Time taken for mcmc chain: 5.870556 hours
