Number of steps: 8030600
Number of accepted steps: 2000000
Burn-in number of steps: 10000
Accepted fraction of steps: 0.249047
Convergence Status
R[0]= 1.000420	R[1]= 1.000836	R[2]= 1.015563	R[3]= 1.004749	R[4]= 1.000341	R[5]= 1.001272	R[6]= 1.001637	R[7]= 1.000471	R[8]= 1.001634	R[9]= 1.005882	R[10]= 1.003415	R[11]= 1.000142	R[12]= 1.000724	R[13]= 1.001393	R[14]= 1.000298	R[15]= 1.000469	R[16]= 1.002800	
<R>= 1.002473

Mean parameters
A[0]= 1.078314 pm 0.118465
A[1]= 0.949040 pm 0.034168
A[2]= 0.237078 pm 0.232539
A[3]= 5.643331 pm 1.445252
A[4]= -464.182583 pm 4845.808345
A[5]= 148.540253 pm 1671.038948
A[6]= 256.496492 pm 418.868757
A[7]= -7110.446775 pm 8685.609954
A[8]= 286.540523 pm 2708.203744
A[9]= 79.324203 pm 459.441623
A[10]= 7.233912 pm 2.051281
A[11]= -2498.541351 pm 7079.832281
A[12]= 2517.024311 pm 2416.305364
A[13]= -402.420627 pm 609.926653
A[14]= 4747.982749 pm 10112.949883
A[15]= -1172.057608 pm 3214.760379
A[16]= -148.349161 pm 595.892184

Best-fitting parameters
A[0]= 1.038942
A[1]= 0.953089
A[2]= 0.122122
A[3]= 5.447330
A[4]= -430.905000
A[5]= -301.210400
A[6]= 441.041000
A[7]= -15367.870000
A[8]= 1761.442000
A[9]= 279.691300
A[10]= 7.068396
A[11]= -2443.494000
A[12]= 1887.374000
A[13]= -181.461200
A[14]= 14135.130000
A[15]= -4548.314000
A[16]= 392.895900
chi2_min= 56.842470


Cross-Covariance parameters
1.000000	-0.412645	-0.209842	-0.084606	0.287211	-0.386185	0.207776	0.406256	-0.464578	0.063480	-0.048447	0.243875	-0.316470	0.148351	0.289735	-0.366634	0.010658	
-0.412645	1.000000	0.222206	-0.162594	0.130765	-0.118834	0.026815	-0.221448	0.261849	-0.046299	-0.244170	0.089244	-0.158513	0.135956	-0.186807	0.214316	0.018463	
-0.209842	0.222206	1.000000	-0.522336	-0.047980	-0.018778	0.088926	-0.036250	0.406044	-0.821796	-0.478530	-0.040374	-0.032960	0.101626	-0.012757	0.405326	-0.774481	
-0.084606	-0.162594	-0.522336	1.000000	0.064898	0.518518	-0.864792	0.009450	-0.109645	0.219921	0.324191	-0.064207	0.140281	-0.129770	-0.042868	-0.154599	0.415869	
0.287211	0.130765	-0.047980	0.064898	1.000000	-0.751817	0.086898	0.209610	-0.213343	0.024369	-0.083523	0.128561	-0.176561	0.097060	0.063759	-0.092469	0.021572	
-0.386185	-0.118834	-0.018778	0.518518	-0.751817	1.000000	-0.713449	-0.188271	0.258448	-0.165988	0.147624	-0.161630	0.241020	-0.152673	-0.094831	0.111731	0.017509	
0.207776	0.026815	0.088926	-0.864792	0.086898	-0.713449	1.000000	0.032933	-0.133806	0.230055	-0.119153	0.079017	-0.139584	0.109223	0.058870	-0.048639	-0.049887	
0.406256	-0.221448	-0.036250	0.009450	0.209610	-0.188271	0.032933	1.000000	-0.889630	0.208056	-0.029227	0.085836	-0.110682	0.048708	0.118950	-0.122658	-0.059245	
-0.464578	0.261849	0.406044	-0.109645	-0.213343	0.258448	-0.133806	-0.889630	1.000000	-0.599056	-0.140267	-0.100196	0.112912	-0.034747	-0.113024	0.281415	-0.271631	
0.063480	-0.046299	-0.821796	0.219921	0.024369	-0.165988	0.230055	0.208056	-0.599056	1.000000	0.381550	0.017837	0.013311	-0.040270	-0.038271	-0.327655	0.743197	
-0.048447	-0.244170	-0.478530	0.324191	-0.083523	0.147624	-0.119153	-0.029227	-0.140267	0.381550	1.000000	0.080278	0.527433	-0.889129	0.021550	-0.088829	0.105704	
0.243875	0.089244	-0.040374	-0.064207	0.128561	-0.161630	0.079017	0.085836	-0.100196	0.017837	0.080278	1.000000	-0.746458	0.079250	0.164344	-0.165423	-0.004644	
-0.316470	-0.158513	-0.032960	0.140281	-0.176561	0.241020	-0.139584	-0.110682	0.112912	0.013311	0.527433	-0.746458	1.000000	-0.714029	-0.130983	0.217430	-0.179175	
0.148351	0.135956	0.101626	-0.129770	0.097060	-0.152673	0.109223	0.048708	-0.034747	-0.040270	-0.889129	0.079250	-0.714029	1.000000	0.005599	-0.130107	0.282237	
0.289735	-0.186807	-0.012757	-0.042868	0.063759	-0.094831	0.058870	0.118950	-0.113024	-0.038271	0.021550	0.164344	-0.130983	0.005599	1.000000	-0.859503	0.185259	
-0.366634	0.214316	0.405326	-0.154599	-0.092469	0.111731	-0.048639	-0.122658	0.281415	-0.327655	-0.088829	-0.165423	0.217430	-0.130107	-0.859503	1.000000	-0.616405	
0.010658	0.018463	-0.774481	0.415869	0.021572	0.017509	-0.049887	-0.059245	-0.271631	0.743197	0.105704	-0.004644	-0.179175	0.282237	0.185259	-0.616405	1.000000	

Time taken for mcmc chain: 2.640000 hours
