Number of steps: 7257574
Number of accepted steps: 1060000
Burn-in number of steps: 10000
Accepted fraction of steps: 0.146054
Convergence Status
R[0]= 1.000393	R[1]= 1.000590	R[2]= 1.000601	R[3]= 1.000527	R[4]= 1.000562	R[5]= 1.000370	R[6]= 1.000470	R[7]= 1.000443	R[8]= 1.000372	R[9]= 1.000235	R[10]= 1.000574	R[11]= 1.000401	R[12]= 1.000665	R[13]= 1.000718	R[14]= 1.000574	R[15]= 1.000237	R[16]= 1.000173	
<R>= 1.000465

Mean parameters
A[0]= 1.055156 pm 0.047158
A[1]= 0.980473 pm 0.029308
A[2]= 0.868145 pm 0.346050
A[3]= 2.856853 pm 0.715615
A[4]= -888.930273 pm 3021.361895
A[5]= -291.831298 pm 912.241724
A[6]= 517.481823 pm 226.203454
A[7]= 561.662626 pm 7037.617633
A[8]= 275.153537 pm 2126.738517
A[9]= -535.420213 pm 435.206542
A[10]= 4.283353 pm 1.145889
A[11]= 9149.479477 pm 4630.556275
A[12]= -883.474837 pm 1419.095053
A[13]= -115.535043 pm 366.229636
A[14]= 4903.110646 pm 8854.191322
A[15]= 1549.261057 pm 2817.328675
A[16]= -1303.611837 pm 647.034091

Best-fitting parameters
A[0]= 1.070561
A[1]= 0.980414
A[2]= 0.757136
A[3]= 3.062143
A[4]= -1378.365000
A[5]= -89.127920
A[6]= 463.975800
A[7]= 139.010400
A[8]= 73.004220
A[9]= -479.406400
A[10]= 4.664315
A[11]= 11895.730000
A[12]= -1298.522000
A[13]= -197.581300
A[14]= 7243.967000
A[15]= 606.931400
A[16]= -1225.683000
chi2_min= 40.780120


Cross-Covariance parameters
1.000000	-0.443225	-0.279083	0.206175	0.170503	-0.220495	0.088214	0.365975	-0.468568	0.237750	0.152126	0.131278	-0.221453	0.136695	0.289503	-0.430034	0.243524	
-0.443225	1.000000	0.226875	-0.257713	0.153095	-0.152255	0.018906	-0.193306	0.252267	-0.134864	-0.285324	0.150961	-0.191446	0.092386	-0.162185	0.205643	-0.079283	
-0.279083	0.226875	1.000000	-0.758292	-0.035886	0.013270	0.023662	0.044013	0.394405	-0.811601	-0.743539	-0.034850	-0.024556	0.081452	0.067823	0.413165	-0.778123	
0.206175	-0.257713	-0.758292	1.000000	0.145689	0.279278	-0.623460	0.031531	-0.216305	0.343542	0.591454	0.000526	0.052305	-0.077484	-0.049003	-0.316383	0.591747	
0.170503	0.153095	-0.035886	0.145689	1.000000	-0.768426	-0.009730	0.221372	-0.177055	-0.018707	-0.021022	0.085639	-0.116118	0.057030	0.035084	-0.067742	0.053550	
-0.220495	-0.152255	0.013270	0.279278	-0.768426	1.000000	-0.623642	-0.170450	0.290024	-0.281135	0.043937	-0.093423	0.139960	-0.080921	-0.053961	0.085245	-0.053180	
0.088214	0.018906	0.023662	-0.623460	-0.009730	-0.623642	1.000000	-0.031920	-0.212488	0.465781	-0.030067	0.020661	-0.045854	0.039293	0.027769	-0.032569	0.010178	
0.365975	-0.193306	0.044013	0.031531	0.221372	-0.170450	-0.031920	1.000000	-0.848128	0.124846	-0.049962	0.044691	-0.084140	0.058691	0.141387	-0.112947	-0.037017	
-0.468568	0.252267	0.394405	-0.216305	-0.177055	0.290024	-0.212488	-0.848128	1.000000	-0.619792	-0.280328	-0.062804	0.080931	-0.031344	-0.100910	0.296709	-0.326238	
0.237750	-0.134864	-0.811601	0.343542	-0.018707	-0.281135	0.465781	0.124846	-0.619792	1.000000	0.608309	0.038959	-0.005648	-0.041660	-0.056262	-0.358715	0.673967	
0.152126	-0.285324	-0.743539	0.591454	-0.021022	0.043937	-0.030067	-0.049962	-0.280328	0.608309	1.000000	0.135189	0.342758	-0.682720	-0.005096	-0.168811	0.272491	
0.131278	0.150961	-0.034850	0.000526	0.085639	-0.093423	0.020661	0.044691	-0.062804	0.038959	0.135189	1.000000	-0.745790	-0.017012	0.166009	-0.117104	-0.044457	
-0.221453	-0.191446	-0.024556	0.052305	-0.116118	0.139960	-0.045854	-0.084140	0.080931	-0.005648	0.342758	-0.745790	1.000000	-0.644655	-0.128968	0.273354	-0.273135	
0.136695	0.092386	0.081452	-0.077484	0.057030	-0.080921	0.039293	0.058691	-0.031344	-0.041660	-0.682720	-0.017012	-0.644655	1.000000	-0.012998	-0.261197	0.466130	
0.289503	-0.162185	0.067823	-0.049003	0.035084	-0.053961	0.027769	0.141387	-0.100910	-0.056262	-0.005096	0.166009	-0.128968	-0.012998	1.000000	-0.797299	0.090501	
-0.430034	0.205643	0.413165	-0.316383	-0.067742	0.085245	-0.032569	-0.112947	0.296709	-0.358715	-0.168811	-0.117104	0.273354	-0.261197	-0.797299	1.000000	-0.657594	
0.243524	-0.079283	-0.778123	0.591747	0.053550	-0.053180	0.010178	-0.037017	-0.326238	0.673967	0.272491	-0.044457	-0.273135	0.466130	0.090501	-0.657594	1.000000	

Time taken for mcmc chain: 2.122500 hours
