Number of steps: 9885669
Number of accepted steps: 2000000
Burn-in number of steps: 10000
Accepted fraction of steps: 0.202313
Convergence Status
R[0]= 1.000968	R[1]= 1.001008	R[2]= 1.002025	R[3]= 1.000825	R[4]= 1.000242	R[5]= 1.000409	R[6]= 1.000565	R[7]= 1.000048	R[8]= 1.000246	R[9]= 1.000819	R[10]= 1.001064	R[11]= 1.000467	R[12]= 1.000606	R[13]= 1.000502	R[14]= 1.000358	R[15]= 1.000806	R[16]= 1.001295	
<R>= 1.000721

Mean parameters
A[0]= 1.006288 pm 0.106691
A[1]= 0.944906 pm 0.039435
A[2]= 0.293907 pm 0.246154
A[3]= 4.028252 pm 1.311975
A[4]= -1796.270716 pm 4692.895664
A[5]= -482.190537 pm 1616.987477
A[6]= 687.857480 pm 420.173044
A[7]= 4231.877322 pm 9065.464248
A[8]= -2426.094885 pm 2752.075395
A[9]= 330.095021 pm 434.103719
A[10]= 7.934291 pm 2.221412
A[11]= 3417.430676 pm 7083.928318
A[12]= 1716.222165 pm 2624.710943
A[13]= -561.572388 pm 647.058773
A[14]= -7126.985399 pm 9458.474435
A[15]= 968.731536 pm 3317.185963
A[16]= -270.916774 pm 749.409273

Best-fitting parameters
A[0]= 1.036985
A[1]= 0.946547
A[2]= 0.127600
A[3]= 5.460915
A[4]= -726.648300
A[5]= 131.111700
A[6]= 343.072800
A[7]= 3803.075000
A[8]= -2693.269000
A[9]= 459.791700
A[10]= 8.812421
A[11]= 6578.548000
A[12]= 978.821100
A[13]= -596.263500
A[14]= -13387.860000
A[15]= 1549.072000
A[16]= 34.511730
chi2_min= 46.540870


Cross-Covariance parameters
1.000000	-0.384152	-0.225659	0.018025	0.235813	-0.252889	0.076497	0.309055	-0.338146	0.037520	-0.046048	0.268502	-0.332082	0.170200	0.299699	-0.355839	0.011406	
-0.384152	1.000000	0.192936	-0.076907	0.132796	-0.069851	-0.055270	-0.172274	0.210809	-0.066478	-0.299459	0.132537	-0.213478	0.175757	-0.177966	0.179373	0.041198	
-0.225659	0.192936	1.000000	-0.394362	-0.049861	0.070741	-0.045570	-0.040622	0.373259	-0.785424	-0.508641	-0.035393	0.022201	0.012950	-0.029100	0.549251	-0.848531	
0.018025	-0.076907	-0.394362	1.000000	0.088681	0.523568	-0.869834	0.008422	-0.020895	0.009128	0.227615	-0.002398	0.025977	-0.036521	-0.005985	-0.196783	0.336329	
0.235813	0.132796	-0.049861	0.088681	1.000000	-0.732824	0.071874	0.180181	-0.179728	0.032373	-0.085283	0.130474	-0.175418	0.108497	0.057491	-0.089788	0.037498	
-0.252889	-0.069851	0.070741	0.523568	-0.732824	1.000000	-0.723751	-0.162412	0.273583	-0.302307	0.064224	-0.111753	0.160411	-0.106940	-0.064720	0.109174	-0.055504	
0.076497	-0.055270	-0.045570	-0.869834	0.071874	-0.723751	1.000000	0.038148	-0.201519	0.414224	0.010616	0.003147	-0.020543	0.025407	0.023573	-0.052117	0.041271	
0.309055	-0.172274	-0.040622	0.008422	0.180181	-0.162412	0.038148	1.000000	-0.905297	0.289959	-0.008998	0.074804	-0.085896	0.037536	0.099776	-0.095407	-0.034089	
-0.338146	0.210809	0.373259	-0.020895	-0.179728	0.273583	-0.201519	-0.905297	1.000000	-0.645709	-0.163405	-0.073785	0.083348	-0.034165	-0.093511	0.271640	-0.267678	
0.037520	-0.066478	-0.785424	0.009128	0.032373	-0.302307	0.414224	0.289959	-0.645709	1.000000	0.411638	-0.005174	0.011835	-0.012626	-0.024300	-0.409109	0.720421	
-0.046048	-0.299459	-0.508641	0.227615	-0.085283	0.064224	0.010616	-0.008998	-0.163405	0.411638	1.000000	-0.016695	0.561255	-0.838031	0.010980	-0.137333	0.202894	
0.268502	0.132537	-0.035393	-0.002398	0.130474	-0.111753	0.003147	0.074804	-0.073785	-0.005174	-0.016695	1.000000	-0.753412	0.169253	0.162967	-0.163106	0.016551	
-0.332082	-0.213478	0.022201	0.025977	-0.175418	0.160411	-0.020543	-0.085896	0.083348	0.011835	0.561255	-0.753412	1.000000	-0.767780	-0.133937	0.252461	-0.203569	
0.170200	0.175757	0.012950	-0.036521	0.108497	-0.106940	0.025407	0.037536	-0.034165	-0.012626	-0.838031	0.169253	-0.767780	1.000000	0.026897	-0.202739	0.296285	
0.299699	-0.177966	-0.029100	-0.005985	0.057491	-0.064720	0.023573	0.099776	-0.093511	-0.024300	0.010980	0.162967	-0.133937	0.026897	1.000000	-0.783590	0.138276	
-0.355839	0.179373	0.549251	-0.196783	-0.089788	0.109174	-0.052117	-0.095407	0.271640	-0.409109	-0.137333	-0.163106	0.252461	-0.202739	-0.783590	1.000000	-0.688396	
0.011406	0.041198	-0.848531	0.336329	0.037498	-0.055504	0.041271	-0.034089	-0.267678	0.720421	0.202894	0.016551	-0.203569	0.296285	0.138276	-0.688396	1.000000	

Time taken for mcmc chain: 3.177778 hours
