Number of steps: 2946898
Number of accepted steps: 1170000
Burn-in number of steps: 10000
Accepted fraction of steps: 0.397028
Convergence Status
R[0]= 1.000427	R[1]= 1.000251	R[2]= 1.000495	R[3]= 1.000354	R[4]= 1.000400	R[5]= 1.000495	R[6]= 1.000354	R[7]= 1.000387	R[8]= 1.000212	R[9]= 1.000252	R[10]= 1.000390	R[11]= 1.000222	R[12]= 1.000431	R[13]= 1.000657	R[14]= 1.000198	R[15]= 1.000435	R[16]= 1.000876	
<R>= 1.000402

Mean parameters
A[0]= 1.072857 pm 0.056996
A[1]= 0.999573 pm 0.019615
A[2]= 0.150378 pm 0.122490
A[3]= 5.343329 pm 0.759032
A[4]= 4803.901437 pm 3120.505161
A[5]= -732.835463 pm 912.144239
A[6]= 178.267858 pm 218.324495
A[7]= 5151.511243 pm 6952.969592
A[8]= -3796.153023 pm 1955.952716
A[9]= 546.568928 pm 283.114461
A[10]= 4.561379 pm 1.079100
A[11]= -5345.311098 pm 4763.967938
A[12]= 1380.550337 pm 1341.501282
A[13]= 273.874406 pm 343.680214
A[14]= -10384.602404 pm 6964.207195
A[15]= 518.405203 pm 2005.200563
A[16]= 380.603248 pm 283.744283

Best-fitting parameters
A[0]= 1.066096
A[1]= 0.995161
A[2]= 0.130265
A[3]= 5.573126
A[4]= 4965.002000
A[5]= -636.284300
A[6]= 129.614900
A[7]= 9903.720000
A[8]= -5086.200000
A[9]= 641.840400
A[10]= 4.862264
A[11]= -4915.388000
A[12]= 1444.068000
A[13]= 206.766700
A[14]= -15261.760000
A[15]= 1633.876000
A[16]= 358.144400
chi2_min= 55.033100


Cross-Covariance parameters
1.000000	-0.429297	-0.132683	-0.036585	0.221889	-0.288835	0.102734	0.425095	-0.442816	0.032227	-0.007345	0.132314	-0.164764	0.042251	0.189976	-0.213314	-0.037129	
-0.429297	1.000000	0.096748	-0.112940	0.140105	-0.147529	0.036612	-0.276853	0.276639	-0.004973	-0.167045	0.075438	-0.148563	0.125721	-0.131693	0.125485	0.066597	
-0.132683	0.096748	1.000000	-0.496905	-0.032088	0.044427	-0.031386	0.068026	0.265509	-0.881216	-0.256660	-0.001935	0.040380	-0.060408	0.041782	0.242369	-0.775729	
-0.036585	-0.112940	-0.496905	1.000000	0.197388	0.340702	-0.823201	-0.046332	-0.068436	0.288732	0.155007	-0.032271	0.028397	0.005031	-0.033052	-0.107310	0.391668	
0.221889	0.140105	-0.032088	0.197388	1.000000	-0.787254	-0.031865	0.207708	-0.207477	0.038186	-0.034204	0.073905	-0.098129	0.040023	0.019924	-0.033465	0.011224	
-0.288835	-0.147529	0.044427	0.340702	-0.787254	1.000000	-0.581225	-0.217504	0.264750	-0.170256	0.043623	-0.089139	0.121447	-0.052804	-0.031414	0.048313	-0.015708	
0.102734	0.036612	-0.031386	-0.823201	-0.031865	-0.581225	1.000000	0.045609	-0.122098	0.229209	-0.012193	0.029866	-0.042696	0.021426	0.011930	-0.021134	0.016603	
0.425095	-0.276853	0.068026	-0.046332	0.207708	-0.217504	0.045609	1.000000	-0.927382	0.210803	-0.009054	0.055773	-0.048675	-0.011431	0.100931	-0.070836	-0.125305	
-0.442816	0.276639	0.265509	-0.068436	-0.207477	0.264750	-0.122098	-0.927382	1.000000	-0.539896	-0.072460	-0.056350	0.064620	-0.013023	-0.081783	0.147506	-0.140182	
0.032227	-0.004973	-0.881216	0.288732	0.038186	-0.170256	0.229209	0.210803	-0.539896	1.000000	0.221909	0.003818	-0.039695	0.059562	-0.052273	-0.200488	0.702093	
-0.007345	-0.167045	-0.256660	0.155007	-0.034204	0.043623	-0.012193	-0.009054	-0.072460	0.221909	1.000000	0.265861	0.366709	-0.920469	0.021635	0.001835	-0.084876	
0.132314	0.075438	-0.001935	-0.032271	0.073905	-0.089139	0.029866	0.055773	-0.056350	0.003818	0.265861	1.000000	-0.762014	-0.085356	0.133113	-0.122703	-0.030646	
-0.164764	-0.148563	0.040380	0.028397	-0.098129	0.121447	-0.042696	-0.048675	0.064620	-0.039695	0.366709	-0.762014	1.000000	-0.571059	-0.108315	0.186021	-0.213800	
0.042251	0.125721	-0.060408	0.005031	0.040023	-0.052804	0.021426	-0.011431	-0.013023	0.059562	-0.920469	-0.085356	-0.571059	1.000000	-0.011286	-0.117763	0.372117	
0.189976	-0.131693	0.041782	-0.033052	0.019924	-0.031414	0.011930	0.100931	-0.081783	-0.052273	0.021635	0.133113	-0.108315	-0.011286	1.000000	-0.917761	0.304630	
-0.213314	0.125485	0.242369	-0.107310	-0.033465	0.048313	-0.021134	-0.070836	0.147506	-0.200488	0.001835	-0.122703	0.186021	-0.117763	-0.917761	1.000000	-0.620173	
-0.037129	0.066597	-0.775729	0.391668	0.011224	-0.015708	0.016603	-0.125305	-0.140182	0.702093	-0.084876	-0.030646	-0.213800	0.372117	0.304630	-0.620173	1.000000	

Time taken for mcmc chain: 56.866667 minutes
