Number of steps: 10291206
Number of accepted steps: 2000000
Burn-in number of steps: 10000
Accepted fraction of steps: 0.194341
Convergence Status
R[0]= 1.000160	R[1]= 1.000248	R[2]= 1.001632	R[3]= 1.001000	R[4]= 1.000542	R[5]= 1.000564	R[6]= 1.000234	R[7]= 1.000304	R[8]= 1.000610	R[9]= 1.001000	R[10]= 1.000528	R[11]= 1.000498	R[12]= 1.000318	R[13]= 1.000090	R[14]= 1.000395	R[15]= 1.000447	R[16]= 1.000718	
<R>= 1.000546

Mean parameters
A[0]= 0.935187 pm 0.054962
A[1]= 1.032432 pm 0.033560
A[2]= 0.508521 pm 0.294890
A[3]= 4.102482 pm 0.845884
A[4]= 1852.912473 pm 3161.816969
A[5]= -296.757144 pm 1020.542365
A[6]= 282.550545 pm 241.434538
A[7]= -1075.785972 pm 7335.054924
A[8]= -327.197504 pm 2447.561046
A[9]= -4.058294 pm 512.209820
A[10]= 2.897068 pm 1.032465
A[11]= 701.577361 pm 4698.441104
A[12]= -941.139224 pm 1400.079275
A[13]= 724.722260 pm 359.912508
A[14]= -15542.824449 pm 3961.785612
A[15]= 3837.730367 pm 1558.208711
A[16]= -136.895112 pm 396.064209

Best-fitting parameters
A[0]= 0.918150
A[1]= 1.047390
A[2]= 0.591836
A[3]= 3.833743
A[4]= 1491.583000
A[5]= -142.616400
A[6]= 250.357500
A[7]= -3620.257000
A[8]= 904.059200
A[9]= -215.600200
A[10]= 3.234541
A[11]= -946.115800
A[12]= 241.641100
A[13]= 417.411600
A[14]= -19761.350000
A[15]= 5681.761000
A[16]= -464.003000
chi2_min= 55.917640


Cross-Covariance parameters
1.000000	-0.458471	-0.273132	0.102485	0.201072	-0.329278	0.224194	0.444928	-0.499559	0.211296	0.181511	0.109329	-0.083394	-0.042150	0.083036	-0.162531	0.044622	
-0.458471	1.000000	0.212148	-0.221470	0.209778	-0.146040	-0.038800	-0.333887	0.349422	-0.131614	-0.301143	0.096558	-0.208033	0.192940	-0.056459	0.053593	0.039668	
-0.273132	0.212148	1.000000	-0.733739	-0.132349	0.248364	-0.219304	-0.033502	0.541675	-0.921916	-0.499211	-0.068462	0.063450	0.000713	0.022348	0.498075	-0.757689	
0.102485	-0.221470	-0.733739	1.000000	0.169210	0.151030	-0.462406	-0.061516	-0.246467	0.531568	0.392800	0.018607	0.000389	-0.026666	-0.022560	-0.353728	0.555619	
0.201072	0.209778	-0.132349	0.169210	1.000000	-0.778188	0.070978	0.142715	-0.177147	0.121631	0.004226	0.083494	-0.114535	0.055540	0.002839	-0.087771	0.112211	
-0.329278	-0.146040	0.248364	0.151030	-0.778188	1.000000	-0.673039	-0.237453	0.403272	-0.385509	-0.062889	-0.102289	0.139730	-0.065957	-0.013743	0.163438	-0.201416	
0.224194	-0.038800	-0.219304	-0.462406	0.070978	-0.673039	1.000000	0.190888	-0.407881	0.457260	0.094084	0.046413	-0.065109	0.031344	0.015155	-0.142265	0.176538	
0.444928	-0.333887	-0.033502	-0.061516	0.142715	-0.237453	0.190888	1.000000	-0.831496	0.204722	0.071200	0.015745	0.015529	-0.054739	0.048923	-0.018519	-0.077583	
-0.499559	0.349422	0.541675	-0.246467	-0.177147	0.403272	-0.407881	-0.831496	1.000000	-0.703872	-0.308365	-0.052249	0.033139	0.030777	-0.030368	0.284809	-0.345820	
0.211296	-0.131614	-0.921916	0.531568	0.121631	-0.385509	0.457260	0.204722	-0.703872	1.000000	0.449704	0.065422	-0.076313	0.023855	-0.019651	-0.482309	0.738437	
0.181511	-0.301143	-0.499211	0.392800	0.004226	-0.062889	0.094084	0.071200	-0.308365	0.449704	1.000000	0.218094	0.367455	-0.828236	-0.032550	0.038968	-0.007093	
0.109329	0.096558	-0.068462	0.018607	0.083494	-0.102289	0.046413	0.015745	-0.052249	0.065422	0.218094	1.000000	-0.745624	-0.033899	0.053046	-0.030980	-0.027560	
-0.083394	-0.208033	0.063450	0.000389	-0.114535	0.139730	-0.065109	0.015529	0.033139	-0.076313	0.367455	-0.745624	1.000000	-0.632797	-0.073403	0.293780	-0.318599	
-0.042150	0.192940	0.000713	-0.026666	0.055540	-0.065957	0.031344	-0.054739	0.030777	0.023855	-0.828236	-0.033899	-0.632797	1.000000	0.045293	-0.392951	0.504725	
0.083036	-0.056459	0.022348	-0.022560	0.002839	-0.013743	0.015155	0.048923	-0.030368	-0.019651	-0.032550	0.053046	-0.073403	0.045293	1.000000	-0.685132	0.149238	
-0.162531	0.053593	0.498075	-0.353728	-0.087771	0.163438	-0.142265	-0.018519	0.284809	-0.482309	0.038968	-0.030980	0.293780	-0.392951	-0.685132	1.000000	-0.790493	
0.044622	0.039668	-0.757689	0.555619	0.112211	-0.201416	0.176538	-0.077583	-0.345820	0.738437	-0.007093	-0.027560	-0.318599	0.504725	0.149238	-0.790493	1.000000	

Time taken for mcmc chain: 3.293611 hours
