Number of steps: 5807823
Number of accepted steps: 1510000
Burn-in number of steps: 10000
Accepted fraction of steps: 0.259994
Convergence Status
R[0]= 1.000210	R[1]= 1.000249	R[2]= 1.000585	R[3]= 1.000570	R[4]= 1.000295	R[5]= 1.000192	R[6]= 1.000160	R[7]= 1.000518	R[8]= 1.000459	R[9]= 1.000432	R[10]= 1.000986	R[11]= 1.000190	R[12]= 1.000187	R[13]= 1.000444	R[14]= 1.000618	R[15]= 1.000669	R[16]= 1.000474	
<R>= 1.000426

Mean parameters
A[0]= 1.032786 pm 0.044685
A[1]= 1.017844 pm 0.020777
A[2]= 0.449737 pm 0.221870
A[3]= 5.008248 pm 0.822275
A[4]= 4450.393240 pm 3171.040136
A[5]= -470.436852 pm 955.851405
A[6]= 10.220482 pm 229.682781
A[7]= -623.442301 pm 7311.635055
A[8]= 108.447929 pm 2239.193497
A[9]= -283.733468 pm 482.181169
A[10]= 3.792954 pm 1.026216
A[11]= -1525.586783 pm 4849.638443
A[12]= -252.476327 pm 1338.901949
A[13]= 425.379934 pm 348.180336
A[14]= -8940.251870 pm 7526.352053
A[15]= 1070.538717 pm 2264.593702
A[16]= -73.219358 pm 414.069593

Best-fitting parameters
A[0]= 1.008876
A[1]= 1.017086
A[2]= 0.393975
A[3]= 5.123265
A[4]= 3285.036000
A[5]= -97.440280
A[6]= -4.858716
A[7]= -977.862500
A[8]= 23.707090
A[9]= -172.774400
A[10]= 3.612119
A[11]= -63.051400
A[12]= -883.482500
A[13]= 565.537500
A[14]= -11820.680000
A[15]= 1544.307000
A[16]= 23.040420
chi2_min= 43.181000


Cross-Covariance parameters
1.000000	-0.426868	-0.259596	0.098671	0.216754	-0.331682	0.194266	0.419520	-0.514700	0.231408	0.170188	0.148022	-0.132884	-0.028135	0.178761	-0.245997	0.108636	
-0.426868	1.000000	0.173623	-0.209331	0.162364	-0.156444	0.023895	-0.256834	0.291487	-0.106537	-0.158708	0.093821	-0.119683	0.053131	-0.118794	0.147035	-0.055529	
-0.259596	0.173623	1.000000	-0.722745	-0.063077	0.143046	-0.142887	0.092992	0.438590	-0.923512	-0.509854	-0.063043	0.047769	0.014319	0.043890	0.327302	-0.773128	
0.098671	-0.209331	-0.722745	1.000000	0.173196	0.197022	-0.549502	-0.081239	-0.214200	0.503908	0.375428	0.002783	0.011211	-0.017973	-0.045624	-0.222556	0.560564	
0.216754	0.162364	-0.063077	0.173196	1.000000	-0.781294	-0.002416	0.199154	-0.191754	0.042507	0.021049	0.081284	-0.084037	0.006068	0.017101	-0.041265	0.035706	
-0.331682	-0.156444	0.143046	0.197022	-0.781294	1.000000	-0.613191	-0.213590	0.340520	-0.283710	-0.061895	-0.114540	0.119822	-0.012222	-0.034326	0.089439	-0.099773	
0.194266	0.023895	-0.142887	-0.549502	-0.002416	-0.613191	1.000000	0.061245	-0.273408	0.397572	0.069948	0.062059	-0.067077	0.011628	0.023549	-0.079854	0.114202	
0.419520	-0.256834	0.092992	-0.081239	0.199154	-0.213590	0.061245	1.000000	-0.828599	0.088086	-0.023666	0.034110	-0.028979	-0.016336	0.102684	-0.049788	-0.123163	
-0.514700	0.291487	0.438590	-0.214200	-0.191754	0.340520	-0.273408	-0.828599	1.000000	-0.619685	-0.243989	-0.071044	0.061195	0.017287	-0.070218	0.219873	-0.301051	
0.231408	-0.106537	-0.923512	0.503908	0.042507	-0.283710	0.397572	0.088086	-0.619685	1.000000	0.468865	0.067072	-0.058595	-0.004235	-0.042085	-0.307255	0.729630	
0.170188	-0.158708	-0.509854	0.375428	0.021049	-0.061895	0.069948	-0.023666	-0.243989	0.468865	1.000000	0.293680	0.286413	-0.834423	0.003306	-0.016231	0.014138	
0.148022	0.093821	-0.063043	0.002783	0.081284	-0.114540	0.062059	0.034110	-0.071044	0.067072	0.293680	1.000000	-0.759010	-0.115518	0.131009	-0.097420	-0.050446	
-0.132884	-0.119683	0.047769	0.011211	-0.084037	0.119822	-0.067077	-0.028979	0.061195	-0.058595	0.286413	-0.759010	1.000000	-0.550227	-0.116212	0.232567	-0.265047	
-0.028135	0.053131	0.014319	-0.017973	0.006068	-0.012222	0.011628	-0.016336	0.017287	-0.004235	-0.834423	-0.115518	-0.550227	1.000000	0.001630	-0.218925	0.470288	
0.178761	-0.118794	0.043890	-0.045624	0.017101	-0.034326	0.023549	0.102684	-0.070218	-0.042085	0.003306	0.131009	-0.116212	0.001630	1.000000	-0.871079	0.217240	
-0.245997	0.147035	0.327302	-0.222556	-0.041265	0.089439	-0.079854	-0.049788	0.219873	-0.307255	-0.016231	-0.097420	0.232567	-0.218925	-0.871079	1.000000	-0.645718	
0.108636	-0.055529	-0.773128	0.560564	0.035706	-0.099773	0.114202	-0.123163	-0.301051	0.729630	0.014138	-0.050446	-0.265047	0.470288	0.217240	-0.645718	1.000000	

Time taken for mcmc chain: 1.828611 hours
