Number of steps: 13248538
Number of accepted steps: 2000000
Burn-in number of steps: 10000
Accepted fraction of steps: 0.150960
Convergence Status
R[0]= 1.002130	R[1]= 1.007690	R[2]= 1.028508	R[3]= 1.008476	R[4]= 1.000654	R[5]= 1.001407	R[6]= 1.001330	R[7]= 1.000192	R[8]= 1.003403	R[9]= 1.010392	R[10]= 1.010002	R[11]= 1.000498	R[12]= 1.000370	R[13]= 1.000978	R[14]= 1.000540	R[15]= 1.004859	R[16]= 1.009242	
<R>= 1.005334

Mean parameters
A[0]= 0.943997 pm 0.068840
A[1]= 1.145595 pm 0.060629
A[2]= 0.538168 pm 0.435165
A[3]= 3.728762 pm 1.178550
A[4]= 10064.555372 pm 4614.199952
A[5]= -3279.493037 pm 1417.094621
A[6]= 615.343935 pm 392.226636
A[7]= -1596.736906 pm 9366.311584
A[8]= -361.476795 pm 3155.733845
A[9]= 105.573063 pm 657.550177
A[10]= 6.431519 pm 1.945887
A[11]= 9188.473779 pm 6488.940758
A[12]= -43.346293 pm 2009.852527
A[13]= -641.732001 pm 548.833250
A[14]= -3658.115185 pm 10284.246924
A[15]= 2157.567753 pm 3812.877171
A[16]= -493.790879 pm 980.147336

Best-fitting parameters
A[0]= 0.968765
A[1]= 1.138444
A[2]= 0.424290
A[3]= 3.641492
A[4]= 10967.170000
A[5]= -3815.431000
A[6]= 729.414700
A[7]= 3309.252000
A[8]= -2251.988000
A[9]= 338.521000
A[10]= 5.998845
A[11]= 11142.700000
A[12]= -1347.232000
A[13]= -330.028700
A[14]= -8005.132000
A[15]= 2395.032000
A[16]= -320.729200
chi2_min= 63.974750


Cross-Covariance parameters
1.000000	-0.517289	-0.355501	0.217555	0.178751	-0.253192	0.118192	0.291812	-0.397824	0.227847	0.225909	0.162347	-0.243223	0.110558	0.244098	-0.399148	0.205462	
-0.517289	1.000000	0.448667	-0.479248	0.033393	-0.117138	0.101742	-0.184331	0.308991	-0.238114	-0.434158	0.106848	-0.148477	0.052978	-0.172882	0.362805	-0.260760	
-0.355501	0.448667	1.000000	-0.630077	-0.106143	0.245065	-0.218828	-0.028877	0.506667	-0.869027	-0.746131	-0.134906	0.154061	-0.041710	0.049546	0.567646	-0.869605	
0.217555	-0.479248	-0.630077	1.000000	0.267141	0.175597	-0.565713	-0.060297	-0.151669	0.364429	0.538285	0.021115	0.001817	-0.021370	-0.012423	-0.376978	0.547479	
0.178751	0.033393	-0.106143	0.267141	1.000000	-0.711925	-0.088909	0.096744	-0.093034	0.035113	0.053797	0.094077	-0.108662	0.021172	0.011512	-0.070732	0.075155	
-0.253192	-0.117138	0.245065	0.175597	-0.711925	1.000000	-0.626527	-0.176603	0.360898	-0.390032	-0.119979	-0.161169	0.223575	-0.090582	0.007053	0.164364	-0.235086	
0.118192	0.101742	-0.218828	-0.565713	-0.088909	-0.626527	1.000000	0.137174	-0.398314	0.506668	0.111846	0.100929	-0.164515	0.092993	-0.027035	-0.142132	0.239282	
0.291812	-0.184331	-0.028877	-0.060297	0.096744	-0.176603	0.137174	1.000000	-0.829634	0.222221	0.003918	0.020275	-0.043863	0.028777	0.092951	-0.077556	-0.030222	
-0.397824	0.308991	0.506667	-0.151669	-0.093034	0.360898	-0.398314	-0.829634	1.000000	-0.715046	-0.366956	-0.094137	0.139372	-0.068429	-0.036951	0.349965	-0.434152	
0.227847	-0.238114	-0.869027	0.364429	0.035113	-0.390032	0.506668	0.222221	-0.715046	1.000000	0.651606	0.138600	-0.183713	0.078547	-0.090896	-0.500992	0.834711	
0.225909	-0.434158	-0.746131	0.538285	0.053797	-0.119979	0.111846	0.003918	-0.366956	0.651606	1.000000	0.250593	0.178030	-0.565171	-0.098388	-0.292278	0.536152	
0.162347	0.106848	-0.134906	0.021115	0.094077	-0.161169	0.100929	0.020275	-0.094137	0.138600	0.250593	1.000000	-0.717537	-0.090427	0.045881	-0.075082	0.065216	
-0.243223	-0.148477	0.154061	0.001817	-0.108662	0.223575	-0.164515	-0.043863	0.139372	-0.183713	0.178030	-0.717537	1.000000	-0.615807	-0.117659	0.301163	-0.294976	
0.110558	0.052978	-0.041710	-0.021370	0.021172	-0.090582	0.092993	0.028777	-0.068429	0.078547	-0.565171	-0.090427	-0.615807	1.000000	0.119743	-0.333722	0.331915	
0.244098	-0.172882	0.049546	-0.012423	0.011512	0.007053	-0.027035	0.092951	-0.036951	-0.090896	-0.098388	0.045881	-0.117659	0.119743	1.000000	-0.713295	0.085460	
-0.399148	0.362805	0.567646	-0.376978	-0.070732	0.164364	-0.142132	-0.077556	0.349965	-0.500992	-0.292278	-0.075082	0.301163	-0.333722	-0.713295	1.000000	-0.738448	
0.205462	-0.260760	-0.869605	0.547479	0.075155	-0.235086	0.239282	-0.030222	-0.434152	0.834711	0.536152	0.065216	-0.294976	0.331915	0.085460	-0.738448	1.000000	

Time taken for mcmc chain: 4.423333 hours
