Number of steps: 6684616
Number of accepted steps: 1120000
Burn-in number of steps: 10000
Accepted fraction of steps: 0.167549
Convergence Status
R[0]= 1.000495	R[1]= 1.000660	R[2]= 1.000833	R[3]= 1.000490	R[4]= 1.000224	R[5]= 1.000251	R[6]= 1.000597	R[7]= 1.000661	R[8]= 1.000597	R[9]= 1.000907	R[10]= 1.000429	R[11]= 1.000123	R[12]= 1.000360	R[13]= 1.000257	R[14]= 1.000301	R[15]= 1.000366	R[16]= 1.000791	
<R>= 1.000491

Mean parameters
A[0]= 1.031002 pm 0.066125
A[1]= 0.982266 pm 0.030813
A[2]= 0.677998 pm 0.310012
A[3]= 3.703177 pm 0.822501
A[4]= 1787.781948 pm 3129.350351
A[5]= -366.270951 pm 1012.227717
A[6]= 306.650110 pm 239.323324
A[7]= 225.305965 pm 7562.957915
A[8]= 196.558592 pm 2458.377139
A[9]= -440.209888 pm 491.364050
A[10]= 3.548962 pm 1.028033
A[11]= 1615.181588 pm 4830.050785
A[12]= -677.925657 pm 1433.020589
A[13]= 395.991593 pm 367.130367
A[14]= -5827.343096 pm 8638.173278
A[15]= 1598.269030 pm 2698.909826
A[16]= -457.497839 pm 536.912527

Best-fitting parameters
A[0]= 1.047579
A[1]= 0.980666
A[2]= 0.619583
A[3]= 3.628319
A[4]= 2717.942000
A[5]= -753.495600
A[6]= 380.350000
A[7]= 2012.815000
A[8]= -521.373500
A[9]= -340.232300
A[10]= 3.473549
A[11]= 1531.372000
A[12]= -812.001500
A[13]= 454.523900
A[14]= -9361.852000
A[15]= 2563.706000
A[16]= -483.131500
chi2_min= 52.197120


Cross-Covariance parameters
1.000000	-0.478269	-0.336093	0.147652	0.244816	-0.385088	0.258199	0.498657	-0.609034	0.325410	0.246232	0.197206	-0.194996	0.003266	0.311307	-0.400538	0.172954	
-0.478269	1.000000	0.239538	-0.265897	0.129388	-0.100354	-0.008530	-0.306146	0.347732	-0.153709	-0.258996	0.095146	-0.123352	0.065355	-0.176753	0.213908	-0.074210	
-0.336093	0.239538	1.000000	-0.755990	-0.098161	0.126426	-0.073894	-0.025421	0.489237	-0.880260	-0.572638	-0.060715	0.088443	-0.048204	-0.014498	0.413285	-0.758439	
0.147652	-0.265897	-0.755990	1.000000	0.132528	0.241251	-0.556770	-0.001425	-0.243739	0.454167	0.458537	-0.011580	0.000307	0.015146	-0.022825	-0.278817	0.572944	
0.244816	0.129388	-0.098161	0.132528	1.000000	-0.778598	0.076062	0.239233	-0.235429	0.078141	0.045557	0.116502	-0.116385	0.010526	0.062950	-0.097711	0.063094	
-0.385088	-0.100354	0.126426	0.241251	-0.778598	1.000000	-0.675887	-0.271266	0.398495	-0.335375	-0.050970	-0.153164	0.167300	-0.035025	-0.107899	0.156465	-0.090470	
0.258199	-0.008530	-0.073894	-0.556770	0.076062	-0.675887	1.000000	0.113822	-0.321601	0.436956	0.023293	0.080632	-0.102726	0.040244	0.078227	-0.112005	0.064896	
0.498657	-0.306146	-0.025421	-0.001425	0.239233	-0.271266	0.113822	1.000000	-0.848766	0.192490	0.063091	0.086262	-0.069293	-0.024720	0.179526	-0.154755	-0.043235	
-0.609034	0.347732	0.489237	-0.243739	-0.235429	0.398495	-0.321601	-0.848766	1.000000	-0.670467	-0.315049	-0.115889	0.123344	-0.016726	-0.167250	0.340161	-0.332364	
0.325410	-0.153709	-0.880260	0.454167	0.078141	-0.335375	0.436956	0.192490	-0.670467	1.000000	0.493415	0.074695	-0.114954	0.069155	0.019602	-0.385725	0.697242	
0.246232	-0.258996	-0.572638	0.458537	0.045557	-0.050970	0.023293	0.063091	-0.315049	0.493415	1.000000	0.212976	0.311207	-0.751737	0.082263	-0.102941	0.037127	
0.197206	0.095146	-0.060715	-0.011580	0.116502	-0.153164	0.080632	0.086262	-0.115889	0.074695	0.212976	1.000000	-0.753945	-0.042925	0.193612	-0.152096	-0.037216	
-0.194996	-0.123352	0.088443	0.000307	-0.116385	0.167300	-0.102726	-0.069293	0.123344	-0.114954	0.311207	-0.753945	1.000000	-0.615347	-0.136813	0.300915	-0.347953	
0.003266	0.065355	-0.048204	0.015146	0.010526	-0.035025	0.040244	-0.024720	-0.016726	0.069155	-0.751737	-0.042925	-0.615347	1.000000	-0.042376	-0.253964	0.572505	
0.311307	-0.176753	-0.014498	-0.022825	0.062950	-0.107899	0.078227	0.179526	-0.167250	0.019602	0.082263	0.193612	-0.136813	-0.042376	1.000000	-0.847635	0.173601	
-0.400538	0.213908	0.413285	-0.278817	-0.097711	0.156465	-0.112005	-0.154755	0.340161	-0.385725	-0.102941	-0.152096	0.300915	-0.253964	-0.847635	1.000000	-0.650443	
0.172954	-0.074210	-0.758439	0.572944	0.063094	-0.090470	0.064896	-0.043235	-0.332364	0.697242	0.037127	-0.037216	-0.347953	0.572505	0.173601	-0.650443	1.000000	

Time taken for mcmc chain: 1.975000 hours
