Number of steps: 8751314
Number of accepted steps: 2000000
Burn-in number of steps: 10000
Accepted fraction of steps: 0.228537
Convergence Status
R[0]= 1.000226	R[1]= 1.000546	R[2]= 1.003047	R[3]= 1.001554	R[4]= 1.000131	R[5]= 1.000219	R[6]= 1.000367	R[7]= 1.000302	R[8]= 1.000394	R[9]= 1.000914	R[10]= 1.001866	R[11]= 1.000205	R[12]= 1.000160	R[13]= 1.000591	R[14]= 1.000191	R[15]= 1.000146	R[16]= 1.000706	
<R>= 1.000680

Mean parameters
A[0]= 1.037690 pm 0.036995
A[1]= 1.013963 pm 0.021130
A[2]= 0.625882 pm 0.261452
A[3]= 4.550807 pm 0.870553
A[4]= 1270.707665 pm 3116.013344
A[5]= 618.654970 pm 931.225162
A[6]= -97.985662 pm 228.854415
A[7]= 4773.295095 pm 6944.167623
A[8]= -737.841207 pm 2135.228885
A[9]= -547.674729 pm 483.991546
A[10]= 4.108952 pm 0.938468
A[11]= 6273.970481 pm 4782.313470
A[12]= -558.118415 pm 1343.834408
A[13]= 57.808740 pm 351.894632
A[14]= 3513.477056 pm 8882.975230
A[15]= -144.799481 pm 2670.660483
A[16]= -484.237123 pm 540.052782

Best-fitting parameters
A[0]= 1.030905
A[1]= 1.021178
A[2]= 0.694991
A[3]= 4.212650
A[4]= 3315.042000
A[5]= -18.559370
A[6]= -39.163890
A[7]= 7517.136000
A[8]= -1155.450000
A[9]= -634.701500
A[10]= 4.300818
A[11]= 7818.250000
A[12]= -395.047900
A[13]= -138.900000
A[14]= 3883.272000
A[15]= 250.833800
A[16]= -719.995200
chi2_min= 52.924710


Cross-Covariance parameters
1.000000	-0.420378	-0.240441	0.161616	0.190470	-0.250547	0.100500	0.373576	-0.469678	0.211562	0.098065	0.098855	-0.176456	0.105390	0.216011	-0.312017	0.185598	
-0.420378	1.000000	0.207864	-0.269668	0.166585	-0.215735	0.107751	-0.222999	0.262746	-0.104229	-0.152899	0.143706	-0.113965	-0.021849	-0.129393	0.187450	-0.122832	
-0.240441	0.207864	1.000000	-0.803754	-0.100797	0.046360	0.059832	0.106551	0.425496	-0.880112	-0.530216	0.009953	0.087977	-0.142435	0.097957	0.335911	-0.808621	
0.161616	-0.269668	-0.803754	1.000000	0.187541	0.223467	-0.600167	-0.072233	-0.254670	0.532308	0.440298	-0.038467	-0.038136	0.109497	-0.077142	-0.272025	0.653799	
0.190470	0.166585	-0.100797	0.187541	1.000000	-0.773030	-0.020136	0.180733	-0.183450	0.055408	0.034433	0.076886	-0.094797	0.030755	0.018687	-0.065554	0.086026	
-0.250547	-0.215735	0.046360	0.223467	-0.773030	1.000000	-0.609828	-0.184172	0.295338	-0.243070	0.005983	-0.095688	0.122980	-0.044981	-0.036974	0.068993	-0.058099	
0.100500	0.107751	0.059832	-0.600167	-0.020136	-0.609828	1.000000	0.041061	-0.211705	0.311128	-0.051484	0.037865	-0.054702	0.026393	0.025314	-0.013744	-0.021744	
0.373576	-0.222999	0.106551	-0.072233	0.180733	-0.184172	0.041061	1.000000	-0.811224	0.068448	-0.059063	0.030523	-0.036499	0.003495	0.123344	-0.065493	-0.101903	
-0.469678	0.262746	0.425496	-0.254670	-0.183450	0.295338	-0.211705	-0.811224	1.000000	-0.628109	-0.219479	-0.028972	0.095471	-0.093153	-0.059176	0.244103	-0.350586	
0.211562	-0.104229	-0.880112	0.532308	0.055408	-0.243070	0.311128	0.068448	-0.628109	1.000000	0.461929	0.001553	-0.103125	0.149661	-0.089712	-0.309456	0.745680	
0.098065	-0.152899	-0.530216	0.440298	0.034433	0.005983	-0.051484	-0.059063	-0.219479	0.461929	1.000000	0.238251	0.273871	-0.727467	-0.024337	-0.016024	0.059942	
0.098855	0.143706	0.009953	-0.038467	0.076886	-0.095688	0.037865	0.030523	-0.028972	0.001553	0.238251	1.000000	-0.751151	-0.102901	0.150384	-0.083668	-0.096734	
-0.176456	-0.113965	0.087977	-0.038136	-0.094797	0.122980	-0.054702	-0.036499	0.095471	-0.103125	0.273871	-0.751151	1.000000	-0.570673	-0.128104	0.272408	-0.305865	
0.105390	-0.021849	-0.142435	0.109497	0.030755	-0.044981	0.026393	0.003495	-0.093153	0.149661	-0.727467	-0.102901	-0.570673	1.000000	-0.004059	-0.296267	0.585301	
0.216011	-0.129393	0.097957	-0.077142	0.018687	-0.036974	0.025314	0.123344	-0.059176	-0.089712	-0.024337	0.150384	-0.128104	-0.004059	1.000000	-0.849225	0.147074	
-0.312017	0.187450	0.335911	-0.272025	-0.065554	0.068993	-0.013744	-0.065493	0.244103	-0.309456	-0.016024	-0.083668	0.272408	-0.296267	-0.849225	1.000000	-0.631445	
0.185598	-0.122832	-0.808621	0.653799	0.086026	-0.058099	-0.021744	-0.101903	-0.350586	0.745680	0.059942	-0.096734	-0.305865	0.585301	0.147074	-0.631445	1.000000	

Time taken for mcmc chain: 2.791667 hours
