Number of steps: 11831625
Number of accepted steps: 2000000
Burn-in number of steps: 10000
Accepted fraction of steps: 0.169038
Convergence Status
R[0]= 1.000211	R[1]= 1.000532	R[2]= 1.003918	R[3]= 1.001267	R[4]= 1.000207	R[5]= 1.000142	R[6]= 1.000331	R[7]= 1.000221	R[8]= 1.000337	R[9]= 1.001330	R[10]= 1.001709	R[11]= 1.000076	R[12]= 1.000296	R[13]= 1.000765	R[14]= 1.000467	R[15]= 1.000250	R[16]= 1.000553	
<R>= 1.000742

Mean parameters
A[0]= 1.050367 pm 0.051691
A[1]= 1.040428 pm 0.037320
A[2]= 0.498363 pm 0.309909
A[3]= 5.592344 pm 1.409842
A[4]= 1344.213410 pm 4988.854205
A[5]= 1142.957201 pm 1504.198163
A[6]= -300.491904 pm 392.921449
A[7]= -3104.843854 pm 9326.778321
A[8]= 1216.249116 pm 2990.763134
A[9]= -600.680692 pm 699.285168
A[10]= 5.505782 pm 1.548259
A[11]= 5460.023251 pm 6892.383196
A[12]= -127.552451 pm 2039.736264
A[13]= -166.316106 pm 566.708413
A[14]= -5431.147984 pm 9779.448995
A[15]= 617.831821 pm 3267.441990
A[16]= -433.685312 pm 824.607710

Best-fitting parameters
A[0]= 1.039370
A[1]= 1.050083
A[2]= 0.460848
A[3]= 5.571002
A[4]= 606.076700
A[5]= 1478.251000
A[6]= -343.877300
A[7]= -7668.960000
A[8]= 2622.938000
A[9]= -654.059700
A[10]= 5.587639
A[11]= 7509.951000
A[12]= -690.969500
A[13]= -151.660600
A[14]= -12747.300000
A[15]= 2166.354000
A[16]= -449.628500
chi2_min= 75.316090


Cross-Covariance parameters
1.000000	-0.398005	-0.272011	0.085094	0.105887	-0.234849	0.186003	0.289306	-0.422614	0.232918	0.200404	0.097714	-0.095568	-0.010655	0.158719	-0.260979	0.124203	
-0.398005	1.000000	0.243702	-0.280895	0.262657	-0.298289	0.091420	-0.200052	0.267508	-0.126459	-0.265991	0.189183	-0.225579	0.073335	-0.118181	0.178987	-0.086091	
-0.272011	0.243702	1.000000	-0.724638	-0.080005	0.037363	0.043076	0.090405	0.457834	-0.883048	-0.482810	0.031729	0.094245	-0.171575	0.079463	0.477820	-0.840743	
0.085094	-0.280895	-0.724638	1.000000	0.195687	0.290078	-0.679585	-0.060813	-0.224339	0.457292	0.367807	-0.077386	-0.013395	0.121119	-0.065672	-0.343603	0.623529	
0.105887	0.262657	-0.080005	0.195687	1.000000	-0.747133	-0.068475	0.098052	-0.098000	0.031782	0.005070	0.093666	-0.113980	0.033657	-0.022714	-0.033447	0.078623	
-0.234849	-0.298289	0.037363	0.290078	-0.747133	1.000000	-0.602976	-0.108504	0.225192	-0.220619	0.021273	-0.130036	0.149761	-0.033987	-0.002442	0.034495	-0.037642	
0.186003	0.091420	0.043076	-0.679585	-0.068475	-0.602976	1.000000	0.037179	-0.211294	0.293008	-0.034518	0.063451	-0.067030	0.007252	0.027635	-0.005320	-0.040859	
0.289306	-0.200052	0.090405	-0.060813	0.098052	-0.108504	0.037179	1.000000	-0.795042	0.080386	0.000228	0.014277	0.024993	-0.059491	0.085105	-0.001931	-0.134799	
-0.422614	0.267508	0.457834	-0.224339	-0.098000	0.225192	-0.211294	-0.795042	1.000000	-0.654827	-0.253557	-0.009064	0.052651	-0.055848	-0.032498	0.269615	-0.349862	
0.232918	-0.126459	-0.883048	0.457292	0.031782	-0.220619	0.293008	0.080386	-0.654827	1.000000	0.410981	-0.009966	-0.120448	0.180685	-0.077316	-0.434465	0.774385	
0.200404	-0.265991	-0.482810	0.367807	0.005070	0.021273	-0.034518	0.000228	-0.253557	0.410981	1.000000	0.217339	0.331021	-0.739261	0.004611	-0.075449	0.086297	
0.097714	0.189183	0.031729	-0.077386	0.093666	-0.130036	0.063451	0.014277	-0.009064	-0.009966	0.217339	1.000000	-0.720936	-0.108316	0.101491	-0.020513	-0.106483	
-0.095568	-0.225579	0.094245	-0.013395	-0.113980	0.149761	-0.067030	0.024993	0.052651	-0.120448	0.331021	-0.720936	1.000000	-0.601713	-0.058468	0.237195	-0.297273	
-0.010655	0.073335	-0.171575	0.121119	0.033657	-0.033987	0.007252	-0.059491	-0.055848	0.180685	-0.739261	-0.108316	-0.601713	1.000000	-0.035250	-0.314114	0.554789	
0.158719	-0.118181	0.079463	-0.065672	-0.022714	-0.002442	0.027635	0.085105	-0.032498	-0.077316	0.004611	0.101491	-0.058468	-0.035250	1.000000	-0.755290	0.080861	
-0.260979	0.178987	0.477820	-0.343603	-0.033447	0.034495	-0.005320	-0.001931	0.269615	-0.434465	-0.075449	-0.020513	0.237195	-0.314114	-0.755290	1.000000	-0.693488	
0.124203	-0.086091	-0.840743	0.623529	0.078623	-0.037642	-0.040859	-0.134799	-0.349862	0.774385	0.086297	-0.106483	-0.297273	0.554789	0.080861	-0.693488	1.000000	

Time taken for mcmc chain: 3.633611 hours
