Number of steps: 4466082
Number of accepted steps: 1600000
Burn-in number of steps: 10000
Accepted fraction of steps: 0.358256
Convergence Status
R[0]= 1.000311	R[1]= 1.000598	R[2]= 1.000679	R[3]= 1.000450	R[4]= 1.000191	R[5]= 1.000069	R[6]= 1.000112	R[7]= 1.000350	R[8]= 1.000265	R[9]= 1.000267	R[10]= 1.000937	R[11]= 1.000458	R[12]= 1.000299	R[13]= 1.000456	R[14]= 1.000166	R[15]= 1.000116	R[16]= 1.000202	
<R>= 1.000349

Mean parameters
A[0]= 1.056331 pm 0.059622
A[1]= 1.014728 pm 0.020904
A[2]= 0.221735 pm 0.157748
A[3]= 5.372679 pm 0.779923
A[4]= 1426.461136 pm 3258.883614
A[5]= -49.978149 pm 934.667371
A[6]= 94.031120 pm 216.898978
A[7]= 6672.728433 pm 6903.064784
A[8]= -2671.803085 pm 2027.137509
A[9]= 283.445534 pm 356.120176
A[10]= 4.631683 pm 1.103233
A[11]= 2156.221490 pm 4815.083926
A[12]= -169.383344 pm 1391.755123
A[13]= 243.209638 pm 359.757811
A[14]= -8170.330003 pm 7806.237276
A[15]= 341.596116 pm 2299.038647
A[16]= 199.786806 pm 353.969466

Best-fitting parameters
A[0]= 1.021492
A[1]= 1.026218
A[2]= 0.131735
A[3]= 5.777760
A[4]= 1388.227000
A[5]= 38.977500
A[6]= 60.912380
A[7]= 4423.504000
A[8]= -2644.989000
A[9]= 514.121500
A[10]= 4.911469
A[11]= 3190.743000
A[12]= -407.298000
A[13]= 249.406300
A[14]= -10931.050000
A[15]= 495.284100
A[16]= 396.767000
chi2_min= 62.561580


Cross-Covariance parameters
1.000000	-0.399207	-0.239493	0.096908	0.301633	-0.344341	0.068487	0.442492	-0.496853	0.131071	-0.150802	0.094357	-0.272417	0.254735	0.230221	-0.311842	0.157196	
-0.399207	1.000000	0.148167	-0.151926	0.157466	-0.157647	0.024957	-0.270204	0.287530	-0.060626	-0.186571	0.091175	-0.152379	0.113344	-0.149370	0.156299	-0.003602	
-0.239493	0.148167	1.000000	-0.605906	-0.080494	0.120077	-0.077309	0.043917	0.380457	-0.914972	-0.315060	-0.018094	0.083679	-0.100327	0.034147	0.298727	-0.822211	
0.096908	-0.151926	-0.605906	1.000000	0.229134	0.225540	-0.717192	-0.034242	-0.162554	0.411218	0.220702	0.001679	-0.022540	0.033876	-0.025680	-0.173562	0.493288	
0.301633	0.157466	-0.080494	0.229134	1.000000	-0.802964	-0.050876	0.216067	-0.222708	0.052121	-0.123297	0.076785	-0.178198	0.156014	0.052300	-0.094016	0.090198	
-0.344341	-0.157647	0.120077	0.225540	-0.802964	1.000000	-0.543447	-0.226706	0.303272	-0.211393	0.121459	-0.076311	0.188686	-0.170260	-0.055935	0.111825	-0.123818	
0.068487	0.024957	-0.077309	-0.717192	-0.050876	-0.543447	1.000000	0.038726	-0.154669	0.276719	0.000118	0.004626	-0.026963	0.031276	0.003958	-0.032355	0.068801	
0.442492	-0.270204	0.043917	-0.034242	0.216067	-0.226706	0.038726	1.000000	-0.889007	0.152130	-0.095840	0.027627	-0.088870	0.082382	0.125433	-0.106526	-0.067450	
-0.496853	0.287530	0.380457	-0.162554	-0.222708	0.303272	-0.154669	-0.889007	1.000000	-0.569889	-0.042683	-0.033012	0.118330	-0.120053	-0.096236	0.220854	-0.288616	
0.131071	-0.060626	-0.914972	0.411218	0.052121	-0.211393	0.276719	0.152130	-0.569889	1.000000	0.299486	0.011089	-0.063271	0.080874	-0.058092	-0.249690	0.763486	
-0.150802	-0.186571	-0.315060	0.220702	-0.123297	0.121459	0.000118	-0.095840	-0.042683	0.299486	1.000000	0.247790	0.374442	-0.884299	-0.041326	0.044752	-0.015372	
0.094357	0.091175	-0.018094	0.001679	0.076785	-0.076311	0.004626	0.027627	-0.033012	0.011089	0.247790	1.000000	-0.750496	-0.071139	0.126138	-0.112749	-0.015431	
-0.272417	-0.152379	0.083679	-0.022540	-0.178198	0.188686	-0.026963	-0.088870	0.118330	-0.063271	0.374442	-0.750496	1.000000	-0.597440	-0.146475	0.243174	-0.254544	
0.254735	0.113344	-0.100327	0.033876	0.156014	-0.170260	0.031276	0.082382	-0.120053	0.080874	-0.884299	-0.071139	-0.597440	1.000000	0.056239	-0.215110	0.403022	
0.230221	-0.149370	0.034147	-0.025680	0.052300	-0.055935	0.003958	0.125433	-0.096236	-0.058092	-0.041326	0.126138	-0.146475	0.056239	1.000000	-0.906309	0.288022	
-0.311842	0.156299	0.298727	-0.173562	-0.094016	0.111825	-0.032355	-0.106526	0.220854	-0.249690	0.044752	-0.112749	0.243174	-0.215110	-0.906309	1.000000	-0.638483	
0.157196	-0.003602	-0.822211	0.493288	0.090198	-0.123818	0.068801	-0.067450	-0.288616	0.763486	-0.015372	-0.015431	-0.254544	0.403022	0.288022	-0.638483	1.000000	

Time taken for mcmc chain: 1.491944 hours
