Number of steps: 12719116
Number of accepted steps: 2000000
Burn-in number of steps: 10000
Accepted fraction of steps: 0.157244
Convergence Status
R[0]= 1.003974	R[1]= 1.001869	R[2]= 1.062191	R[3]= 1.026287	R[4]= 1.004773	R[5]= 1.002889	R[6]= 1.002010	R[7]= 1.002073	R[8]= 1.010366	R[9]= 1.021797	R[10]= 1.000563	R[11]= 1.000117	R[12]= 1.005588	R[13]= 1.017621	R[14]= 1.000601	R[15]= 1.012722	R[16]= 1.056225	
<R>= 1.013627

Mean parameters
A[0]= 0.977468 pm 0.197340
A[1]= 1.066013 pm 0.052022
A[2]= 0.426896 pm 0.431038
A[3]= 5.217076 pm 1.475738
A[4]= -4335.504441 pm 6423.449320
A[5]= 1728.363405 pm 2196.105008
A[6]= -48.405388 pm 424.836490
A[7]= -187.257273 pm 11238.386922
A[8]= -274.151569 pm 4047.621500
A[9]= 65.787837 pm 711.748435
A[10]= 1.462362 pm 1.076475
A[11]= 5561.788152 pm 6575.326637
A[12]= -4055.852882 pm 2034.992209
A[13]= 1549.119812 pm 447.482609
A[14]= -3933.062326 pm 10047.163690
A[15]= -750.951276 pm 3144.243147
A[16]= 450.428482 pm 443.308263

Best-fitting parameters
A[0]= 1.307438
A[1]= 1.045344
A[2]= 0.013191
A[3]= 5.437661
A[4]= 2092.870000
A[5]= -1027.336000
A[6]= 294.000500
A[7]= 15705.030000
A[8]= -6693.248000
A[9]= 782.175100
A[10]= 0.076848
A[11]= 3391.183000
A[12]= -5022.820000
A[13]= 2104.445000
A[14]= -3065.059000
A[15]= -2075.236000
A[16]= 786.473400
chi2_min= 58.690680


Cross-Covariance parameters
1.000000	-0.452959	-0.404305	0.063042	0.618038	-0.706255	0.341515	0.683357	-0.697780	0.181011	-0.119949	0.111154	-0.254424	0.244993	0.142214	-0.231975	0.162506	
-0.452959	1.000000	0.310916	-0.213167	-0.051338	0.110653	-0.110981	-0.401642	0.419302	-0.135762	-0.185806	-0.001361	-0.007610	0.024870	-0.081860	0.127381	-0.075315	
-0.404305	0.310916	1.000000	-0.676948	-0.359676	0.383976	-0.158144	-0.263299	0.633711	-0.862677	-0.128497	-0.043906	0.225445	-0.306776	-0.080348	0.354403	-0.695459	
0.063042	-0.213167	-0.676948	1.000000	0.233862	0.092341	-0.554744	-0.003616	-0.241509	0.523351	0.163094	0.006450	-0.088424	0.138492	0.027737	-0.207292	0.474781	
0.618038	-0.051338	-0.359676	0.233862	1.000000	-0.853721	0.171930	0.450789	-0.493288	0.207705	-0.119608	0.091211	-0.224413	0.230736	0.085947	-0.180745	0.201683	
-0.706255	0.110653	0.383976	0.092341	-0.853721	1.000000	-0.648251	-0.541884	0.637353	-0.342411	0.116902	-0.102989	0.238020	-0.235685	-0.094705	0.189770	-0.192194	
0.341515	-0.110981	-0.158144	-0.554744	0.171930	-0.648251	1.000000	0.314319	-0.431712	0.335941	-0.030648	0.049698	-0.093296	0.079347	0.039696	-0.070363	0.046595	
0.683357	-0.401642	-0.263299	-0.003616	0.450789	-0.541884	0.314319	1.000000	-0.878867	0.242148	-0.061547	0.076640	-0.163947	0.149427	0.104064	-0.157455	0.086975	
-0.697780	0.419302	0.633711	-0.241509	-0.493288	0.637353	-0.431712	-0.878867	1.000000	-0.651870	-0.015175	-0.083279	0.218110	-0.232388	-0.107818	0.261324	-0.350899	
0.181011	-0.135762	-0.862677	0.523351	0.207705	-0.342411	0.335941	0.242148	-0.651870	1.000000	0.152642	0.032217	-0.154897	0.213612	0.033174	-0.261413	0.589847	
-0.119949	-0.185806	-0.128497	0.163094	-0.119608	0.116902	-0.030648	-0.061547	-0.015175	0.152642	1.000000	0.137063	0.364719	-0.838055	-0.056578	0.137628	-0.209436	
0.111154	-0.001361	-0.043906	0.006450	0.091211	-0.102989	0.049698	0.076640	-0.083279	0.032217	0.137063	1.000000	-0.811767	0.111238	0.114456	-0.102652	0.005167	
-0.254424	-0.007610	0.225445	-0.088424	-0.224413	0.238020	-0.093296	-0.163947	0.218110	-0.154897	0.364719	-0.811767	1.000000	-0.660541	-0.162756	0.290550	-0.353711	
0.244993	0.024870	-0.306776	0.138492	0.230736	-0.235685	0.079347	0.149427	-0.232388	0.213612	-0.838055	0.111238	-0.660541	1.000000	0.121970	-0.349062	0.592888	
0.142214	-0.081860	-0.080348	0.027737	0.085947	-0.094705	0.039696	0.104064	-0.107818	0.033174	-0.056578	0.114456	-0.162756	0.121970	1.000000	-0.905426	0.433895	
-0.231975	0.127381	0.354403	-0.207292	-0.180745	0.189770	-0.070363	-0.157455	0.261324	-0.261413	0.137628	-0.102652	0.290550	-0.349062	-0.905426	1.000000	-0.748893	
0.162506	-0.075315	-0.695459	0.474781	0.201683	-0.192194	0.046595	0.086975	-0.350899	0.589847	-0.209436	0.005167	-0.353711	0.592888	0.433895	-0.748893	1.000000	

Time taken for mcmc chain: 4.561111 hours
