Number of steps: 8477848
Number of accepted steps: 1410000
Burn-in number of steps: 10000
Accepted fraction of steps: 0.166316
Convergence Status
R[0]= 1.000141	R[1]= 1.000739	R[2]= 1.000301	R[3]= 1.000336	R[4]= 1.000289	R[5]= 1.000163	R[6]= 1.000502	R[7]= 1.000925	R[8]= 1.000833	R[9]= 1.000168	R[10]= 1.000269	R[11]= 1.000466	R[12]= 1.000669	R[13]= 1.000849	R[14]= 1.000237	R[15]= 1.000228	R[16]= 1.000604	
<R>= 1.000454

Mean parameters
A[0]= 0.976028 pm 0.035809
A[1]= 1.033868 pm 0.032587
A[2]= 0.872851 pm 0.341274
A[3]= 3.027573 pm 0.714866
A[4]= -2567.918848 pm 3067.373728
A[5]= 335.031245 pm 932.687647
A[6]= 352.699778 pm 229.077916
A[7]= 3210.081099 pm 6846.382349
A[8]= -167.178908 pm 2177.829548
A[9]= -460.108612 pm 472.273418
A[10]= 3.876334 pm 1.055121
A[11]= -435.104032 pm 4874.755372
A[12]= 1265.986307 pm 1435.164311
A[13]= -139.306371 pm 364.289522
A[14]= -4143.083808 pm 8833.503473
A[15]= 3471.483669 pm 2842.161387
A[16]= -1095.730480 pm 614.955132

Best-fitting parameters
A[0]= 0.984327
A[1]= 1.036082
A[2]= 1.084693
A[3]= 2.728079
A[4]= -2727.649000
A[5]= 557.819800
A[6]= 268.662900
A[7]= 10237.220000
A[8]= -1117.961000
A[9]= -740.515200
A[10]= 3.434318
A[11]= 915.570300
A[12]= 1104.797000
A[13]= -199.075000
A[14]= 133.598400
A[15]= 3466.341000
A[16]= -1496.424000
chi2_min= 57.095000


Cross-Covariance parameters
1.000000	-0.462228	-0.260801	0.195899	0.102331	-0.170691	0.103150	0.324184	-0.405431	0.200902	0.167632	0.078728	-0.140894	0.083615	0.245372	-0.337153	0.182758	
-0.462228	1.000000	0.196200	-0.259651	0.224429	-0.222531	0.039538	-0.229918	0.251992	-0.091110	-0.254648	0.200233	-0.228704	0.084226	-0.178492	0.190533	-0.052774	
-0.260801	0.196200	1.000000	-0.772380	-0.091526	0.134114	-0.089198	0.051062	0.441150	-0.848564	-0.725570	-0.095272	0.069862	0.023190	0.053787	0.394631	-0.770369	
0.195899	-0.259651	-0.772380	1.000000	0.172044	0.187747	-0.518847	-0.053680	-0.195579	0.415531	0.588619	0.044562	-0.016691	-0.033614	-0.029099	-0.314605	0.595331	
0.102331	0.224429	-0.091526	0.172044	1.000000	-0.769849	0.001772	0.131291	-0.123244	0.039996	0.022227	0.102528	-0.121934	0.042806	-0.010657	-0.049902	0.095673	
-0.170691	-0.222531	0.134114	0.187747	-0.769849	1.000000	-0.631188	-0.162694	0.331731	-0.360576	-0.046070	-0.109854	0.143294	-0.062716	0.005075	0.082897	-0.143101	
0.103150	0.039538	-0.089198	-0.518847	0.001772	-0.631188	1.000000	0.082414	-0.354459	0.511427	0.047770	0.026058	-0.049006	0.034852	0.001397	-0.058156	0.096156	
0.324184	-0.229918	0.051062	-0.053680	0.131291	-0.162694	0.082414	1.000000	-0.823194	0.155063	-0.032040	-0.011137	-0.005531	0.015080	0.107552	-0.063750	-0.063809	
-0.405431	0.251992	0.441150	-0.195579	-0.123244	0.331731	-0.354459	-0.823194	1.000000	-0.678851	-0.322880	-0.042323	0.053933	-0.016437	-0.061226	0.253087	-0.339614	
0.200902	-0.091110	-0.848564	0.415531	0.039996	-0.360576	0.511427	0.155063	-0.678851	1.000000	0.614487	0.089007	-0.082137	0.003348	-0.060318	-0.341519	0.690002	
0.167632	-0.254648	-0.725570	0.588619	0.022227	-0.046070	0.047770	-0.032040	-0.322880	0.614487	1.000000	0.203441	0.257220	-0.660295	-0.049769	-0.094761	0.235715	
0.078728	0.200233	-0.095272	0.044562	0.102528	-0.109854	0.026058	-0.011137	-0.042323	0.089007	0.203441	1.000000	-0.756873	-0.043342	0.115314	-0.092062	0.000415	
-0.140894	-0.228704	0.069862	-0.016691	-0.121934	0.143294	-0.049006	-0.005531	0.053933	-0.082137	0.257220	-0.756873	1.000000	-0.611916	-0.138816	0.309754	-0.344986	
0.083615	0.084226	0.023190	-0.033614	0.042806	-0.062716	0.034852	0.015080	-0.016437	0.003348	-0.660295	-0.043342	-0.611916	1.000000	0.068509	-0.353039	0.522712	
0.245372	-0.178492	0.053787	-0.029099	-0.010657	0.005075	0.001397	0.107552	-0.061226	-0.060318	-0.049769	0.115314	-0.138816	0.068509	1.000000	-0.817928	0.168012	
-0.337153	0.190533	0.394631	-0.314605	-0.049902	0.082897	-0.058156	-0.063750	0.253087	-0.341519	-0.094761	-0.092062	0.309754	-0.353039	-0.817928	1.000000	-0.691184	
0.182758	-0.052774	-0.770369	0.595331	0.095673	-0.143101	0.096156	-0.063809	-0.339614	0.690002	0.235715	0.000415	-0.344986	0.522712	0.168012	-0.691184	1.000000	

Time taken for mcmc chain: 2.548889 hours
