Number of steps: 8181150
Number of accepted steps: 1160000
Burn-in number of steps: 10000
Accepted fraction of steps: 0.141789
Convergence Status
R[0]= 1.000041	R[1]= 1.000358	R[2]= 1.000266	R[3]= 1.000165	R[4]= 1.000707	R[5]= 1.000839	R[6]= 1.000190	R[7]= 1.000459	R[8]= 1.000086	R[9]= 1.000302	R[10]= 1.000327	R[11]= 1.000546	R[12]= 1.000189	R[13]= 1.000264	R[14]= 1.000520	R[15]= 1.000549	R[16]= 1.000948	
<R>= 1.000397

Mean parameters
A[0]= 1.054174 pm 0.093846
A[1]= 1.014362 pm 0.047508
A[2]= 0.565753 pm 0.396292
A[3]= 4.821454 pm 1.414078
A[4]= -2589.850408 pm 5158.489253
A[5]= 1419.443321 pm 1630.273599
A[6]= -20.784343 pm 402.486080
A[7]= 6874.638114 pm 8770.010736
A[8]= -1755.396181 pm 3056.531388
A[9]= -334.698876 pm 747.852476
A[10]= 1.985390 pm 1.181099
A[11]= 2918.050640 pm 6796.090476
A[12]= -2633.362086 pm 1998.355039
A[13]= 1246.858051 pm 490.122304
A[14]= 2725.665927 pm 10214.001116
A[15]= -1472.498035 pm 3103.930870
A[16]= 156.424301 pm 537.190930

Best-fitting parameters
A[0]= 1.099916
A[1]= 1.007495
A[2]= 0.438156
A[3]= 4.777752
A[4]= -1578.025000
A[5]= 784.048900
A[6]= 98.036180
A[7]= 12629.830000
A[8]= -4021.072000
A[9]= -60.592090
A[10]= 1.631363
A[11]= 6588.331000
A[12]= -4116.951000
A[13]= 1497.054000
A[14]= 3713.082000
A[15]= -2147.806000
A[16]= 321.951700
chi2_min= 58.871580


Cross-Covariance parameters
1.000000	-0.424455	-0.308157	0.145624	0.259240	-0.349017	0.164600	0.389901	-0.503432	0.201472	0.012868	0.053642	-0.134852	0.119962	0.103527	-0.193834	0.153675	
-0.424455	1.000000	0.200631	-0.260747	0.210361	-0.211458	0.053523	-0.246989	0.284767	-0.078892	-0.104531	0.075714	-0.059894	-0.015451	-0.072885	0.113757	-0.066662	
-0.308157	0.200631	1.000000	-0.718167	-0.112672	0.104950	-0.014492	0.028092	0.545916	-0.874690	-0.231823	0.018620	0.084554	-0.155554	0.015194	0.275289	-0.637897	
0.145624	-0.260747	-0.718167	1.000000	0.169800	0.265042	-0.636652	-0.011337	-0.280799	0.439613	0.194686	-0.038720	-0.022630	0.088784	-0.007658	-0.196887	0.453931	
0.259240	0.210361	-0.112672	0.169800	1.000000	-0.768916	0.003106	0.175158	-0.180762	0.049512	-0.015968	0.048815	-0.081405	0.049046	0.016968	-0.059127	0.080314	
-0.349017	-0.211458	0.104950	0.265042	-0.768916	1.000000	-0.631973	-0.180525	0.325690	-0.267442	0.035975	-0.061770	0.106828	-0.071104	-0.020897	0.065640	-0.081150	
0.164600	0.053523	-0.014492	-0.636652	0.003106	-0.631973	1.000000	0.044592	-0.264386	0.357478	-0.032369	0.026448	-0.052440	0.043955	0.006792	-0.021853	0.024607	
0.389901	-0.246989	0.028092	-0.011337	0.175158	-0.180525	0.044592	1.000000	-0.762592	0.074694	-0.016644	0.026893	-0.037653	0.017209	0.062341	-0.050091	-0.046727	
-0.503432	0.284767	0.545916	-0.280799	-0.180762	0.325690	-0.264386	-0.762592	1.000000	-0.684076	-0.109429	-0.015408	0.090242	-0.115372	-0.039535	0.200668	-0.338221	
0.201472	-0.078892	-0.874690	0.439613	0.049512	-0.267442	0.357478	0.074694	-0.684076	1.000000	0.193301	-0.013179	-0.084118	0.150220	-0.026667	-0.237153	0.585028	
0.012868	-0.104531	-0.231823	0.194686	-0.015968	0.035975	-0.032369	-0.016644	-0.109429	0.193301	1.000000	0.216860	0.354825	-0.868732	0.031436	0.112575	-0.341395	
0.053642	0.075714	0.018620	-0.038720	0.048815	-0.061770	0.026448	0.026893	-0.015408	-0.013179	0.216860	1.000000	-0.779875	-0.013798	0.122204	-0.066204	-0.097921	
-0.134852	-0.059894	0.084554	-0.022630	-0.081405	0.106828	-0.052440	-0.037653	0.090242	-0.084118	0.354825	-0.779875	1.000000	-0.605867	-0.095048	0.233858	-0.336506	
0.119962	-0.015451	-0.155554	0.088784	0.049046	-0.071104	0.043955	0.017209	-0.115372	0.150220	-0.868732	-0.013798	-0.605867	1.000000	-0.008071	-0.284792	0.670783	
0.103527	-0.072885	0.015194	-0.007658	0.016968	-0.020897	0.006792	0.062341	-0.039535	-0.026667	0.031436	0.122204	-0.095048	-0.008071	1.000000	-0.880328	0.266127	
-0.193834	0.113757	0.275289	-0.196887	-0.059127	0.065640	-0.021853	-0.050091	0.200668	-0.237153	0.112575	-0.066204	0.233858	-0.284792	-0.880328	1.000000	-0.664795	
0.153675	-0.066662	-0.637897	0.453931	0.080314	-0.081150	0.024607	-0.046727	-0.338221	0.585028	-0.341395	-0.097921	-0.336506	0.670783	0.266127	-0.664795	1.000000	

Time taken for mcmc chain: 2.452778 hours
