Number of steps: 6215972
Number of accepted steps: 1860000
Burn-in number of steps: 10000
Accepted fraction of steps: 0.299229
Convergence Status
R[0]= 1.000565	R[1]= 1.000214	R[2]= 1.000879	R[3]= 1.000519	R[4]= 1.000150	R[5]= 1.000229	R[6]= 1.000179	R[7]= 1.000322	R[8]= 1.000257	R[9]= 1.000251	R[10]= 1.000693	R[11]= 1.000357	R[12]= 1.000478	R[13]= 1.000914	R[14]= 1.000112	R[15]= 1.000241	R[16]= 1.000849	
<R>= 1.000424

Mean parameters
A[0]= 1.064310 pm 0.069533
A[1]= 0.987172 pm 0.022718
A[2]= 0.293082 pm 0.197676
A[3]= 4.751118 pm 0.811729
A[4]= 823.439334 pm 3151.152887
A[5]= 224.374701 pm 970.708274
A[6]= 198.888217 pm 226.767985
A[7]= -858.148816 pm 7500.539308
A[8]= -1435.892413 pm 2236.747893
A[9]= 189.600952 pm 386.567322
A[10]= 4.568883 pm 1.098435
A[11]= 5612.145433 pm 4788.038343
A[12]= -634.575438 pm 1388.476597
A[13]= 243.252594 pm 355.849278
A[14]= -936.753819 pm 9262.110359
A[15]= -486.193198 pm 2694.807262
A[16]= 59.973680 pm 415.595605

Best-fitting parameters
A[0]= 1.032710
A[1]= 0.998503
A[2]= 0.267761
A[3]= 4.755314
A[4]= 2045.377000
A[5]= -75.658220
A[6]= 223.160900
A[7]= -1534.711000
A[8]= -1315.316000
A[9]= 247.179400
A[10]= 4.772630
A[11]= 6649.331000
A[12]= -667.188700
A[13]= 185.976100
A[14]= -2685.971000
A[15]= 68.365220
A[16]= 63.322690
chi2_min= 55.013810


Cross-Covariance parameters
1.000000	-0.484288	-0.270827	0.090834	0.290907	-0.356805	0.134134	0.482141	-0.550468	0.198348	0.017287	0.168899	-0.259233	0.133413	0.290124	-0.369427	0.169903	
-0.484288	1.000000	0.193674	-0.240926	0.068187	-0.105208	0.081337	-0.307157	0.332676	-0.091874	-0.083112	0.096396	-0.052212	-0.042686	-0.191246	0.234680	-0.103375	
-0.270827	0.193674	1.000000	-0.630839	-0.083423	0.111181	-0.069111	0.014456	0.398954	-0.906156	-0.421913	-0.017358	0.067932	-0.072697	0.029819	0.307409	-0.823806	
0.090834	-0.240926	-0.630839	1.000000	0.164761	0.290504	-0.699584	-0.003379	-0.184971	0.403542	0.292105	-0.040972	0.021930	0.021496	-0.031335	-0.176766	0.514405	
0.290907	0.068187	-0.083423	0.164761	1.000000	-0.791317	0.035003	0.268658	-0.272709	0.076274	-0.002515	0.096859	-0.122600	0.042340	0.071353	-0.098143	0.058057	
-0.356805	-0.105208	0.111181	0.290504	-0.791317	1.000000	-0.628877	-0.259868	0.342791	-0.251335	0.007175	-0.126602	0.164832	-0.064199	-0.083989	0.124273	-0.087646	
0.134134	0.081337	-0.069111	-0.699584	0.035003	-0.628877	1.000000	0.041837	-0.172313	0.312752	-0.001777	0.058674	-0.082606	0.040917	0.023248	-0.053587	0.067497	
0.482141	-0.307157	0.014456	-0.003379	0.268658	-0.259868	0.041837	1.000000	-0.892268	0.178014	-0.055458	0.074849	-0.117253	0.062680	0.178489	-0.165354	-0.036366	
-0.550468	0.332676	0.398954	-0.184971	-0.272709	0.342791	-0.172313	-0.892268	1.000000	-0.587224	-0.121378	-0.080960	0.142176	-0.090516	-0.147923	0.277139	-0.311276	
0.198348	-0.091874	-0.906156	0.403542	0.076274	-0.251335	0.312752	0.178014	-0.587224	1.000000	0.380181	0.022896	-0.070434	0.071476	-0.043686	-0.267566	0.763156	
0.017287	-0.083112	-0.421913	0.292105	-0.002515	0.007175	-0.001777	-0.055458	-0.121378	0.380181	1.000000	0.229015	0.354187	-0.843475	-0.001910	-0.028212	0.056612	
0.168899	0.096396	-0.017358	-0.040972	0.096859	-0.126602	0.058674	0.074849	-0.080960	0.022896	0.229015	1.000000	-0.756696	-0.063687	0.173062	-0.152281	-0.025304	
-0.259233	-0.052212	0.067932	0.021930	-0.122600	0.164832	-0.082606	-0.117253	0.142176	-0.070434	0.354187	-0.756696	1.000000	-0.595165	-0.163550	0.254202	-0.252688	
0.133413	-0.042686	-0.072697	0.021496	0.042340	-0.064199	0.040917	0.062680	-0.090516	0.071476	-0.843475	-0.063687	-0.595165	1.000000	0.019328	-0.179456	0.414888	
0.290124	-0.191246	0.029819	-0.031335	0.071353	-0.083989	0.023248	0.178489	-0.147923	-0.043686	-0.001910	0.173062	-0.163550	0.019328	1.000000	-0.910620	0.261243	
-0.369427	0.234680	0.307409	-0.176766	-0.098143	0.124273	-0.053587	-0.165354	0.277139	-0.267566	-0.028212	-0.152281	0.254202	-0.179456	-0.910620	1.000000	-0.613870	
0.169903	-0.103375	-0.823806	0.514405	0.058057	-0.087646	0.067497	-0.036366	-0.311276	0.763156	0.056612	-0.025304	-0.252688	0.414888	0.261243	-0.613870	1.000000	

Time taken for mcmc chain: 2.043056 hours
