Number of steps: 3980950
Number of accepted steps: 1350000
Burn-in number of steps: 10000
Accepted fraction of steps: 0.339115
Convergence Status
R[0]= 1.000223	R[1]= 1.000191	R[2]= 1.000937	R[3]= 1.000535	R[4]= 1.000458	R[5]= 1.000629	R[6]= 1.000174	R[7]= 1.000434	R[8]= 1.000526	R[9]= 1.000619	R[10]= 1.000867	R[11]= 1.000156	R[12]= 1.000404	R[13]= 1.000862	R[14]= 1.000229	R[15]= 1.000067	R[16]= 1.000310	
<R>= 1.000448

Mean parameters
A[0]= 0.999068 pm 0.041908
A[1]= 1.010877 pm 0.022568
A[2]= 0.259742 pm 0.178537
A[3]= 5.694554 pm 0.861973
A[4]= 4635.376661 pm 3110.938878
A[5]= -136.888538 pm 945.865567
A[6]= -32.818740 pm 228.322068
A[7]= -1512.270785 pm 7068.554971
A[8]= -888.430720 pm 2125.607596
A[9]= 195.875919 pm 421.181017
A[10]= 3.122445 pm 1.049903
A[11]= 3668.509777 pm 4666.728114
A[12]= -1933.156027 pm 1352.116889
A[13]= 844.993958 pm 353.074525
A[14]= 5081.188633 pm 8511.526068
A[15]= -3290.677775 pm 2440.382024
A[16]= 579.636924 pm 307.903375

Best-fitting parameters
A[0]= 1.021158
A[1]= 1.000706
A[2]= 0.167522
A[3]= 5.965106
A[4]= 4869.770000
A[5]= -281.214900
A[6]= -6.638125
A[7]= 222.928100
A[8]= -1704.409000
A[9]= 364.164300
A[10]= 3.367539
A[11]= 4409.295000
A[12]= -2026.402000
A[13]= 818.302100
A[14]= 11070.840000
A[15]= -5024.590000
A[16]= 723.230600
chi2_min= 51.250640


Cross-Covariance parameters
1.000000	-0.439505	-0.167908	0.073206	0.170002	-0.208859	0.066362	0.381922	-0.407527	0.091008	-0.065661	0.035681	-0.128330	0.128254	0.142976	-0.183514	0.100547	
-0.439505	1.000000	0.129307	-0.204184	0.206167	-0.234471	0.085680	-0.280858	0.283196	-0.048161	-0.110629	0.086861	-0.108775	0.049479	-0.103116	0.111458	-0.020502	
-0.167908	0.129307	1.000000	-0.664969	-0.066526	0.111451	-0.090192	0.063054	0.424699	-0.928404	-0.279056	-0.018602	0.058576	-0.060538	0.028785	0.206915	-0.714056	
0.073206	-0.204184	-0.664969	1.000000	0.164592	0.276506	-0.654933	-0.064912	-0.196228	0.486190	0.211938	-0.005727	-0.005696	0.016172	-0.029593	-0.124776	0.460524	
0.170002	0.206167	-0.066526	0.164592	1.000000	-0.777058	0.006380	0.149208	-0.159869	0.068318	-0.047717	0.042563	-0.086554	0.067870	0.004751	-0.028579	0.068248	
-0.208859	-0.234471	0.111451	0.276506	-0.777058	1.000000	-0.625493	-0.169664	0.265298	-0.236460	0.046611	-0.050061	0.103850	-0.083003	-0.016236	0.051635	-0.110270	
0.066362	0.085680	-0.090192	-0.654933	0.006380	-0.625493	1.000000	0.067196	-0.204343	0.288477	-0.000801	0.016769	-0.038118	0.032667	0.015441	-0.039396	0.084299	
0.381922	-0.280858	0.063054	-0.064912	0.149208	-0.169664	0.067196	1.000000	-0.856921	0.138030	-0.050959	0.001639	-0.027958	0.035320	0.073121	-0.056156	-0.056749	
-0.407527	0.283196	0.424699	-0.196228	-0.159869	0.265298	-0.204343	-0.856921	1.000000	-0.616598	-0.087626	-0.011805	0.055295	-0.062104	-0.049457	0.148326	-0.296891	
0.091008	-0.048161	-0.928404	0.486190	0.068318	-0.236460	0.288477	0.138030	-0.616598	1.000000	0.260050	0.020026	-0.056032	0.055980	-0.034634	-0.185749	0.672975	
-0.065661	-0.110629	-0.279056	0.211938	-0.047717	0.046611	-0.000801	-0.050959	-0.087626	0.260050	1.000000	0.250766	0.396512	-0.910700	-0.068331	0.114750	-0.158251	
0.035681	0.086861	-0.018602	-0.005727	0.042563	-0.050061	0.016769	0.001639	-0.011805	0.020026	0.250766	1.000000	-0.744746	-0.063831	0.114902	-0.099350	-0.006716	
-0.128330	-0.108775	0.058576	-0.005696	-0.086554	0.103850	-0.038118	-0.027958	0.055295	-0.056032	0.396512	-0.744746	1.000000	-0.610725	-0.153121	0.239624	-0.303608	
0.128254	0.049479	-0.060538	0.016172	0.067870	-0.083003	0.032667	0.035320	-0.062104	0.055980	-0.910700	-0.063831	-0.610725	1.000000	0.088675	-0.232916	0.458912	
0.142976	-0.103116	0.028785	-0.029593	0.004751	-0.016236	0.015441	0.073121	-0.049457	-0.034634	-0.068331	0.114902	-0.153121	0.088675	1.000000	-0.937679	0.425150	
-0.183514	0.111458	0.206915	-0.124776	-0.028579	0.051635	-0.039396	-0.056156	0.148326	-0.185749	0.114750	-0.099350	0.239624	-0.232916	-0.937679	1.000000	-0.690824	
0.100547	-0.020502	-0.714056	0.460524	0.068248	-0.110270	0.084299	-0.056749	-0.296891	0.672975	-0.158251	-0.006716	-0.303608	0.458912	0.425150	-0.690824	1.000000	

Time taken for mcmc chain: 1.288611 hours
