Number of steps: 13058091
Number of accepted steps: 2000000
Burn-in number of steps: 10000
Accepted fraction of steps: 0.153162
Convergence Status
R[0]= 1.001040	R[1]= 1.003920	R[2]= 1.005901	R[3]= 1.001969	R[4]= 1.000134	R[5]= 1.000240	R[6]= 1.000371	R[7]= 1.000704	R[8]= 1.001278	R[9]= 1.002415	R[10]= 1.001348	R[11]= 1.000353	R[12]= 1.000210	R[13]= 1.000271	R[14]= 1.000268	R[15]= 1.000974	R[16]= 1.002621	
<R>= 1.001413

Mean parameters
A[0]= 0.925891 pm 0.085522
A[1]= 1.061135 pm 0.058424
A[2]= 0.514991 pm 0.384450
A[3]= 4.566117 pm 1.390425
A[4]= -1129.047758 pm 5074.561616
A[5]= 919.001123 pm 1682.940588
A[6]= 111.024846 pm 417.097644
A[7]= -6489.299085 pm 8731.845737
A[8]= 1466.705031 pm 3037.336591
A[9]= -177.433030 pm 678.377507
A[10]= 5.132207 pm 1.743840
A[11]= 1869.903702 pm 7233.807773
A[12]= 319.824241 pm 2325.268239
A[13]= 3.416885 pm 590.667550
A[14]= -1708.764407 pm 10520.760959
A[15]= -272.743006 pm 3718.174770
A[16]= 7.822268 pm 805.557535

Best-fitting parameters
A[0]= 0.897865
A[1]= 1.062075
A[2]= 0.477150
A[3]= 4.792789
A[4]= -2212.919000
A[5]= 1520.562000
A[6]= -19.349100
A[7]= -8644.118000
A[8]= 2124.259000
A[9]= -211.479800
A[10]= 5.146676
A[11]= 2032.659000
A[12]= 443.073500
A[13]= -25.697370
A[14]= -8484.110000
A[15]= 2022.424000
A[16]= -136.172200
chi2_min= 38.969910


Cross-Covariance parameters
1.000000	-0.433278	-0.311942	0.191263	0.276533	-0.286054	0.063260	0.354884	-0.399467	0.112402	0.064472	0.179284	-0.286449	0.175971	0.260719	-0.349076	0.136974	
-0.433278	1.000000	0.302610	-0.398409	0.181198	-0.255654	0.168705	-0.223923	0.250434	-0.068386	-0.231153	0.190473	-0.142120	-0.027931	-0.179955	0.253243	-0.124884	
-0.311942	0.302610	1.000000	-0.664817	-0.131232	0.172991	-0.092034	-0.031708	0.544126	-0.854365	-0.564847	-0.074762	0.143641	-0.112355	-0.035133	0.519273	-0.830770	
0.191263	-0.398409	-0.664817	1.000000	0.155398	0.282463	-0.633534	-0.014112	-0.216378	0.378571	0.417109	-0.022321	-0.018195	0.053436	0.038771	-0.354656	0.543386	
0.276533	0.181198	-0.131232	0.155398	1.000000	-0.760203	0.046642	0.139725	-0.167978	0.090388	0.009157	0.168609	-0.194414	0.066276	0.043035	-0.105887	0.100360	
-0.286054	-0.255654	0.172991	0.282463	-0.760203	1.000000	-0.675548	-0.174199	0.352000	-0.342277	-0.016238	-0.193043	0.237073	-0.097304	-0.039218	0.138388	-0.165592	
0.063260	0.168705	-0.092034	-0.633534	0.046642	-0.675548	1.000000	0.095969	-0.330241	0.413188	0.012724	0.075464	-0.108258	0.061422	-0.000292	-0.071177	0.125646	
0.354884	-0.223923	-0.031708	-0.014112	0.139725	-0.174199	0.095969	1.000000	-0.797179	0.163415	-0.021062	0.031807	-0.073179	0.061449	0.106731	-0.097695	-0.023906	
-0.399467	0.250434	0.544126	-0.216378	-0.167978	0.352000	-0.330241	-0.797179	1.000000	-0.709801	-0.275370	-0.071524	0.149986	-0.123570	-0.089276	0.356391	-0.456059	
0.112402	-0.068386	-0.854365	0.378571	0.090388	-0.342277	0.413188	0.163415	-0.709801	1.000000	0.487055	0.068428	-0.137513	0.114436	-0.018537	-0.442367	0.798217	
0.064472	-0.231153	-0.564847	0.417109	0.009157	-0.016238	0.012724	-0.021062	-0.275370	0.487055	1.000000	0.162761	0.332626	-0.703323	-0.054695	-0.094067	0.249881	
0.179284	0.190473	-0.074762	-0.022321	0.168609	-0.193043	0.075464	0.031807	-0.071524	0.068428	0.162761	1.000000	-0.745734	0.008227	0.102859	-0.094439	0.023632	
-0.286449	-0.142120	0.143641	-0.018195	-0.194414	0.237073	-0.108258	-0.073179	0.149986	-0.137513	0.332626	-0.745734	1.000000	-0.663548	-0.165803	0.330063	-0.317112	
0.175971	-0.027931	-0.112355	0.053436	0.066276	-0.097304	0.061422	0.061449	-0.123570	0.114436	-0.703323	0.008227	-0.663548	1.000000	0.130084	-0.378811	0.443658	
0.260719	-0.179955	-0.035133	0.038771	0.043035	-0.039218	-0.000292	0.106731	-0.089276	-0.018537	-0.054695	0.102859	-0.165803	0.130084	1.000000	-0.798658	0.211286	
-0.349076	0.253243	0.519273	-0.354656	-0.105887	0.138388	-0.071177	-0.097695	0.356391	-0.442367	-0.094067	-0.094439	0.330063	-0.378811	-0.798658	1.000000	-0.735011	
0.136974	-0.124884	-0.830770	0.543386	0.100360	-0.165592	0.125646	-0.023906	-0.456059	0.798217	0.249881	0.023632	-0.317112	0.443658	0.211286	-0.735011	1.000000	

Time taken for mcmc chain: 4.297500 hours
