Number of steps: 6923684
Number of accepted steps: 1380000
Burn-in number of steps: 10000
Accepted fraction of steps: 0.199316
Convergence Status
R[0]= 1.000109	R[1]= 1.000599	R[2]= 1.000954	R[3]= 1.000796	R[4]= 1.000276	R[5]= 1.000337	R[6]= 1.000605	R[7]= 1.000125	R[8]= 1.000273	R[9]= 1.000498	R[10]= 1.000392	R[11]= 1.000172	R[12]= 1.000366	R[13]= 1.000404	R[14]= 1.000233	R[15]= 1.000134	R[16]= 1.000547	
<R>= 1.000401

Mean parameters
A[0]= 1.004878 pm 0.054137
A[1]= 0.991880 pm 0.035263
A[2]= 0.473777 pm 0.288717
A[3]= 5.631073 pm 1.418355
A[4]= 1290.482866 pm 4800.179167
A[5]= 774.206197 pm 1581.552528
A[6]= -119.127302 pm 411.764677
A[7]= -3966.732579 pm 9071.046377
A[8]= 1347.553022 pm 3020.482046
A[9]= -474.649037 pm 660.876894
A[10]= 7.873452 pm 1.912297
A[11]= 3005.417497 pm 7014.222413
A[12]= 3035.658349 pm 2351.712027
A[13]= -1079.193342 pm 612.431740
A[14]= -3072.257501 pm 10287.925914
A[15]= 2450.979494 pm 3758.787397
A[16]= -1011.431957 pm 982.415158

Best-fitting parameters
A[0]= 0.995394
A[1]= 1.004311
A[2]= 0.470069
A[3]= 5.753868
A[4]= 3994.439000
A[5]= 346.374600
A[6]= -206.261200
A[7]= -2000.654000
A[8]= 1074.420000
A[9]= -532.100900
A[10]= 7.917854
A[11]= 80.106650
A[12]= 4126.927000
A[13]= -1233.646000
A[14]= -11849.780000
A[15]= 4967.027000
A[16]= -1205.270000
chi2_min= 31.023830


Cross-Covariance parameters
1.000000	-0.381686	-0.305252	0.110448	0.152056	-0.241586	0.152751	0.292896	-0.412005	0.238356	0.167857	0.127993	-0.173592	0.075298	0.220303	-0.349877	0.181957	
-0.381686	1.000000	0.216389	-0.214816	0.259323	-0.222607	0.010792	-0.176482	0.241816	-0.125376	-0.346479	0.208871	-0.283531	0.166033	-0.158772	0.180781	-0.042756	
-0.305252	0.216389	1.000000	-0.675012	-0.066989	0.047272	0.011229	0.001443	0.507457	-0.878522	-0.585431	-0.000944	0.093404	-0.130297	0.012135	0.597138	-0.880740	
0.110448	-0.214816	-0.675012	1.000000	0.124553	0.381320	-0.710785	-0.006569	-0.214549	0.377732	0.439632	-0.047289	0.005768	0.047458	-0.034221	-0.378240	0.592290	
0.152056	0.259323	-0.066989	0.124553	1.000000	-0.737360	0.025657	0.129656	-0.130130	0.049909	-0.041589	0.114688	-0.155866	0.083026	-0.000323	-0.063802	0.085524	
-0.241586	-0.222607	0.047272	0.381320	-0.737360	1.000000	-0.686269	-0.131577	0.258181	-0.263801	0.066433	-0.127876	0.182069	-0.104037	-0.031282	0.081157	-0.068086	
0.152751	0.010792	0.011229	-0.710785	0.025657	-0.686269	1.000000	0.045573	-0.229909	0.332500	-0.045179	0.043378	-0.072680	0.050739	0.043876	-0.040448	-0.001462	
0.292896	-0.176482	0.001443	-0.006569	0.129656	-0.131577	0.045573	1.000000	-0.813549	0.177674	0.021206	0.026197	-0.014659	-0.016275	0.096533	-0.062023	-0.044245	
-0.412005	0.241816	0.507457	-0.214549	-0.130130	0.258181	-0.229909	-0.813549	1.000000	-0.703291	-0.307144	-0.028185	0.077233	-0.070975	-0.073857	0.365553	-0.425196	
0.238356	-0.125376	-0.878522	0.377732	0.049909	-0.263801	0.332500	0.177674	-0.703291	1.000000	0.495498	0.011654	-0.113781	0.148954	-0.021469	-0.536076	0.806481	
0.167857	-0.346479	-0.585431	0.439632	-0.041589	0.066433	-0.045179	0.021206	-0.307144	0.495498	1.000000	0.082308	0.404382	-0.691304	0.028145	-0.206115	0.255830	
0.127993	0.208871	-0.000944	-0.047289	0.114688	-0.127876	0.043378	0.026197	-0.028185	0.011654	0.082308	1.000000	-0.731977	0.043621	0.113501	-0.074433	-0.018464	
-0.173592	-0.283531	0.093404	0.005768	-0.155866	0.182069	-0.072680	-0.014659	0.077233	-0.113781	0.404382	-0.731977	1.000000	-0.704680	-0.070756	0.264754	-0.308085	
0.075298	0.166033	-0.130297	0.047458	0.083026	-0.104037	0.050739	-0.016275	-0.070975	0.148954	-0.691304	0.043621	-0.704680	1.000000	-0.019440	-0.303457	0.472556	
0.220303	-0.158772	0.012135	-0.034221	-0.000323	-0.031282	0.043876	0.096533	-0.073857	-0.021469	0.028145	0.113501	-0.070756	-0.019440	1.000000	-0.718474	0.101841	
-0.349877	0.180781	0.597138	-0.378240	-0.063802	0.081157	-0.040448	-0.062023	0.365553	-0.536076	-0.206115	-0.074433	0.264754	-0.303457	-0.718474	1.000000	-0.747953	
0.181957	-0.042756	-0.880740	0.592290	0.085524	-0.068086	-0.001462	-0.044245	-0.425196	0.806481	0.255830	-0.018464	-0.308085	0.472556	0.101841	-0.747953	1.000000	

Time taken for mcmc chain: 2.110278 hours
