Number of steps: 4103751
Number of accepted steps: 1390000
Burn-in number of steps: 10000
Accepted fraction of steps: 0.338715
Convergence Status
R[0]= 1.000815	R[1]= 1.000279	R[2]= 1.000326	R[3]= 1.000564	R[4]= 1.000184	R[5]= 1.000718	R[6]= 1.000960	R[7]= 1.000878	R[8]= 1.000768	R[9]= 1.000194	R[10]= 1.000197	R[11]= 1.000437	R[12]= 1.000359	R[13]= 1.000308	R[14]= 1.000186	R[15]= 1.000324	R[16]= 1.000233	
<R>= 1.000455

Mean parameters
A[0]= 1.067329 pm 0.087657
A[1]= 1.003684 pm 0.023795
A[2]= 0.214805 pm 0.164623
A[3]= 4.403278 pm 0.724875
A[4]= 843.213641 pm 3242.405696
A[5]= -757.311654 pm 961.965884
A[6]= 448.088745 pm 222.064366
A[7]= 7668.718522 pm 6964.162143
A[8]= -4355.483238 pm 2096.182111
A[9]= 583.195983 pm 309.092853
A[10]= 6.458040 pm 1.184573
A[11]= 9446.316500 pm 4844.196383
A[12]= -771.905148 pm 1482.566809
A[13]= -218.977483 pm 355.947580
A[14]= 5528.699532 pm 9151.118829
A[15]= -2571.780623 pm 2810.505016
A[16]= 193.950808 pm 441.474359

Best-fitting parameters
A[0]= 1.110270
A[1]= 0.998948
A[2]= 0.183759
A[3]= 4.370779
A[4]= 1711.400000
A[5]= -1143.700000
A[6]= 491.282100
A[7]= 8801.251000
A[8]= -4803.419000
A[9]= 607.466800
A[10]= 6.560418
A[11]= 8871.356000
A[12]= -766.914800
A[13]= -230.712000
A[14]= 15445.490000
A[15]= -5416.507000
A[16]= 339.130200
chi2_min= 57.236380


Cross-Covariance parameters
1.000000	-0.539793	-0.358876	0.060910	0.325967	-0.424314	0.170406	0.506219	-0.572464	0.203673	0.022285	0.294976	-0.407031	0.190320	0.443579	-0.529835	0.180469	
-0.539793	1.000000	0.244080	-0.139018	0.028303	0.014088	-0.049519	-0.341277	0.373625	-0.116966	-0.205558	0.028763	-0.037614	0.048582	-0.318990	0.349963	-0.077605	
-0.358876	0.244080	1.000000	-0.480134	-0.123700	0.210304	-0.156031	-0.097816	0.435808	-0.886083	-0.484428	-0.122743	0.161099	-0.072499	-0.072890	0.437389	-0.870186	
0.060910	-0.139018	-0.480134	1.000000	0.240170	0.246683	-0.760996	0.010255	-0.113122	0.253845	0.275588	0.005477	-0.001299	-0.008415	-0.000588	-0.175283	0.429394	
0.325967	0.028303	-0.123700	0.240170	1.000000	-0.798185	-0.015049	0.279187	-0.281547	0.073229	-0.035913	0.161886	-0.218666	0.107772	0.128636	-0.168490	0.081994	
-0.424314	0.014088	0.210304	0.246683	-0.798185	1.000000	-0.579307	-0.310672	0.391024	-0.283288	0.012569	-0.194711	0.266341	-0.134594	-0.158802	0.228826	-0.147935	
0.170406	-0.049519	-0.156031	-0.760996	-0.015049	-0.579307	1.000000	0.090019	-0.215435	0.360419	0.039052	0.065090	-0.092913	0.051417	0.050690	-0.106557	0.122481	
0.506219	-0.341277	-0.097816	0.010255	0.279187	-0.310672	0.090019	1.000000	-0.920775	0.277118	-0.017009	0.143304	-0.192188	0.082386	0.253704	-0.258773	0.003508	
-0.572464	0.373625	0.435808	-0.113122	-0.281547	0.391024	-0.215435	-0.920775	1.000000	-0.607072	-0.152026	-0.171231	0.229047	-0.100661	-0.245234	0.378992	-0.310110	
0.203673	-0.116966	-0.886083	0.253845	0.073229	-0.283288	0.360419	0.277118	-0.607072	1.000000	0.441789	0.083474	-0.107878	0.050343	0.000461	-0.333489	0.796406	
0.022285	-0.205558	-0.484428	0.275588	-0.035913	0.012569	0.039052	-0.017009	-0.152026	0.441789	1.000000	0.203262	0.329627	-0.809941	-0.010418	-0.090845	0.229777	
0.294976	0.028763	-0.122743	0.005477	0.161886	-0.194711	0.065090	0.143304	-0.171231	0.083474	0.203262	1.000000	-0.778430	0.004169	0.218209	-0.236114	0.063995	
-0.407031	-0.037614	0.161099	-0.001299	-0.218666	0.266341	-0.092913	-0.192188	0.229047	-0.107878	0.329627	-0.778430	1.000000	-0.619855	-0.246738	0.342112	-0.250557	
0.190320	0.048582	-0.072499	-0.008415	0.107772	-0.134594	0.051417	0.082386	-0.100661	0.050343	-0.809941	0.004169	-0.619855	1.000000	0.083123	-0.205096	0.310295	
0.443579	-0.318990	-0.072890	-0.000588	0.128636	-0.158802	0.050690	0.253704	-0.245234	0.000461	-0.010418	0.218209	-0.246738	0.083123	1.000000	-0.901893	0.246910	
-0.529835	0.349963	0.437389	-0.175283	-0.168490	0.228826	-0.106557	-0.258773	0.378992	-0.333489	-0.090845	-0.236114	0.342112	-0.205096	-0.901893	1.000000	-0.611135	
0.180469	-0.077605	-0.870186	0.429394	0.081994	-0.147935	0.122481	0.003508	-0.310110	0.796406	0.229777	0.063995	-0.250557	0.310295	0.246910	-0.611135	1.000000	

Time taken for mcmc chain: 1.331667 hours
