Number of steps: 10367838
Number of accepted steps: 2000000
Burn-in number of steps: 10000
Accepted fraction of steps: 0.192904
Convergence Status
R[0]= 1.000497	R[1]= 1.000556	R[2]= 1.004764	R[3]= 1.002329	R[4]= 1.000087	R[5]= 1.000456	R[6]= 1.000796	R[7]= 1.000183	R[8]= 1.000255	R[9]= 1.001179	R[10]= 1.001305	R[11]= 1.000134	R[12]= 1.000198	R[13]= 1.000106	R[14]= 1.000245	R[15]= 1.000794	R[16]= 1.001595	
<R>= 1.000911

Mean parameters
A[0]= 1.014681 pm 0.042493
A[1]= 0.957243 pm 0.027739
A[2]= 0.478660 pm 0.301589
A[3]= 5.772604 pm 1.506585
A[4]= -1591.369863 pm 4578.398109
A[5]= 1325.341714 pm 1609.394659
A[6]= -107.535761 pm 425.125979
A[7]= -2258.783346 pm 9172.016005
A[8]= 1899.710331 pm 2987.718779
A[9]= -661.150755 pm 669.562360
A[10]= 8.298834 pm 1.998567
A[11]= -5581.214577 pm 6630.947101
A[12]= 5709.403216 pm 2246.118868
A[13]= -1308.583950 pm 612.693602
A[14]= -6407.051999 pm 9485.549732
A[15]= 3820.047439 pm 3619.792331
A[16]= -1266.494169 pm 1019.888597

Best-fitting parameters
A[0]= 1.007500
A[1]= 0.968028
A[2]= 0.450981
A[3]= 5.771325
A[4]= -1724.500000
A[5]= 1477.994000
A[6]= -144.994800
A[7]= -8093.332000
A[8]= 3643.416000
A[9]= -764.195900
A[10]= 8.541831
A[11]= -8037.475000
A[12]= 6785.305000
A[13]= -1485.565000
A[14]= -14280.940000
A[15]= 6098.123000
A[16]= -1400.712000
chi2_min= 93.812640


Cross-Covariance parameters
1.000000	-0.394796	-0.239292	0.058989	0.112229	-0.199624	0.153511	0.226512	-0.339036	0.207278	0.181405	0.103238	-0.099988	0.005111	0.168242	-0.269887	0.128557	
-0.394796	1.000000	0.223135	-0.270713	0.179623	-0.221032	0.109270	-0.141120	0.201107	-0.104769	-0.251534	0.172280	-0.185076	0.054882	-0.112930	0.189130	-0.102383	
-0.239292	0.223135	1.000000	-0.681100	-0.021036	-0.040356	0.076618	0.041626	0.475335	-0.862390	-0.618126	0.013818	0.041872	-0.077594	0.042697	0.615748	-0.877113	
0.058989	-0.270713	-0.681100	1.000000	0.057887	0.475199	-0.746411	-0.003224	-0.216038	0.364419	0.442739	-0.058585	0.018205	0.049241	-0.036306	-0.419919	0.610856	
0.112229	0.179623	-0.021036	0.057887	1.000000	-0.722354	0.086400	0.143836	-0.133067	0.033166	-0.012915	0.062832	-0.071434	0.021273	0.002707	-0.026733	0.028403	
-0.199624	-0.221032	-0.040356	0.475199	-0.722354	1.000000	-0.744872	-0.105761	0.217202	-0.228473	0.061176	-0.087127	0.101604	-0.031828	-0.016396	0.003555	0.023228	
0.153511	0.109270	0.076618	-0.746411	0.086400	-0.744872	1.000000	0.006926	-0.180665	0.302073	-0.070753	0.049180	-0.062929	0.024033	0.018841	0.021573	-0.058788	
0.226512	-0.141120	0.041626	-0.003224	0.143836	-0.105761	0.006926	1.000000	-0.806171	0.149415	-0.009760	0.011839	-0.004506	-0.010138	0.055017	-0.010728	-0.059048	
-0.339036	0.201107	0.475335	-0.216038	-0.133067	0.217202	-0.180665	-0.806171	1.000000	-0.693838	-0.300848	-0.010152	0.047814	-0.053011	-0.022952	0.338779	-0.419247	
0.207278	-0.104769	-0.862390	0.364419	0.033166	-0.228473	0.302073	0.149415	-0.693838	1.000000	0.518151	0.000180	-0.076636	0.107852	-0.048115	-0.553277	0.799640	
0.181405	-0.251534	-0.618126	0.442739	-0.012915	0.061176	-0.070753	-0.009760	-0.300848	0.518151	1.000000	0.088979	0.430709	-0.697788	0.017212	-0.242837	0.294397	
0.103238	0.172280	0.013818	-0.058585	0.062832	-0.087127	0.049180	0.011839	-0.010152	0.000180	0.088979	1.000000	-0.702424	0.019926	0.111342	-0.051363	-0.041861	
-0.099988	-0.185076	0.041872	0.018205	-0.071434	0.101604	-0.062929	-0.004506	0.047814	-0.076636	0.430709	-0.702424	1.000000	-0.718175	-0.058309	0.238621	-0.275031	
0.005111	0.054882	-0.077594	0.049241	0.021273	-0.031828	0.024033	-0.010138	-0.053011	0.107852	-0.697788	0.019926	-0.718175	1.000000	-0.030608	-0.285614	0.436389	
0.168242	-0.112930	0.042697	-0.036306	0.002707	-0.016396	0.018841	0.055017	-0.022952	-0.048115	0.017212	0.111342	-0.058309	-0.030608	1.000000	-0.668989	0.074273	
-0.269887	0.189130	0.615748	-0.419919	-0.026733	0.003555	0.021573	-0.010728	0.338779	-0.553277	-0.242837	-0.051363	0.238621	-0.285614	-0.668989	1.000000	-0.775349	
0.128557	-0.102383	-0.877113	0.610856	0.028403	0.023228	-0.058788	-0.059048	-0.419247	0.799640	0.294397	-0.041861	-0.275031	0.436389	0.074273	-0.775349	1.000000	

Time taken for mcmc chain: 3.263333 hours
