Number of steps: 3633719
Number of accepted steps: 1290000
Burn-in number of steps: 10000
Accepted fraction of steps: 0.355008
Convergence Status
R[0]= 1.000356	R[1]= 1.000242	R[2]= 1.000763	R[3]= 1.000923	R[4]= 1.000753	R[5]= 1.000838	R[6]= 1.000507	R[7]= 1.000389	R[8]= 1.000328	R[9]= 1.000297	R[10]= 1.000416	R[11]= 1.000181	R[12]= 1.000037	R[13]= 1.000385	R[14]= 1.000409	R[15]= 1.000568	R[16]= 1.000807	
<R>= 1.000482

Mean parameters
A[0]= 0.990540 pm 0.043035
A[1]= 1.028134 pm 0.026271
A[2]= 0.232139 pm 0.163746
A[3]= 5.608063 pm 0.800764
A[4]= 5372.057302 pm 3200.107377
A[5]= -744.318592 pm 945.076077
A[6]= 60.350367 pm 222.561774
A[7]= -2571.027430 pm 7141.108559
A[8]= -1053.994929 pm 2130.128811
A[9]= 366.375640 pm 389.699005
A[10]= 4.749141 pm 1.130438
A[11]= 5490.910304 pm 4746.348003
A[12]= -1480.026498 pm 1377.671610
A[13]= 372.980458 pm 353.670094
A[14]= 10089.014682 pm 7058.463443
A[15]= -4568.379079 pm 2123.297679
A[16]= 600.118835 pm 353.821131

Best-fitting parameters
A[0]= 0.993105
A[1]= 1.035914
A[2]= 0.133539
A[3]= 5.916842
A[4]= 5976.055000
A[5]= -989.330900
A[6]= 78.323790
A[7]= -2863.173000
A[8]= -1667.097000
A[9]= 622.313300
A[10]= 5.273889
A[11]= 6457.960000
A[12]= -1519.141000
A[13]= 295.663300
A[14]= 14827.710000
A[15]= -6012.271000
A[16]= 820.430100
chi2_min= 54.258030


Cross-Covariance parameters
1.000000	-0.446879	-0.199114	0.059903	0.145048	-0.211075	0.102056	0.394089	-0.427308	0.111617	0.096476	0.077972	-0.073357	-0.016427	0.172417	-0.208953	0.035936	
-0.446879	1.000000	0.164840	-0.183094	0.265665	-0.253567	0.024233	-0.312050	0.323275	-0.076886	-0.307256	0.126091	-0.266818	0.237639	-0.136265	0.129624	0.032009	
-0.199114	0.164840	1.000000	-0.617305	-0.045139	0.130149	-0.147425	0.038864	0.407306	-0.923953	-0.421444	-0.018456	0.023943	-0.006567	0.021804	0.336205	-0.823329	
0.059903	-0.183094	-0.617305	1.000000	0.170827	0.255406	-0.657936	-0.075651	-0.145593	0.442424	0.295476	-0.015782	0.035321	-0.032760	-0.011421	-0.202702	0.499780	
0.145048	0.265665	-0.045139	0.170827	1.000000	-0.792496	-0.014345	0.114846	-0.120084	0.052393	-0.070108	0.081684	-0.134170	0.085911	-0.001093	-0.025402	0.057088	
-0.211075	-0.253567	0.130149	0.255406	-0.792496	1.000000	-0.588928	-0.163930	0.255769	-0.243493	0.045371	-0.091220	0.154249	-0.101775	-0.000866	0.061265	-0.129882	
0.102056	0.024233	-0.147425	-0.657936	-0.014345	-0.588928	1.000000	0.104071	-0.243959	0.324638	0.033608	0.024769	-0.048352	0.036416	-0.001825	-0.058648	0.131567	
0.394089	-0.312050	0.038864	-0.075651	0.114846	-0.163930	0.104071	1.000000	-0.879145	0.177521	0.021926	0.004550	0.016892	-0.038180	0.090037	-0.050897	-0.105055	
-0.427308	0.323275	0.407306	-0.145593	-0.120084	0.255769	-0.243959	-0.879145	1.000000	-0.611718	-0.196345	-0.014847	0.006012	0.018876	-0.065529	0.193212	-0.279673	
0.111617	-0.076886	-0.923953	0.442424	0.052393	-0.243493	0.324638	0.177521	-0.611718	1.000000	0.369286	0.020258	-0.041512	0.032555	-0.038055	-0.302391	0.785914	
0.096476	-0.307256	-0.421444	0.295476	-0.070108	0.045371	0.033608	0.021926	-0.196345	0.369286	1.000000	0.224884	0.383635	-0.874754	-0.036971	-0.000630	0.076485	
0.077972	0.126091	-0.018456	-0.015782	0.081684	-0.091220	0.024769	0.004550	-0.014847	0.020258	0.224884	1.000000	-0.753461	-0.058456	0.086057	-0.078067	-0.003305	
-0.073357	-0.266818	0.023943	0.035321	-0.134170	0.154249	-0.048352	0.016892	0.006012	-0.041512	0.383635	-0.753461	1.000000	-0.604044	-0.108501	0.199835	-0.224909	
-0.016427	0.237639	-0.006567	-0.032760	0.085911	-0.101775	0.036416	-0.038180	0.018876	0.032555	-0.874754	-0.058456	-0.604044	1.000000	0.055640	-0.198599	0.340701	
0.172417	-0.136265	0.021804	-0.011421	-0.001093	-0.000866	-0.001825	0.090037	-0.065529	-0.038055	-0.036971	0.086057	-0.108501	0.055640	1.000000	-0.887877	0.275582	
-0.208953	0.129624	0.336205	-0.202702	-0.025402	0.061265	-0.058648	-0.050897	0.193212	-0.302391	-0.000630	-0.078067	0.199835	-0.198599	-0.887877	1.000000	-0.659728	
0.035936	0.032009	-0.823329	0.499780	0.057088	-0.129882	0.131567	-0.105055	-0.279673	0.785914	0.076485	-0.003305	-0.224909	0.340701	0.275582	-0.659728	1.000000	

Time taken for mcmc chain: 1.194722 hours
