Number of steps: 7926659
Number of accepted steps: 2000000
Burn-in number of steps: 10000
Accepted fraction of steps: 0.252313
Convergence Status
R[0]= 1.000882	R[1]= 1.000797	R[2]= 1.007925	R[3]= 1.003947	R[4]= 1.000489	R[5]= 1.000212	R[6]= 1.000626	R[7]= 1.000097	R[8]= 1.001035	R[9]= 1.002301	R[10]= 1.001377	R[11]= 1.000123	R[12]= 1.000154	R[13]= 1.000396	R[14]= 1.000064	R[15]= 1.001210	R[16]= 1.004409	
<R>= 1.001532

Mean parameters
A[0]= 1.077272 pm 0.062823
A[1]= 0.996725 pm 0.025898
A[2]= 0.460792 pm 0.244323
A[3]= 4.207238 pm 0.795736
A[4]= -697.205537 pm 3188.448784
A[5]= 19.693943 pm 940.164859
A[6]= 277.586955 pm 226.752307
A[7]= 7684.341708 pm 6696.333158
A[8]= -2932.742226 pm 2110.957553
A[9]= 19.366544 pm 419.387451
A[10]= 5.071882 pm 1.111349
A[11]= 1985.285376 pm 4894.740409
A[12]= 748.077119 pm 1432.153448
A[13]= -149.289997 pm 356.656809
A[14]= -10340.647563 pm 7212.269253
A[15]= 3262.511139 pm 2377.724582
A[16]= -650.135797 pm 551.796142

Best-fitting parameters
A[0]= 1.077723
A[1]= 1.004348
A[2]= 0.475480
A[3]= 3.994958
A[4]= 231.982000
A[5]= -337.273700
A[6]= 331.007100
A[7]= 11527.930000
A[8]= -4037.937000
A[9]= 82.159270
A[10]= 4.916842
A[11]= 3704.037000
A[12]= 202.610600
A[13]= -110.352000
A[14]= -17750.150000
A[15]= 5199.033000
A[16]= -794.957900
chi2_min= 59.256220


Cross-Covariance parameters
1.000000	-0.464380	-0.373547	0.146573	0.219510	-0.350642	0.207887	0.424689	-0.561957	0.322480	0.222284	0.189795	-0.229044	0.056640	0.276021	-0.434212	0.229265	
-0.464380	1.000000	0.224844	-0.157623	0.180723	-0.107002	-0.084366	-0.255407	0.317373	-0.161242	-0.358242	0.108841	-0.217292	0.200370	-0.197171	0.221780	-0.036429	
-0.373547	0.224844	1.000000	-0.706005	-0.107464	0.118177	-0.032067	-0.006676	0.468207	-0.885430	-0.562488	-0.039709	0.107183	-0.104193	0.029209	0.505253	-0.862405	
0.146573	-0.157623	-0.706005	1.000000	0.219831	0.210807	-0.645753	-0.012828	-0.220365	0.432799	0.416813	-0.011364	-0.022533	0.050030	-0.052049	-0.325496	0.615442	
0.219510	0.180723	-0.107464	0.219831	1.000000	-0.782589	-0.036427	0.210788	-0.208715	0.057279	-0.025923	0.117005	-0.177061	0.104252	0.033449	-0.108353	0.112579	
-0.350642	-0.107002	0.118177	0.210807	-0.782589	1.000000	-0.583574	-0.234996	0.339840	-0.272876	0.011737	-0.141837	0.204709	-0.109156	-0.074753	0.153596	-0.115404	
0.207887	-0.084366	-0.032067	-0.645753	-0.036427	-0.583574	1.000000	0.069671	-0.236839	0.354470	0.019801	0.047173	-0.059348	0.021340	0.060406	-0.078964	0.024531	
0.424689	-0.255407	-0.006676	-0.012828	0.210788	-0.234996	0.069671	1.000000	-0.853469	0.171221	0.023935	0.073147	-0.070339	-0.009612	0.152205	-0.122998	-0.058778	
-0.561957	0.317373	0.468207	-0.220365	-0.208715	0.339840	-0.236839	-0.853469	1.000000	-0.644704	-0.281854	-0.090007	0.122479	-0.047238	-0.123335	0.351263	-0.358627	
0.322480	-0.161242	-0.885430	0.432799	0.057279	-0.272876	0.354470	0.171221	-0.644704	1.000000	0.498826	0.040843	-0.107223	0.105870	-0.032927	-0.454252	0.789892	
0.222284	-0.358242	-0.562488	0.416813	-0.025923	0.011737	0.019801	0.023935	-0.281854	0.498826	1.000000	0.201813	0.290010	-0.732012	0.057290	-0.179307	0.187003	
0.189795	0.108841	-0.039709	-0.011364	0.117005	-0.141837	0.047173	0.073147	-0.090007	0.040843	0.201813	1.000000	-0.770297	-0.040433	0.152297	-0.121377	-0.035047	
-0.229044	-0.217292	0.107183	-0.022533	-0.177061	0.204709	-0.059348	-0.070339	0.122479	-0.107223	0.290010	-0.770297	1.000000	-0.596516	-0.098652	0.259512	-0.276996	
0.056640	0.200370	-0.104193	0.050030	0.104252	-0.109156	0.021340	-0.009612	-0.047238	0.105870	-0.732012	-0.040433	-0.596516	1.000000	-0.055705	-0.230094	0.476931	
0.276021	-0.197171	0.029209	-0.052049	0.033449	-0.074753	0.060406	0.152205	-0.123335	-0.032927	0.057290	0.152297	-0.098652	-0.055705	1.000000	-0.785808	0.095555	
-0.434212	0.221780	0.505253	-0.325496	-0.108353	0.153596	-0.078964	-0.122998	0.351263	-0.454252	-0.179307	-0.121377	0.259512	-0.230094	-0.785808	1.000000	-0.666810	
0.229265	-0.036429	-0.862405	0.615442	0.112579	-0.115404	0.024531	-0.058778	-0.358627	0.789892	0.187003	-0.035047	-0.276996	0.476931	0.095555	-0.666810	1.000000	

Time taken for mcmc chain: 2.572500 hours
