Number of steps: 6076526
Number of accepted steps: 1520000
Burn-in number of steps: 10000
Accepted fraction of steps: 0.250143
Convergence Status
R[0]= 1.000182	R[1]= 1.000928	R[2]= 1.000645	R[3]= 1.000905	R[4]= 1.000171	R[5]= 1.000151	R[6]= 1.000893	R[7]= 1.000280	R[8]= 1.000508	R[9]= 1.000630	R[10]= 1.000317	R[11]= 1.000549	R[12]= 1.000304	R[13]= 1.000130	R[14]= 1.000066	R[15]= 1.000194	R[16]= 1.000398	
<R>= 1.000426

Mean parameters
A[0]= 0.987698 pm 0.047677
A[1]= 1.015396 pm 0.026907
A[2]= 0.394056 pm 0.227072
A[3]= 4.708708 pm 0.825537
A[4]= 2527.705039 pm 3149.704641
A[5]= -391.947241 pm 966.282883
A[6]= 180.365062 pm 232.229394
A[7]= 1473.369325 pm 7174.655819
A[8]= -833.764912 pm 2239.707084
A[9]= 6.885176 pm 463.320125
A[10]= 4.131534 pm 1.116788
A[11]= 1831.777190 pm 4791.953571
A[12]= -320.979550 pm 1404.911309
A[13]= 315.512754 pm 363.211584
A[14]= 6444.109997 pm 8316.207877
A[15]= -2743.294730 pm 2526.176512
A[16]= 220.149457 pm 435.061790

Best-fitting parameters
A[0]= 0.998056
A[1]= 1.013471
A[2]= 0.396885
A[3]= 4.426693
A[4]= 2647.911000
A[5]= -634.837800
A[6]= 268.136200
A[7]= -247.498000
A[8]= -471.687100
A[9]= -15.869570
A[10]= 3.773770
A[11]= 2890.519000
A[12]= -1015.455000
A[13]= 469.297100
A[14]= 12906.340000
A[15]= -4274.157000
A[16]= 293.413200
chi2_min= 53.766140


Cross-Covariance parameters
1.000000	-0.441646	-0.229552	0.140372	0.193098	-0.236497	0.078694	0.403529	-0.448844	0.151456	-0.021402	0.073145	-0.197419	0.174363	0.214848	-0.297244	0.168661	
-0.441646	1.000000	0.182136	-0.262422	0.197145	-0.223044	0.085066	-0.286504	0.298773	-0.085530	-0.130498	0.157046	-0.136436	0.002953	-0.153597	0.190591	-0.086535	
-0.229552	0.182136	1.000000	-0.683769	-0.064295	0.164057	-0.173187	0.029417	0.475741	-0.923073	-0.512088	-0.054377	0.057265	-0.012119	0.029681	0.342442	-0.815085	
0.140372	-0.262422	-0.683769	1.000000	0.158537	0.224968	-0.568888	-0.034511	-0.227653	0.469181	0.368339	-0.002523	0.006158	-0.006475	-0.015218	-0.234865	0.548500	
0.193098	0.197145	-0.064295	0.158537	1.000000	-0.778288	0.016337	0.162466	-0.162406	0.054408	-0.035621	0.079199	-0.119853	0.068615	0.015047	-0.050295	0.069384	
-0.236497	-0.223044	0.164057	0.224968	-0.778288	1.000000	-0.631751	-0.181186	0.312718	-0.302556	-0.010608	-0.103710	0.148255	-0.078395	-0.016497	0.092087	-0.159206	
0.078694	0.085066	-0.173187	-0.568888	0.016337	-0.631751	1.000000	0.066542	-0.273937	0.409535	0.071274	0.049151	-0.060251	0.024196	-0.001989	-0.070246	0.158711	
0.403529	-0.286504	0.029417	-0.034511	0.162466	-0.181186	0.066542	1.000000	-0.841372	0.150674	-0.069217	-0.003985	-0.051889	0.073230	0.113988	-0.098077	-0.034923	
-0.448844	0.298773	0.475741	-0.227653	-0.162406	0.312718	-0.273937	-0.841372	1.000000	-0.650039	-0.197011	-0.031879	0.081340	-0.070753	-0.078912	0.254333	-0.385108	
0.151456	-0.085530	-0.923073	0.469181	0.054408	-0.302556	0.409535	0.150674	-0.650039	1.000000	0.476817	0.062049	-0.061031	0.009504	-0.042795	-0.305936	0.766289	
-0.021402	-0.130498	-0.512088	0.368339	-0.035621	-0.010608	0.071274	-0.069217	-0.197011	0.476817	1.000000	0.226831	0.355358	-0.820623	-0.071827	0.015103	0.112105	
0.073145	0.157046	-0.054377	-0.002523	0.079199	-0.103710	0.049151	-0.003985	-0.031879	0.062049	0.226831	1.000000	-0.745805	-0.055911	0.105488	-0.093066	0.003209	
-0.197419	-0.136436	0.057265	0.006158	-0.119853	0.148255	-0.060251	-0.051889	0.081340	-0.061031	0.355358	-0.745805	1.000000	-0.615477	-0.151684	0.263750	-0.278318	
0.174363	0.002953	-0.012119	-0.006475	0.068615	-0.078395	0.024196	0.073230	-0.070753	0.009504	-0.820623	-0.055911	-0.615477	1.000000	0.097841	-0.276066	0.409827	
0.214848	-0.153597	0.029681	-0.015218	0.015047	-0.016497	-0.001989	0.113988	-0.078912	-0.042795	-0.071827	0.105488	-0.151684	0.097841	1.000000	-0.883921	0.271894	
-0.297244	0.190591	0.342442	-0.234865	-0.050295	0.092087	-0.070246	-0.098077	0.254333	-0.305936	0.015103	-0.093066	0.263750	-0.276066	-0.883921	1.000000	-0.670827	
0.168661	-0.086535	-0.815085	0.548500	0.069384	-0.159206	0.158711	-0.034923	-0.385108	0.766289	0.112105	0.003209	-0.278318	0.409827	0.271894	-0.670827	1.000000	

Time taken for mcmc chain: 1.930833 hours
