Number of steps: 5487214
Number of accepted steps: 1450000
Burn-in number of steps: 10000
Accepted fraction of steps: 0.264251
Convergence Status
R[0]= 1.000912	R[1]= 1.000425	R[2]= 1.000898	R[3]= 1.000119	R[4]= 1.000197	R[5]= 1.000282	R[6]= 1.000178	R[7]= 1.000108	R[8]= 1.000236	R[9]= 1.000992	R[10]= 1.000105	R[11]= 1.000234	R[12]= 1.000579	R[13]= 1.000465	R[14]= 1.000508	R[15]= 1.000595	R[16]= 1.000956	
<R>= 1.000458

Mean parameters
A[0]= 1.044998 pm 0.073180
A[1]= 1.036556 pm 0.037969
A[2]= 0.229248 pm 0.193175
A[3]= 5.525901 pm 1.268564
A[4]= 11618.599018 pm 4403.343228
A[5]= -2943.202793 pm 1412.368763
A[6]= 301.945521 pm 395.564949
A[7]= 8340.535689 pm 8068.776997
A[8]= -3426.744497 pm 2483.719331
A[9]= 368.418560 pm 471.902528
A[10]= 5.348897 pm 1.685923
A[11]= 31.628465 pm 7299.219655
A[12]= 1104.259880 pm 2070.892163
A[13]= 14.646102 pm 542.138729
A[14]= -6030.541498 pm 9580.795543
A[15]= 1223.349870 pm 2879.010707
A[16]= 42.720420 pm 478.147109

Best-fitting parameters
A[0]= 1.061086
A[1]= 1.029360
A[2]= 0.167443
A[3]= 6.099384
A[4]= 14961.400000
A[5]= -3565.049000
A[6]= 222.968300
A[7]= 14620.640000
A[8]= -5545.045000
A[9]= 557.343100
A[10]= 5.762048
A[11]= -4332.972000
A[12]= 2520.684000
A[13]= -148.585800
A[14]= -14051.630000
A[15]= 2848.671000
A[16]= 28.505450
chi2_min= 53.441440


Cross-Covariance parameters
1.000000	-0.405888	-0.171005	-0.076515	0.121656	-0.246276	0.168334	0.298467	-0.335777	0.029499	0.142745	0.150151	-0.095033	-0.093078	0.179796	-0.199029	-0.069247	
-0.405888	1.000000	0.144771	-0.211830	0.209238	-0.252278	0.101295	-0.212211	0.219874	0.010712	-0.163693	0.155902	-0.205949	0.088835	-0.134425	0.142593	0.035175	
-0.171005	0.144771	1.000000	-0.455250	-0.030387	0.074717	-0.068708	0.038787	0.395536	-0.874695	-0.406093	-0.036188	0.001547	0.049646	0.031927	0.301766	-0.768245	
-0.076515	-0.211830	-0.455250	1.000000	0.182721	0.448950	-0.830701	-0.048660	-0.050438	0.197111	0.195350	-0.059884	0.077331	-0.025656	-0.028031	-0.124568	0.367984	
0.121656	0.209238	-0.030387	0.182721	1.000000	-0.700564	-0.058971	0.089319	-0.083440	0.005141	-0.001801	0.082662	-0.081056	-0.001787	0.004160	-0.014272	0.016271	
-0.246276	-0.252278	0.074717	0.448950	-0.700564	1.000000	-0.661513	-0.112835	0.220621	-0.230497	-0.015403	-0.125879	0.122566	0.004677	-0.016455	0.040542	-0.033473	
0.168334	0.101295	-0.068708	-0.830701	-0.058971	-0.661513	1.000000	0.052473	-0.208641	0.319470	0.021618	0.067139	-0.066130	-0.002050	0.013823	-0.035956	0.033043	
0.298467	-0.212211	0.038787	-0.048660	0.089319	-0.112835	0.052473	1.000000	-0.865597	0.170240	0.021662	0.021857	-0.002003	-0.036104	0.071777	-0.042811	-0.104753	
-0.335777	0.219874	0.395536	-0.050438	-0.083440	0.220621	-0.208641	-0.865597	1.000000	-0.615542	-0.191124	-0.039227	0.009030	0.050350	-0.046240	0.166437	-0.242501	
0.029499	0.010712	-0.874695	0.197111	0.005141	-0.230497	0.319470	0.170240	-0.615542	1.000000	0.340378	0.033433	-0.013144	-0.027598	-0.059623	-0.242058	0.707513	
0.142745	-0.163693	-0.406093	0.195350	-0.001801	-0.015403	0.021618	0.021662	-0.191124	0.340378	1.000000	0.278043	0.346302	-0.900161	0.004338	-0.025661	0.016186	
0.150151	0.155902	-0.036188	-0.059884	0.082662	-0.125879	0.067139	0.021857	-0.039227	0.033433	0.278043	1.000000	-0.758125	-0.110148	0.106404	-0.089388	-0.032368	
-0.095033	-0.205949	0.001547	0.077331	-0.081056	0.122566	-0.066130	-0.002003	0.009030	-0.013144	0.346302	-0.758125	1.000000	-0.555106	-0.096924	0.167820	-0.186343	
-0.093078	0.088835	0.049646	-0.025656	-0.001787	0.004677	-0.002050	-0.036104	0.050350	-0.027598	-0.900161	-0.110148	-0.555106	1.000000	0.007595	-0.133261	0.328103	
0.179796	-0.134425	0.031927	-0.028031	0.004160	-0.016455	0.013823	0.071777	-0.046240	-0.059623	0.004338	0.106404	-0.096924	0.007595	1.000000	-0.888259	0.248567	
-0.199029	0.142593	0.301766	-0.124568	-0.014272	0.040542	-0.035956	-0.042811	0.166437	-0.242058	-0.025661	-0.089388	0.167820	-0.133261	-0.888259	1.000000	-0.626779	
-0.069247	0.035175	-0.768245	0.367984	0.016271	-0.033473	0.033043	-0.104753	-0.242501	0.707513	0.016186	-0.032368	-0.186343	0.328103	0.248567	-0.626779	1.000000	

Time taken for mcmc chain: 1.786944 hours
