Number of steps: 11924399
Number of accepted steps: 2000000
Burn-in number of steps: 10000
Accepted fraction of steps: 0.167723
Convergence Status
R[0]= 1.001294	R[1]= 1.001949	R[2]= 1.005721	R[3]= 1.002093	R[4]= 1.000381	R[5]= 1.000215	R[6]= 1.001114	R[7]= 1.000166	R[8]= 1.000973	R[9]= 1.003117	R[10]= 1.000803	R[11]= 1.000436	R[12]= 1.000211	R[13]= 1.000338	R[14]= 1.000287	R[15]= 1.000895	R[16]= 1.002440	
<R>= 1.001320

Mean parameters
A[0]= 1.125241 pm 0.105584
A[1]= 1.013439 pm 0.056774
A[2]= 0.410856 pm 0.334929
A[3]= 4.498308 pm 1.314689
A[4]= 3789.979643 pm 5232.080746
A[5]= -1153.046758 pm 1542.806726
A[6]= 352.442175 pm 381.227027
A[7]= 7704.038251 pm 8494.789362
A[8]= -2799.887182 pm 2679.741117
A[9]= -30.154318 pm 579.704784
A[10]= 2.892225 pm 1.481503
A[11]= 2288.207197 pm 6994.877599
A[12]= -2318.242921 pm 2047.522557
A[13]= 1046.050768 pm 532.539881
A[14]= -3612.200517 pm 10152.086470
A[15]= -854.144293 pm 3020.373692
A[16]= 252.391603 pm 515.975935

Best-fitting parameters
A[0]= 1.134177
A[1]= 1.000927
A[2]= 0.243353
A[3]= 5.154612
A[4]= 4836.795000
A[5]= -1250.213000
A[6]= 283.046800
A[7]= 8509.430000
A[8]= -3750.376000
A[9]= 221.048900
A[10]= 3.517073
A[11]= 505.362000
A[12]= -1555.618000
A[13]= 895.467900
A[14]= -148.640900
A[15]= -2045.509000
A[16]= 423.259500
chi2_min= 41.073190


Cross-Covariance parameters
1.000000	-0.371188	-0.257374	0.127904	0.213395	-0.263472	0.068999	0.360044	-0.456406	0.120674	-0.083654	0.040339	-0.181437	0.195526	0.128139	-0.235780	0.162681	
-0.371188	1.000000	0.172227	-0.243619	0.284457	-0.312701	0.078130	-0.217657	0.252011	-0.039645	-0.190325	0.117528	-0.169906	0.089171	-0.101439	0.110384	0.019724	
-0.257374	0.172227	1.000000	-0.644429	-0.061281	0.013105	0.066877	0.044003	0.444830	-0.851760	-0.333790	-0.026266	0.031398	-0.014622	0.023725	0.269173	-0.654575	
0.127904	-0.243619	-0.644429	1.000000	0.185616	0.318610	-0.764232	0.031385	-0.225667	0.326098	0.271440	-0.003849	0.032944	-0.039848	-0.008055	-0.169713	0.399642	
0.213395	0.284457	-0.061281	0.185616	1.000000	-0.779942	-0.075841	0.165348	-0.149529	-0.009765	-0.096264	0.073526	-0.143868	0.105424	0.011218	-0.054353	0.088024	
-0.263472	-0.312701	0.013105	0.318610	-0.779942	1.000000	-0.553422	-0.129136	0.215481	-0.172644	0.144346	-0.074582	0.170610	-0.142513	-0.012680	0.053750	-0.077441	
0.068999	0.078130	0.066877	-0.764232	-0.075841	-0.553422	1.000000	-0.033608	-0.124197	0.293832	-0.077985	0.007133	-0.049378	0.061698	-0.000672	0.000195	-0.006470	
0.360044	-0.217657	0.044003	0.031385	0.165348	-0.129136	-0.033608	1.000000	-0.824957	0.070003	-0.058541	0.004485	-0.044013	0.051957	0.069405	-0.057780	-0.056727	
-0.456406	0.252011	0.444830	-0.225667	-0.149529	0.215481	-0.124197	-0.824957	1.000000	-0.595262	-0.097672	-0.016715	0.066988	-0.071722	-0.044105	0.185662	-0.288092	
0.120674	-0.039645	-0.851760	0.326098	-0.009765	-0.172644	0.293832	0.070003	-0.595262	1.000000	0.282768	0.021902	-0.031334	0.021542	-0.049993	-0.213611	0.598011	
-0.083654	-0.190325	-0.333790	0.271440	-0.096264	0.144346	-0.077985	-0.058541	-0.097672	0.282768	1.000000	0.241655	0.381070	-0.893885	0.055904	0.022724	-0.214275	
0.040339	0.117528	-0.026266	-0.003849	0.073526	-0.074582	0.007133	0.004485	-0.016715	0.021902	0.241655	1.000000	-0.754863	-0.066606	0.128492	-0.087738	-0.078371	
-0.181437	-0.169906	0.031398	0.032944	-0.143868	0.170610	-0.049378	-0.044013	0.066988	-0.031334	0.381070	-0.754863	1.000000	-0.594927	-0.077430	0.192249	-0.285623	
0.195526	0.089171	-0.014622	-0.039848	0.105424	-0.142513	0.061698	0.051957	-0.071722	0.021542	-0.893885	-0.066606	-0.594927	1.000000	-0.043543	-0.179432	0.538646	
0.128139	-0.101439	0.023725	-0.008055	0.011218	-0.012680	-0.000672	0.069405	-0.044105	-0.049993	0.055904	0.128492	-0.077430	-0.043543	1.000000	-0.885500	0.226892	
-0.235780	0.110384	0.269173	-0.169713	-0.054353	0.053750	0.000195	-0.057780	0.185662	-0.213611	0.022724	-0.087738	0.192249	-0.179432	-0.885500	1.000000	-0.619268	
0.162681	0.019724	-0.654575	0.399642	0.088024	-0.077441	-0.006470	-0.056727	-0.288092	0.598011	-0.214275	-0.078371	-0.285623	0.538646	0.226892	-0.619268	1.000000	

Time taken for mcmc chain: 3.738889 hours
