Number of steps: 12555948
Number of accepted steps: 2000000
Burn-in number of steps: 10000
Accepted fraction of steps: 0.159287
Convergence Status
R[0]= 1.002988	R[1]= 1.001976	R[2]= 1.015846	R[3]= 1.005993	R[4]= 1.001567	R[5]= 1.000970	R[6]= 1.000252	R[7]= 1.000489	R[8]= 1.002789	R[9]= 1.004402	R[10]= 1.006059	R[11]= 1.001341	R[12]= 1.000360	R[13]= 1.000685	R[14]= 1.000298	R[15]= 1.000628	R[16]= 1.002545	
<R>= 1.002893

Mean parameters
A[0]= 0.911971 pm 0.086208
A[1]= 1.030574 pm 0.038489
A[2]= 0.511121 pm 0.369036
A[3]= 5.419932 pm 1.436375
A[4]= -426.794224 pm 5131.123600
A[5]= 1166.065440 pm 1763.494718
A[6]= -104.635675 pm 423.874960
A[7]= -2834.535954 pm 9613.389775
A[8]= 94.001169 pm 3519.018404
A[9]= -138.355840 pm 756.752593
A[10]= 6.056410 pm 1.878907
A[11]= 2039.779915 pm 7172.719021
A[12]= 1564.722381 pm 2500.294396
A[13]= -408.281815 pm 625.370079
A[14]= -1973.362525 pm 10473.584419
A[15]= 1548.554257 pm 3928.650143
A[16]= -396.714963 pm 880.351915

Best-fitting parameters
A[0]= 0.887810
A[1]= 1.036790
A[2]= 0.633832
A[3]= 4.934202
A[4]= -771.158200
A[5]= 1411.234000
A[6]= -143.908100
A[7]= -4989.653000
A[8]= 1556.045000
A[9]= -474.290700
A[10]= 6.426350
A[11]= 3977.270000
A[12]= 2088.959000
A[13]= -812.753400
A[14]= -4468.073000
A[15]= 3829.718000
A[16]= -995.486100
chi2_min= 64.195930


Cross-Covariance parameters
1.000000	-0.448028	-0.375125	0.193667	0.380270	-0.420482	0.154352	0.436928	-0.493669	0.209190	0.087142	0.270467	-0.367756	0.206318	0.277185	-0.391660	0.197824	
-0.448028	1.000000	0.286559	-0.289262	0.090858	-0.068323	0.006155	-0.273206	0.317705	-0.145395	-0.266980	0.063959	-0.066987	0.033678	-0.179780	0.230491	-0.103646	
-0.375125	0.286559	1.000000	-0.688647	-0.223608	0.285945	-0.161267	-0.131929	0.620277	-0.883678	-0.575134	-0.169234	0.229211	-0.137351	-0.071875	0.571756	-0.838233	
0.193667	-0.289262	-0.688647	1.000000	0.193089	0.195159	-0.557301	0.011926	-0.274357	0.454631	0.445264	0.072876	-0.099182	0.059898	0.045589	-0.394240	0.590232	
0.380270	0.090858	-0.223608	0.193089	1.000000	-0.772320	0.102286	0.218445	-0.264410	0.156963	0.031895	0.187255	-0.237475	0.124200	0.081338	-0.181882	0.163126	
-0.420482	-0.068323	0.285945	0.195159	-0.772320	1.000000	-0.702039	-0.279649	0.454746	-0.398970	-0.060792	-0.193335	0.261405	-0.151242	-0.087762	0.228972	-0.229443	
0.154352	0.006155	-0.161267	-0.557301	0.102286	-0.702039	1.000000	0.166052	-0.381513	0.431748	0.054518	0.060881	-0.102220	0.076187	0.027234	-0.121541	0.153108	
0.436928	-0.273206	-0.131929	0.011926	0.218445	-0.279649	0.166052	1.000000	-0.813707	0.246092	0.038159	0.098300	-0.131611	0.069338	0.129479	-0.152164	0.042296	
-0.493669	0.317705	0.620277	-0.274357	-0.264410	0.454746	-0.381513	-0.813707	1.000000	-0.750112	-0.333092	-0.151975	0.217294	-0.134066	-0.124669	0.421781	-0.501190	
0.209190	-0.145395	-0.883678	0.454631	0.156963	-0.398970	0.431748	0.246092	-0.750112	1.000000	0.526749	0.117706	-0.180697	0.127891	0.024762	-0.508598	0.811099	
0.087142	-0.266980	-0.575134	0.445264	0.031895	-0.060792	0.054518	0.038159	-0.333092	0.526749	1.000000	0.150192	0.333163	-0.684631	-0.043652	-0.121197	0.266004	
0.270467	0.063959	-0.169234	0.072876	0.187255	-0.193335	0.060881	0.098300	-0.151975	0.117706	0.150192	1.000000	-0.746978	0.100521	0.158883	-0.187317	0.102039	
-0.367756	-0.066987	0.229211	-0.099182	-0.237475	0.261405	-0.102220	-0.131611	0.217294	-0.180697	0.333163	-0.746978	1.000000	-0.728777	-0.215745	0.415621	-0.386161	
0.206318	0.033678	-0.137351	0.059898	0.124200	-0.151242	0.076187	0.069338	-0.134066	0.127891	-0.684631	0.100521	-0.728777	1.000000	0.149527	-0.408649	0.460994	
0.277185	-0.179780	-0.071875	0.045589	0.081338	-0.087762	0.027234	0.129479	-0.124669	0.024762	-0.043652	0.158883	-0.215745	0.149527	1.000000	-0.781273	0.234887	
-0.391660	0.230491	0.571756	-0.394240	-0.181882	0.228972	-0.121541	-0.152164	0.421781	-0.508598	-0.121197	-0.187317	0.415621	-0.408649	-0.781273	1.000000	-0.770690	
0.197824	-0.103646	-0.838233	0.590232	0.163126	-0.229443	0.153108	0.042296	-0.501190	0.811099	0.266004	0.102039	-0.386161	0.460994	0.234887	-0.770690	1.000000	

Time taken for mcmc chain: 4.107222 hours
