Number of steps: 7744101
Number of accepted steps: 1030000
Burn-in number of steps: 10000
Accepted fraction of steps: 0.133004
Convergence Status
R[0]= 1.000779	R[1]= 1.000709	R[2]= 1.000579	R[3]= 1.000283	R[4]= 1.000343	R[5]= 1.000411	R[6]= 1.000246	R[7]= 1.000842	R[8]= 1.000752	R[9]= 1.000681	R[10]= 1.000313	R[11]= 1.000472	R[12]= 1.000350	R[13]= 1.000395	R[14]= 1.000625	R[15]= 1.000183	R[16]= 1.000309	
<R>= 1.000486

Mean parameters
A[0]= 1.024656 pm 0.036466
A[1]= 1.028813 pm 0.030823
A[2]= 0.663693 pm 0.290698
A[3]= 3.997091 pm 0.845208
A[4]= -960.728347 pm 3180.378421
A[5]= 494.254127 pm 935.729377
A[6]= 112.769684 pm 224.663986
A[7]= 2563.276130 pm 7115.363787
A[8]= -306.650265 pm 2148.844172
A[9]= -432.900151 pm 493.959059
A[10]= 2.922121 pm 0.880422
A[11]= 1040.528902 pm 4881.104655
A[12]= -862.791077 pm 1361.162172
A[13]= 569.571902 pm 359.399781
A[14]= 4125.722314 pm 8739.260260
A[15]= -1112.892889 pm 2612.289704
A[16]= -197.441908 pm 488.391948

Best-fitting parameters
A[0]= 1.018752
A[1]= 1.026941
A[2]= 0.895783
A[3]= 3.450283
A[4]= -1283.192000
A[5]= 746.942200
A[6]= 72.527440
A[7]= 1653.615000
A[8]= 1026.751000
A[9]= -881.154900
A[10]= 2.573899
A[11]= 2095.827000
A[12]= -1121.249000
A[13]= 562.563200
A[14]= 7541.577000
A[15]= -1301.693000
A[16]= -458.220300
chi2_min= 52.740440


Cross-Covariance parameters
1.000000	-0.453904	-0.229852	0.215353	0.121633	-0.132295	0.012674	0.372423	-0.444686	0.164984	-0.011623	-0.005064	-0.133488	0.187450	0.162275	-0.266492	0.213445	
-0.453904	1.000000	0.176393	-0.293031	0.262191	-0.326122	0.142472	-0.262797	0.278908	-0.068075	-0.090488	0.184104	-0.130835	-0.056470	-0.133402	0.180008	-0.110904	
-0.229852	0.176393	1.000000	-0.798706	-0.075944	0.065281	-0.002923	0.127510	0.421023	-0.889689	-0.441243	0.003072	0.090489	-0.139837	0.077859	0.289727	-0.743049	
0.215353	-0.293031	-0.798706	1.000000	0.161538	0.208873	-0.558722	-0.064412	-0.264830	0.529637	0.368591	-0.031742	-0.041837	0.107437	-0.039711	-0.251628	0.593856	
0.121633	0.262191	-0.075944	0.161538	1.000000	-0.786742	-0.025344	0.139629	-0.136003	0.037089	0.000322	0.086593	-0.106174	0.036915	-0.008780	-0.028485	0.071233	
-0.132295	-0.326122	0.065281	0.208873	-0.786742	1.000000	-0.587932	-0.123319	0.248720	-0.251999	0.020023	-0.093628	0.124838	-0.053259	0.018308	0.022331	-0.075345	
0.012674	0.142472	-0.002923	-0.558722	-0.025344	-0.587932	1.000000	0.004389	-0.211111	0.359383	-0.024625	0.023670	-0.042135	0.027911	-0.020894	0.007961	0.021546	
0.372423	-0.262797	0.127510	-0.064412	0.139629	-0.123319	0.004389	1.000000	-0.805544	0.035589	-0.099849	-0.023761	-0.012963	0.045458	0.097354	-0.055714	-0.082868	
-0.444686	0.278908	0.421023	-0.264830	-0.136003	0.248720	-0.211111	-0.805544	1.000000	-0.610670	-0.143015	0.017894	0.070227	-0.123297	-0.035605	0.200659	-0.334210	
0.164984	-0.068075	-0.889689	0.529637	0.037089	-0.251999	0.359383	0.035589	-0.610670	1.000000	0.388558	0.005427	-0.095141	0.134593	-0.088850	-0.247628	0.678545	
-0.011623	-0.090488	-0.441243	0.368591	0.000322	0.020023	-0.024625	-0.099849	-0.143015	0.388558	1.000000	0.265082	0.293922	-0.786889	-0.031192	0.082069	-0.120704	
-0.005064	0.184104	0.003072	-0.031742	0.086593	-0.093628	0.023670	-0.023761	0.017894	0.005427	0.265082	1.000000	-0.748759	-0.114249	0.125578	-0.055777	-0.109579	
-0.133488	-0.130835	0.090489	-0.041837	-0.106174	0.124838	-0.042135	-0.012963	0.070227	-0.095141	0.293922	-0.748759	1.000000	-0.564882	-0.123966	0.270254	-0.337100	
0.187450	-0.056470	-0.139837	0.107437	0.036915	-0.053259	0.027911	0.045458	-0.123297	0.134593	-0.786889	-0.114249	-0.564882	1.000000	0.025255	-0.331501	0.646880	
0.162275	-0.133402	0.077859	-0.039711	-0.008780	0.018308	-0.020894	0.097354	-0.035605	-0.088850	-0.031192	0.125578	-0.123966	0.025255	1.000000	-0.870390	0.208252	
-0.266492	0.180008	0.289727	-0.251628	-0.028485	0.022331	0.007961	-0.055714	0.200659	-0.247628	0.082069	-0.055777	0.270254	-0.331501	-0.870390	1.000000	-0.646557	
0.213445	-0.110904	-0.743049	0.593856	0.071233	-0.075345	0.021546	-0.082868	-0.334210	0.678545	-0.120704	-0.109579	-0.337100	0.646880	0.208252	-0.646557	1.000000	

Time taken for mcmc chain: 2.255556 hours
