Number of steps: 12379311
Number of accepted steps: 2000000
Burn-in number of steps: 10000
Accepted fraction of steps: 0.161560
Convergence Status
R[0]= 1.000719	R[1]= 1.002664	R[2]= 1.010294	R[3]= 1.005452	R[4]= 1.000278	R[5]= 1.000253	R[6]= 1.000889	R[7]= 1.000425	R[8]= 1.002778	R[9]= 1.005486	R[10]= 1.001258	R[11]= 1.000519	R[12]= 1.000180	R[13]= 1.000556	R[14]= 1.000835	R[15]= 1.000712	R[16]= 1.004804	
<R>= 1.002241

Mean parameters
A[0]= 1.093597 pm 0.092201
A[1]= 1.007660 pm 0.045100
A[2]= 0.463520 pm 0.353751
A[3]= 4.765108 pm 1.328355
A[4]= 8392.440193 pm 4822.469099
A[5]= -1926.878287 pm 1511.721324
A[6]= 283.775216 pm 392.673941
A[7]= 2755.577163 pm 9601.619516
A[8]= -2122.051417 pm 3026.036032
A[9]= -94.501236 pm 679.698432
A[10]= 2.956118 pm 1.520010
A[11]= -134.080326 pm 7103.194596
A[12]= -1364.324158 pm 2060.349609
A[13]= 910.087420 pm 544.873651
A[14]= 2766.657247 pm 10206.393859
A[15]= -947.544005 pm 3090.981394
A[16]= 25.372016 pm 528.339311

Best-fitting parameters
A[0]= 1.119355
A[1]= 1.014472
A[2]= 0.361013
A[3]= 5.485913
A[4]= 10969.700000
A[5]= -2206.350000
A[6]= 97.613690
A[7]= 5301.301000
A[8]= -3225.417000
A[9]= -6.496565
A[10]= 2.825745
A[11]= 2169.677000
A[12]= -2312.300000
A[13]= 1045.317000
A[14]= 15321.740000
A[15]= -4590.211000
A[16]= 316.834700
chi2_min= 62.080990


Cross-Covariance parameters
1.000000	-0.431364	-0.238205	0.116112	0.194160	-0.258718	0.101185	0.373775	-0.468739	0.151522	-0.126948	0.025880	-0.206200	0.248452	0.130934	-0.251277	0.210837	
-0.431364	1.000000	0.182822	-0.293913	0.189563	-0.256278	0.139175	-0.239854	0.264217	-0.035530	0.040591	0.153523	-0.034425	-0.156557	-0.081898	0.161841	-0.152964	
-0.238205	0.182822	1.000000	-0.642690	-0.047378	0.068348	-0.045534	0.076703	0.450673	-0.878412	-0.422849	-0.046503	-0.002840	0.066500	0.016103	0.268969	-0.634751	
0.116112	-0.293913	-0.642690	1.000000	0.157293	0.334857	-0.697055	0.013604	-0.226303	0.351148	0.284697	-0.008018	0.043296	-0.050032	-0.003746	-0.176296	0.402331	
0.194160	0.189563	-0.047378	0.157293	1.000000	-0.747185	-0.028508	0.169413	-0.152368	0.002428	-0.015716	0.074536	-0.089251	0.024366	0.016159	-0.031991	0.023280	
-0.258718	-0.256278	0.068348	0.334857	-0.747185	1.000000	-0.633049	-0.118949	0.249442	-0.246433	0.020338	-0.089481	0.118238	-0.044605	-0.014291	0.048420	-0.061367	
0.101185	0.139175	-0.045534	-0.697055	-0.028508	-0.633049	1.000000	-0.040933	-0.176608	0.373319	0.000089	0.036369	-0.052821	0.025106	-0.005576	-0.023104	0.059801	
0.373775	-0.239854	0.076703	0.013604	0.169413	-0.118949	-0.040933	1.000000	-0.810905	0.053301	-0.133146	-0.011470	-0.079915	0.126572	0.068900	-0.069957	-0.020204	
-0.468739	0.264217	0.450673	-0.226303	-0.152368	0.249442	-0.176608	-0.810905	1.000000	-0.608838	-0.103725	-0.019459	0.077023	-0.080600	-0.048847	0.203739	-0.325156	
0.151522	-0.035530	-0.878412	0.351148	0.002428	-0.246433	0.373319	0.053301	-0.608838	1.000000	0.397374	0.054258	0.004284	-0.078765	-0.031915	-0.224274	0.576281	
-0.126948	0.040591	-0.422849	0.284697	-0.015716	0.020338	0.000089	-0.133146	-0.103725	0.397374	1.000000	0.264326	0.365496	-0.887565	0.012873	0.046787	-0.157519	
0.025880	0.153523	-0.046503	-0.008018	0.074536	-0.089481	0.036369	-0.011470	-0.019459	0.054258	0.264326	1.000000	-0.746395	-0.088026	0.128042	-0.078403	-0.081873	
-0.206200	-0.034425	-0.002840	0.043296	-0.089251	0.118238	-0.052821	-0.079915	0.077023	0.004284	0.365496	-0.746395	1.000000	-0.588640	-0.110375	0.215424	-0.271346	
0.248452	-0.156557	0.066500	-0.050032	0.024366	-0.044605	0.025106	0.126572	-0.080600	-0.078765	-0.887565	-0.088026	-0.588640	1.000000	0.004175	-0.219756	0.510079	
0.130934	-0.081898	0.016103	-0.003746	0.016159	-0.014291	-0.005576	0.068900	-0.048847	-0.031915	0.012873	0.128042	-0.110375	0.004175	1.000000	-0.883078	0.259918	
-0.251277	0.161841	0.268969	-0.176296	-0.031991	0.048420	-0.023104	-0.069957	0.203739	-0.224274	0.046787	-0.078403	0.215424	-0.219756	-0.883078	1.000000	-0.653107	
0.210837	-0.152964	-0.634751	0.402331	0.023280	-0.061367	0.059801	-0.020204	-0.325156	0.576281	-0.157519	-0.081873	-0.271346	0.510079	0.259918	-0.653107	1.000000	

Time taken for mcmc chain: 3.885278 hours
