Number of steps: 2803131
Number of accepted steps: 830000
Burn-in number of steps: 10000
Accepted fraction of steps: 0.296097
Convergence Status
R[0]= 1.000132	R[1]= 1.000267	R[2]= 1.000252	R[3]= 1.000603	R[4]= 1.000652	R[5]= 1.000182	R[6]= 1.000659	R[7]= 1.000531	R[8]= 1.000593	R[9]= 1.000320	R[10]= 1.000682	R[11]= 1.000562	R[12]= 1.000452	R[13]= 1.000688	R[14]= 1.000446	R[15]= 1.000734	R[16]= 1.000863	
<R>= 1.000507

Mean parameters
A[0]= 1.044624 pm 0.038765
A[1]= 0.999987 pm 0.026331
A[2]= 0.328890 pm 0.219296
A[3]= 4.260096 pm 0.800879
A[4]= 2305.401288 pm 3035.320927
A[5]= -786.870863 pm 911.302461
A[6]= 401.929398 pm 225.289786
A[7]= 288.020322 pm 6969.949173
A[8]= -1441.286092 pm 2019.499991
A[9]= 185.988216 pm 393.990728
A[10]= 3.975166 pm 1.084512
A[11]= 2902.551997 pm 4753.254360
A[12]= -1213.941422 pm 1339.486329
A[13]= 500.352456 pm 350.757631
A[14]= 10031.218686 pm 7062.935652
A[15]= -4621.160299 pm 2147.582688
A[16]= 427.014141 pm 404.706295

Best-fitting parameters
A[0]= 1.055575
A[1]= 1.000106
A[2]= 0.233459
A[3]= 4.581232
A[4]= 4063.440000
A[5]= -1165.927000
A[6]= 389.502100
A[7]= 1290.840000
A[8]= -2253.944000
A[9]= 370.318300
A[10]= 3.682786
A[11]= 3069.365000
A[12]= -1626.529000
A[13]= 664.131900
A[14]= 16552.680000
A[15]= -6807.776000
A[16]= 714.332900
chi2_min= 60.143340


Cross-Covariance parameters
1.000000	-0.414122	-0.155752	0.099956	0.109917	-0.128198	0.032470	0.313892	-0.355625	0.107318	0.017032	0.039774	-0.096045	0.073660	0.151182	-0.202529	0.080676	
-0.414122	1.000000	0.120421	-0.241217	0.205876	-0.276690	0.136912	-0.228449	0.233900	-0.034511	-0.104187	0.175651	-0.171016	0.011772	-0.120901	0.142756	-0.044256	
-0.155752	0.120421	1.000000	-0.638148	-0.025390	0.058627	-0.066110	0.115957	0.352177	-0.906065	-0.466497	-0.018377	0.016759	-0.004559	0.046938	0.344004	-0.810096	
0.099956	-0.241217	-0.638148	1.000000	0.157850	0.315447	-0.694316	-0.040168	-0.171014	0.401180	0.316801	-0.027090	0.034236	-0.009789	-0.014711	-0.231754	0.513036	
0.109917	0.205876	-0.025390	0.157850	1.000000	-0.769914	-0.012795	0.147372	-0.137709	0.024476	-0.016041	0.071387	-0.083658	0.023528	0.006463	-0.021053	0.029866	
-0.128198	-0.276690	0.058627	0.315447	-0.769914	1.000000	-0.619665	-0.122502	0.213565	-0.223703	0.010151	-0.090321	0.108043	-0.033403	0.003143	0.028519	-0.062152	
0.032470	0.136912	-0.066110	-0.694316	-0.012795	-0.619665	1.000000	-0.002544	-0.153736	0.324258	0.012864	0.039130	-0.049230	0.018790	-0.014044	-0.018756	0.064877	
0.313892	-0.228449	0.115957	-0.040168	0.147372	-0.122502	-0.002544	1.000000	-0.865197	0.116667	-0.058749	-0.007000	-0.002655	0.010432	0.069661	-0.015770	-0.121280	
-0.355625	0.233900	0.352177	-0.171014	-0.137709	0.213565	-0.153736	-0.865197	1.000000	-0.587085	-0.158048	-0.008386	0.018100	-0.014807	-0.039273	0.171765	-0.265158	
0.107318	-0.034511	-0.906065	0.401180	0.024476	-0.223703	0.324258	0.116667	-0.587085	1.000000	0.422342	0.030736	-0.029130	0.006092	-0.053712	-0.306016	0.744056	
0.017032	-0.104187	-0.466497	0.316801	-0.016041	0.010151	0.012864	-0.058749	-0.158048	0.422342	1.000000	0.249682	0.350357	-0.849937	-0.025766	-0.011099	0.055982	
0.039774	0.175651	-0.018377	-0.027090	0.071387	-0.090321	0.039130	-0.007000	-0.008386	0.030736	0.249682	1.000000	-0.749334	-0.098447	0.095973	-0.061135	-0.057548	
-0.096045	-0.171016	0.016759	0.034236	-0.083658	0.108043	-0.049230	-0.002655	0.018100	-0.029130	0.350357	-0.749334	1.000000	-0.576699	-0.100511	0.197932	-0.223736	
0.073660	0.011772	-0.004559	-0.009789	0.023528	-0.033403	0.018790	0.010432	-0.014807	0.006092	-0.849937	-0.098447	-0.576699	1.000000	0.030924	-0.218186	0.410974	
0.151182	-0.120901	0.046938	-0.014711	0.006463	0.003143	-0.014044	0.069661	-0.039273	-0.053712	-0.025766	0.095973	-0.100511	0.030924	1.000000	-0.865312	0.222099	
-0.202529	0.142756	0.344004	-0.231754	-0.021053	0.028519	-0.018756	-0.015770	0.171765	-0.306016	-0.011099	-0.061135	0.197932	-0.218186	-0.865312	1.000000	-0.656842	
0.080676	-0.044256	-0.810096	0.513036	0.029866	-0.062152	0.064877	-0.121280	-0.265158	0.744056	0.055982	-0.057548	-0.223736	0.410974	0.222099	-0.656842	1.000000	

Time taken for mcmc chain: 50.616667 minutes
