Number of steps: 19280889
Number of accepted steps: 2000000
Burn-in number of steps: 10000
Accepted fraction of steps: 0.103730
Convergence Status
R[0]= 1.001934	R[1]= 1.001248	R[2]= 1.003516	R[3]= 1.001309	R[4]= 1.000622	R[5]= 1.000545	R[6]= 1.000291	R[7]= 1.000787	R[8]= 1.001987	R[9]= 1.001338	R[10]= 1.000494	R[11]= 1.000136	R[12]= 1.000242	R[13]= 1.000454	R[14]= 1.000405	R[15]= 1.001370	R[16]= 1.001674	
<R>= 1.001080

Mean parameters
A[0]= 1.008579 pm 0.109771
A[1]= 1.063215 pm 0.057138
A[2]= 0.506950 pm 0.395706
A[3]= 3.885312 pm 1.215687
A[4]= 1511.346988 pm 5126.385166
A[5]= -498.278564 pm 1563.214273
A[6]= 406.048874 pm 399.672822
A[7]= -7925.808108 pm 8416.957098
A[8]= 1828.305241 pm 2853.609707
A[9]= -213.614123 pm 651.764791
A[10]= 3.986341 pm 1.681757
A[11]= 2012.574040 pm 7177.616381
A[12]= -191.416062 pm 2201.534201
A[13]= 302.985484 pm 581.398584
A[14]= 3585.939421 pm 10303.417028
A[15]= -815.374287 pm 3419.237016
A[16]= -82.183467 pm 659.772795

Best-fitting parameters
A[0]= 1.054918
A[1]= 1.069579
A[2]= 0.449431
A[3]= 4.067362
A[4]= 2505.290000
A[5]= -611.860500
A[6]= 325.672400
A[7]= -9844.170000
A[8]= 2624.050000
A[9]= -361.531600
A[10]= 4.282907
A[11]= 3511.087000
A[12]= -362.425500
A[13]= 166.675800
A[14]= 9213.066000
A[15]= -2086.460000
A[16]= -171.001900
chi2_min= 52.353840


Cross-Covariance parameters
1.000000	-0.429104	-0.278769	0.195985	0.290599	-0.306117	0.037538	0.381332	-0.435032	0.097605	-0.103375	0.101456	-0.319617	0.304711	0.258853	-0.387310	0.206599	
-0.429104	1.000000	0.247427	-0.349351	0.131233	-0.208128	0.140423	-0.230221	0.254817	-0.045121	-0.127332	0.167194	-0.111349	-0.047190	-0.182544	0.242885	-0.108976	
-0.278769	0.247427	1.000000	-0.591558	-0.105503	0.204560	-0.165702	-0.006703	0.530569	-0.860113	-0.537452	-0.090553	0.059675	0.037416	-0.014510	0.402876	-0.753239	
0.195985	-0.349351	-0.591558	1.000000	0.239406	0.220836	-0.650937	0.035937	-0.204353	0.279795	0.352140	0.017872	0.012341	-0.044262	0.037342	-0.257166	0.425130	
0.290599	0.131233	-0.105503	0.239406	1.000000	-0.756059	-0.060790	0.179250	-0.167811	0.016745	-0.040316	0.113043	-0.175063	0.097358	0.056148	-0.110905	0.090657	
-0.306117	-0.208128	0.204560	0.220836	-0.756059	1.000000	-0.597116	-0.162160	0.347766	-0.335197	0.003682	-0.134391	0.209947	-0.119588	-0.040051	0.151532	-0.201148	
0.037538	0.140423	-0.165702	-0.650937	-0.060790	-0.597116	1.000000	0.002808	-0.297454	0.488135	0.059635	0.044445	-0.065387	0.035193	-0.024384	-0.067988	0.178439	
0.381332	-0.230221	-0.006703	0.035937	0.179250	-0.162160	0.002808	1.000000	-0.793593	0.105088	-0.103248	0.006114	-0.105825	0.135639	0.110007	-0.118932	-0.002977	
-0.435032	0.254817	0.530569	-0.204353	-0.167811	0.347766	-0.297454	-0.793593	1.000000	-0.668036	-0.203134	-0.059684	0.126273	-0.095070	-0.078698	0.304126	-0.419743	
0.097605	-0.045121	-0.860113	0.279795	0.016745	-0.335197	0.488135	0.105088	-0.668036	1.000000	0.497932	0.088069	-0.037279	-0.061235	-0.051704	-0.304468	0.693789	
-0.103375	-0.127332	-0.537452	0.352140	-0.040316	0.003682	0.059635	-0.103248	-0.203134	0.497932	1.000000	0.230445	0.356715	-0.811728	-0.085119	0.016984	0.119536	
0.101456	0.167194	-0.090553	0.017872	0.113043	-0.134391	0.044445	0.006114	-0.059684	0.088069	0.230445	1.000000	-0.734096	-0.055950	0.088593	-0.074516	-0.001461	
-0.319617	-0.111349	0.059675	0.012341	-0.175063	0.209947	-0.065387	-0.105825	0.126273	-0.037279	0.356715	-0.734096	1.000000	-0.627806	-0.166761	0.298035	-0.282759	
0.304711	-0.047190	0.037416	-0.044262	0.097358	-0.119588	0.035193	0.135639	-0.095070	-0.061235	-0.811728	-0.055950	-0.627806	1.000000	0.136850	-0.338079	0.411020	
0.258853	-0.182544	-0.014510	0.037342	0.056148	-0.040051	-0.024384	0.110007	-0.078698	-0.051704	-0.085119	0.088593	-0.166761	0.136850	1.000000	-0.843227	0.242543	
-0.387310	0.242885	0.402876	-0.257166	-0.110905	0.151532	-0.067988	-0.118932	0.304126	-0.304468	0.016984	-0.074516	0.298035	-0.338079	-0.843227	1.000000	-0.698289	
0.206599	-0.108976	-0.753239	0.425130	0.090657	-0.201148	0.178439	-0.002977	-0.419743	0.693789	0.119536	-0.001461	-0.282759	0.411020	0.242543	-0.698289	1.000000	

Time taken for mcmc chain: 5.981111 hours
