Number of steps: 2807669
Number of accepted steps: 1070000
Burn-in number of steps: 10000
Accepted fraction of steps: 0.381099
Convergence Status
R[0]= 1.000510	R[1]= 1.000250	R[2]= 1.000838	R[3]= 1.000712	R[4]= 1.000667	R[5]= 1.000987	R[6]= 1.000764	R[7]= 1.000330	R[8]= 1.000339	R[9]= 1.000624	R[10]= 1.000353	R[11]= 1.000169	R[12]= 1.000258	R[13]= 1.000482	R[14]= 1.000059	R[15]= 1.000184	R[16]= 1.000825	
<R>= 1.000491

Mean parameters
A[0]= 1.006385 pm 0.050360
A[1]= 0.987911 pm 0.021051
A[2]= 0.212310 pm 0.145151
A[3]= 6.729657 pm 0.869820
A[4]= 3978.748164 pm 3137.490663
A[5]= 644.988667 pm 1001.084580
A[6]= -292.723968 pm 232.016214
A[7]= 275.112680 pm 7382.520570
A[8]= -1650.128435 pm 2229.700969
A[9]= 237.041308 pm 402.657666
A[10]= 3.870931 pm 1.074954
A[11]= -4465.119562 pm 4647.099712
A[12]= 514.248614 pm 1384.975533
A[13]= 546.145030 pm 355.171525
A[14]= 1558.845974 pm 8976.089644
A[15]= -1388.664467 pm 2545.403282
A[16]= 314.696847 pm 305.207362

Best-fitting parameters
A[0]= 1.000563
A[1]= 0.983582
A[2]= 0.148629
A[3]= 7.196832
A[4]= 3733.955000
A[5]= 916.009800
A[6]= -360.275700
A[7]= 1051.439000
A[8]= -2144.435000
A[9]= 398.695500
A[10]= 4.274276
A[11]= -5516.257000
A[12]= 1035.522000
A[13]= 446.681900
A[14]= 52.107230
A[15]= -999.754700
A[16]= 344.839500
chi2_min= 41.534060


Cross-Covariance parameters
1.000000	-0.448133	-0.227925	0.019904	0.245662	-0.326331	0.162702	0.469490	-0.506517	0.133965	0.058018	0.104506	-0.113529	0.014966	0.181754	-0.217214	0.074959	
-0.448133	1.000000	0.177069	-0.221165	0.171034	-0.182297	0.063786	-0.313642	0.327373	-0.075233	-0.144188	0.081920	-0.112195	0.065941	-0.133667	0.150335	-0.041664	
-0.227925	0.177069	1.000000	-0.617358	-0.063313	0.123846	-0.118921	0.004551	0.440603	-0.930591	-0.230825	-0.005461	0.077024	-0.106385	0.020245	0.215020	-0.730769	
0.019904	-0.221165	-0.617358	1.000000	0.104159	0.334147	-0.681245	-0.047694	-0.177176	0.456174	0.164454	-0.035365	-0.000240	0.048228	-0.028743	-0.115185	0.448954	
0.245662	0.171034	-0.063313	0.104159	1.000000	-0.789939	0.077014	0.202972	-0.210131	0.073868	-0.014324	0.066310	-0.080428	0.026868	0.023344	-0.039034	0.038372	
-0.326331	-0.182297	0.123846	0.334147	-0.789939	1.000000	-0.662887	-0.225784	0.305692	-0.230215	0.009040	-0.083497	0.105967	-0.041486	-0.037289	0.067491	-0.084352	
0.162702	0.063786	-0.118921	-0.681245	0.077014	-0.662887	1.000000	0.090578	-0.211578	0.283150	0.008321	0.037100	-0.054052	0.028862	0.021721	-0.050563	0.089302	
0.469490	-0.313642	0.004551	-0.047694	0.202972	-0.225784	0.090578	1.000000	-0.879989	0.176191	0.008645	0.026732	-0.022059	-0.011289	0.105532	-0.092719	-0.053317	
-0.506517	0.327373	0.440603	-0.177176	-0.210131	0.305692	-0.211578	-0.879989	1.000000	-0.608126	-0.105939	-0.028324	0.058536	-0.041445	-0.081274	0.175539	-0.281433	
0.133965	-0.075233	-0.930591	0.456174	0.073868	-0.230215	0.283150	0.176191	-0.608126	1.000000	0.203257	0.002475	-0.076041	0.109617	-0.035662	-0.186437	0.694287	
0.058018	-0.144188	-0.230825	0.164454	-0.014324	0.009040	0.008321	0.008645	-0.105939	0.203257	1.000000	0.209492	0.427477	-0.914080	-0.019134	0.061865	-0.158248	
0.104506	0.081920	-0.005461	-0.035365	0.066310	-0.083497	0.037100	0.026732	-0.028324	0.002475	0.209492	1.000000	-0.751941	-0.023377	0.144454	-0.135993	0.014678	
-0.113529	-0.112195	0.077024	-0.000240	-0.080428	0.105967	-0.054052	-0.022059	0.058536	-0.076041	0.427477	-0.751941	1.000000	-0.633633	-0.146400	0.230081	-0.308290	
0.014966	0.065941	-0.106385	0.048228	0.026868	-0.041486	0.028862	-0.011289	-0.041445	0.109617	-0.914080	-0.023377	-0.633633	1.000000	0.045178	-0.178962	0.448809	
0.181754	-0.133667	0.020245	-0.028743	0.023344	-0.037289	0.021721	0.105532	-0.081274	-0.035662	-0.019134	0.144454	-0.146400	0.045178	1.000000	-0.943735	0.430249	
-0.217214	0.150335	0.215020	-0.115185	-0.039034	0.067491	-0.050563	-0.092719	0.175539	-0.186437	0.061865	-0.135993	0.230081	-0.178962	-0.943735	1.000000	-0.681314	
0.074959	-0.041664	-0.730769	0.448954	0.038372	-0.084352	0.089302	-0.053317	-0.281433	0.694287	-0.158248	0.014678	-0.308290	0.448809	0.430249	-0.681314	1.000000	

Time taken for mcmc chain: 53.616667 minutes
