Number of steps: 1813552
Number of accepted steps: 730000
Burn-in number of steps: 10000
Accepted fraction of steps: 0.402525
Convergence Status
R[0]= 1.000498	R[1]= 1.000522	R[2]= 1.000808	R[3]= 1.000650	R[4]= 1.000211	R[5]= 1.000553	R[6]= 1.000613	R[7]= 1.000140	R[8]= 1.000276	R[9]= 1.000772	R[10]= 1.000810	R[11]= 1.000671	R[12]= 1.000897	R[13]= 1.000896	R[14]= 1.000567	R[15]= 1.000451	R[16]= 1.000691	
<R>= 1.000590

Mean parameters
A[0]= 1.006038 pm 0.054178
A[1]= 1.010030 pm 0.021650
A[2]= 0.149016 pm 0.120395
A[3]= 6.226511 pm 0.777977
A[4]= 5749.254002 pm 3159.428687
A[5]= -506.924471 pm 943.689594
A[6]= -26.333713 pm 222.106499
A[7]= -6664.294837 pm 6842.862420
A[8]= 63.307509 pm 2015.343111
A[9]= 333.314432 pm 315.787185
A[10]= 6.270579 pm 1.202406
A[11]= 7655.816965 pm 4723.175184
A[12]= -1126.429865 pm 1412.617596
A[13]= -11.492389 pm 357.104381
A[14]= -10799.723405 pm 6823.257926
A[15]= 684.106771 pm 2049.324616
A[16]= 327.068882 pm 324.783770

Best-fitting parameters
A[0]= 1.035220
A[1]= 0.996900
A[2]= 0.044224
A[3]= 6.582725
A[4]= 4360.761000
A[5]= -239.646500
A[6]= -22.148410
A[7]= -6769.266000
A[8]= -560.561100
A[9]= 542.045600
A[10]= 6.585591
A[11]= 6370.585000
A[12]= -1001.353000
A[13]= 22.618580
A[14]= -15508.010000
A[15]= 1329.867000
A[16]= 469.588100
chi2_min= 66.006470


Cross-Covariance parameters
1.000000	-0.452474	-0.230826	0.038221	0.240365	-0.291563	0.085432	0.448489	-0.473063	0.079820	-0.019749	0.141102	-0.210227	0.099956	0.231358	-0.280315	0.018498	
-0.452474	1.000000	0.195983	-0.184565	0.173983	-0.173837	0.036809	-0.315082	0.330216	-0.070207	-0.236467	0.113887	-0.194257	0.155665	-0.163058	0.176438	0.012360	
-0.230826	0.195983	1.000000	-0.505779	-0.057562	0.131601	-0.129112	-0.022425	0.393861	-0.903542	-0.409700	-0.062792	0.045542	0.017270	0.000338	0.352842	-0.833845	
0.038221	-0.184565	-0.505779	1.000000	0.181175	0.312880	-0.761234	-0.033422	-0.110091	0.338486	0.249135	-0.002697	0.034077	-0.048248	-0.011088	-0.165503	0.419668	
0.240365	0.173983	-0.057562	0.181175	1.000000	-0.789755	-0.007973	0.188017	-0.193628	0.062054	-0.073898	0.092941	-0.145881	0.088588	0.032166	-0.059269	0.040159	
-0.291563	-0.173837	0.131601	0.312880	-0.789755	1.000000	-0.596943	-0.218300	0.289476	-0.224986	0.058694	-0.106899	0.167861	-0.103342	-0.039857	0.093820	-0.103503	
0.085432	0.036809	-0.129112	-0.761234	-0.007973	-0.596943	1.000000	0.081591	-0.187664	0.282687	0.021024	0.029632	-0.045837	0.029574	0.009421	-0.057508	0.114152	
0.448489	-0.315082	-0.022425	-0.033422	0.188017	-0.218300	0.081591	1.000000	-0.910977	0.232730	-0.015713	0.026699	-0.046379	0.019783	0.121153	-0.106951	-0.077820	
-0.473063	0.330216	0.393861	-0.110091	-0.193628	0.289476	-0.187664	-0.910977	1.000000	-0.593498	-0.134600	-0.050672	0.064659	-0.016990	-0.105278	0.226724	-0.250012	
0.079820	-0.070207	-0.903542	0.338486	0.062054	-0.224986	0.282687	0.232730	-0.593498	1.000000	0.369561	0.049692	-0.034144	-0.012254	-0.031203	-0.296244	0.790076	
-0.019749	-0.236467	-0.409700	0.249135	-0.073898	0.058694	0.021024	-0.015713	-0.134600	0.369561	1.000000	0.203394	0.413201	-0.893074	-0.036960	-0.024179	0.146785	
0.141102	0.113887	-0.062792	-0.002697	0.092941	-0.106899	0.029632	0.026699	-0.050672	0.049692	0.203394	1.000000	-0.756348	-0.023526	0.095667	-0.113906	0.044072	
-0.210227	-0.194257	0.045542	0.034077	-0.145881	0.167861	-0.045837	-0.046379	0.064659	-0.034144	0.413201	-0.756348	1.000000	-0.627481	-0.119501	0.201801	-0.187372	
0.099956	0.155665	0.017270	-0.048248	0.088588	-0.103342	0.029574	0.019783	-0.016990	-0.012254	-0.893074	-0.023526	-0.627481	1.000000	0.057982	-0.155910	0.230495	
0.231358	-0.163058	0.000338	-0.011088	0.032166	-0.039857	0.009421	0.121153	-0.105278	-0.031203	-0.036960	0.095667	-0.119501	0.057982	1.000000	-0.893167	0.274948	
-0.280315	0.176438	0.352842	-0.165503	-0.059269	0.093820	-0.057508	-0.106951	0.226724	-0.296244	-0.024179	-0.113906	0.201801	-0.155910	-0.893167	1.000000	-0.642307	
0.018498	0.012360	-0.833845	0.419668	0.040159	-0.103503	0.114152	-0.077820	-0.250012	0.790076	0.146785	0.044072	-0.187372	0.230495	0.274948	-0.642307	1.000000	

Time taken for mcmc chain: 34.250000 minutes
