Number of steps: 7471426
Number of accepted steps: 2000000
Burn-in number of steps: 10000
Accepted fraction of steps: 0.267687
Convergence Status
R[0]= 1.000302	R[1]= 1.000430	R[2]= 1.003655	R[3]= 1.001698	R[4]= 1.000050	R[5]= 1.000195	R[6]= 1.000433	R[7]= 1.000139	R[8]= 1.000272	R[9]= 1.001600	R[10]= 1.001163	R[11]= 1.000173	R[12]= 1.000119	R[13]= 1.000097	R[14]= 1.000196	R[15]= 1.001029	R[16]= 1.002618	
<R>= 1.000834

Mean parameters
A[0]= 1.041577 pm 0.051226
A[1]= 1.003186 pm 0.027777
A[2]= 0.385983 pm 0.228141
A[3]= 3.826269 pm 0.763520
A[4]= -919.538161 pm 3082.214474
A[5]= -191.025386 pm 921.914992
A[6]= 460.160418 pm 227.850642
A[7]= -6765.891817 pm 6600.519015
A[8]= 600.725802 pm 1972.070581
A[9]= 5.416012 pm 379.608269
A[10]= 5.669543 pm 1.194625
A[11]= 1747.935575 pm 4945.023523
A[12]= 592.190584 pm 1432.862054
A[13]= -180.825779 pm 358.618069
A[14]= 10356.927950 pm 7105.957193
A[15]= -3803.614620 pm 2380.632459
A[16]= 58.904234 pm 552.330861

Best-fitting parameters
A[0]= 1.068729
A[1]= 1.003433
A[2]= 0.320821
A[3]= 3.850769
A[4]= 388.046300
A[5]= -670.691000
A[6]= 512.841100
A[7]= -7232.393000
A[8]= 449.481800
A[9]= 68.062940
A[10]= 5.561734
A[11]= 5712.172000
A[12]= -833.332600
A[13]= -12.182710
A[14]= 18986.370000
A[15]= -6630.212000
A[16]= 337.718000
chi2_min= 48.241360


Cross-Covariance parameters
1.000000	-0.425562	-0.282020	0.221422	0.186911	-0.172241	-0.014628	0.349518	-0.426088	0.178323	0.027794	0.090466	-0.241191	0.214425	0.238432	-0.378426	0.215657	
-0.425562	1.000000	0.210321	-0.338425	0.151753	-0.256678	0.186458	-0.223826	0.247385	-0.068322	-0.152811	0.252760	-0.200585	-0.032856	-0.178781	0.244738	-0.121697	
-0.282020	0.210321	1.000000	-0.613987	-0.038558	0.089338	-0.088529	0.046884	0.405453	-0.885973	-0.610263	-0.037807	0.067098	-0.049518	0.039279	0.506741	-0.890780	
0.221422	-0.338425	-0.613987	1.000000	0.178069	0.297015	-0.699514	0.029999	-0.196829	0.321250	0.389600	-0.042921	0.021034	0.024921	0.015998	-0.339798	0.535125	
0.186911	0.151753	-0.038558	0.178069	1.000000	-0.770403	-0.020655	0.190724	-0.171641	0.015771	-0.034510	0.090561	-0.128127	0.062940	0.028267	-0.058836	0.044664	
-0.172241	-0.256678	0.089338	0.297015	-0.770403	1.000000	-0.612734	-0.146951	0.254441	-0.265843	0.009051	-0.127619	0.165677	-0.070374	-0.000585	0.068997	-0.101710	
-0.014628	0.186458	-0.088529	-0.699514	-0.020655	-0.612734	1.000000	-0.027922	-0.163384	0.395606	0.039161	0.063579	-0.068281	0.017651	-0.042879	-0.023078	0.100534	
0.349518	-0.223826	0.046884	0.029999	0.190724	-0.146951	-0.027922	1.000000	-0.864806	0.151700	-0.081191	-0.001620	-0.056091	0.078200	0.110787	-0.075827	-0.058571	
-0.426088	0.247385	0.405453	-0.196829	-0.171641	0.254441	-0.163384	-0.864806	1.000000	-0.613291	-0.199293	-0.027726	0.092692	-0.094800	-0.072268	0.290998	-0.354345	
0.178323	-0.068322	-0.885973	0.321250	0.015771	-0.265843	0.395606	0.151700	-0.613291	1.000000	0.545021	0.055116	-0.074803	0.040285	-0.067217	-0.429253	0.808669	
0.027794	-0.152811	-0.610263	0.389600	-0.034510	0.009051	0.039161	-0.081191	-0.199293	0.545021	1.000000	0.198212	0.298605	-0.729541	-0.045270	-0.155888	0.316782	
0.090466	0.252760	-0.037807	-0.042921	0.090561	-0.127619	0.063579	-0.001620	-0.027726	0.055116	0.198212	1.000000	-0.765712	-0.058828	0.088324	-0.071283	-0.011310	
-0.241191	-0.200585	0.067098	0.021034	-0.128127	0.165677	-0.068281	-0.056091	0.092692	-0.074803	0.298605	-0.765712	1.000000	-0.587932	-0.112570	0.237611	-0.225307	
0.214425	-0.032856	-0.049518	0.024921	0.062940	-0.070374	0.017651	0.078200	-0.094800	0.040285	-0.729541	-0.058828	-0.587932	1.000000	0.056470	-0.267618	0.363549	
0.238432	-0.178781	0.039279	0.015998	0.028267	-0.000585	-0.042879	0.110787	-0.072268	-0.067217	-0.045270	0.088324	-0.112570	0.056470	1.000000	-0.785566	0.135003	
-0.378426	0.244738	0.506741	-0.339798	-0.058836	0.068997	-0.023078	-0.075827	0.290998	-0.429253	-0.155888	-0.071283	0.237611	-0.267618	-0.785566	1.000000	-0.698712	
0.215657	-0.121697	-0.890780	0.535125	0.044664	-0.101710	0.100534	-0.058571	-0.354345	0.808669	0.316782	-0.011310	-0.225307	0.363549	0.135003	-0.698712	1.000000	

Time taken for mcmc chain: 2.440556 hours
