Number of steps: 10196252
Number of accepted steps: 2000000
Burn-in number of steps: 10000
Accepted fraction of steps: 0.196151
Convergence Status
R[0]= 1.001687	R[1]= 1.002053	R[2]= 1.005109	R[3]= 1.002162	R[4]= 1.000345	R[5]= 1.000439	R[6]= 1.001340	R[7]= 1.000569	R[8]= 1.001524	R[9]= 1.001700	R[10]= 1.000809	R[11]= 1.000205	R[12]= 1.000920	R[13]= 1.001904	R[14]= 1.000193	R[15]= 1.001678	R[16]= 1.003224	
<R>= 1.001521

Mean parameters
A[0]= 0.995061 pm 0.100133
A[1]= 1.033073 pm 0.053980
A[2]= 0.293702 pm 0.248218
A[3]= 5.371386 pm 1.404629
A[4]= 3072.420422 pm 5172.765541
A[5]= -288.227614 pm 1646.102856
A[6]= 160.870751 pm 402.548672
A[7]= -10428.673177 pm 7408.890743
A[8]= 1319.731309 pm 2461.364634
A[9]= 74.346204 pm 504.534326
A[10]= 6.029476 pm 1.757022
A[11]= 8654.654051 pm 6401.801222
A[12]= -1342.546854 pm 2177.419533
A[13]= 5.484711 pm 588.088073
A[14]= -9441.027296 pm 8352.741546
A[15]= 447.006871 pm 2932.236294
A[16]= 163.415688 pm 634.368639

Best-fitting parameters
A[0]= 0.957933
A[1]= 1.060560
A[2]= 0.127402
A[3]= 5.723542
A[4]= 6762.563000
A[5]= -1375.539000
A[6]= 253.997200
A[7]= -15046.030000
A[8]= 1717.448000
A[9]= 425.520500
A[10]= 6.164564
A[11]= 8434.995000
A[12]= -1770.085000
A[13]= 151.908600
A[14]= -18825.340000
A[15]= 1804.111000
A[16]= 537.229700
chi2_min= 46.939330


Cross-Covariance parameters
1.000000	-0.408945	-0.308177	0.133565	0.251977	-0.258601	0.032520	0.359822	-0.412557	0.047835	-0.077050	0.122673	-0.295599	0.241717	0.230285	-0.345150	0.100534	
-0.408945	1.000000	0.325216	-0.396545	0.229849	-0.332115	0.219367	-0.234592	0.280531	-0.052775	-0.226849	0.212047	-0.175639	0.004081	-0.168230	0.247118	-0.091874	
-0.308177	0.325216	1.000000	-0.588781	-0.091968	0.056178	0.038461	-0.051412	0.514487	-0.838710	-0.393295	-0.003074	0.111979	-0.147954	-0.039191	0.535365	-0.845891	
0.133565	-0.396545	-0.588781	1.000000	0.136628	0.393494	-0.796755	0.040106	-0.201825	0.294860	0.289862	-0.073698	0.030122	0.043815	0.030506	-0.306549	0.470476	
0.251977	0.229849	-0.091968	0.136628	1.000000	-0.770943	0.012936	0.121163	-0.137033	0.045852	-0.078864	0.150986	-0.207940	0.105900	0.025498	-0.084840	0.082149	
-0.258601	-0.332115	0.056178	0.393494	-0.770943	1.000000	-0.637098	-0.112035	0.219866	-0.206909	0.118317	-0.178123	0.244937	-0.124914	-0.021070	0.076367	-0.076278	
0.032520	0.219367	0.038461	-0.796755	0.012936	-0.637098	1.000000	0.011146	-0.158422	0.269526	-0.071338	0.070848	-0.092285	0.044035	-0.007820	0.002064	0.011791	
0.359822	-0.234592	-0.051412	0.040106	0.121163	-0.112035	0.011146	1.000000	-0.830056	0.156609	-0.038418	0.011484	-0.070342	0.075709	0.100514	-0.107055	-0.023476	
-0.412557	0.280531	0.514487	-0.201825	-0.137033	0.219866	-0.158422	-0.830056	1.000000	-0.650111	-0.147983	-0.018393	0.122516	-0.140512	-0.089121	0.342110	-0.408053	
0.047835	-0.052775	-0.838710	0.294860	0.045852	-0.206909	0.269526	0.156609	-0.650111	1.000000	0.344395	0.010460	-0.087317	0.111691	-0.031914	-0.419768	0.797882	
-0.077050	-0.226849	-0.393295	0.289862	-0.078864	0.118317	-0.071338	-0.038418	-0.147983	0.344395	1.000000	0.113891	0.487915	-0.818133	-0.023065	-0.035084	0.112822	
0.122673	0.212047	-0.003074	-0.073698	0.150986	-0.178123	0.070848	0.011484	-0.018393	0.010460	0.113891	1.000000	-0.706777	0.008691	0.080779	-0.058317	-0.018653	
-0.295599	-0.175639	0.111979	0.030122	-0.207940	0.244937	-0.092285	-0.070342	0.122516	-0.087317	0.487915	-0.706777	1.000000	-0.703839	-0.106170	0.265867	-0.269661	
0.241717	0.004081	-0.147954	0.043815	0.105900	-0.124914	0.044035	0.075709	-0.140512	0.111691	-0.818133	0.008691	-0.703839	1.000000	0.064113	-0.308157	0.403542	
0.230285	-0.168230	-0.039191	0.030506	0.025498	-0.021070	-0.007820	0.100514	-0.089121	-0.031914	-0.023065	0.080779	-0.106170	0.064113	1.000000	-0.789638	0.181791	
-0.345150	0.247118	0.535365	-0.306549	-0.084840	0.076367	0.002064	-0.107055	0.342110	-0.419768	-0.035084	-0.058317	0.265867	-0.308157	-0.789638	1.000000	-0.710009	
0.100534	-0.091874	-0.845891	0.470476	0.082149	-0.076278	0.011791	-0.023476	-0.408053	0.797882	0.112822	-0.018653	-0.269661	0.403542	0.181791	-0.710009	1.000000	

Time taken for mcmc chain: 3.429167 hours
