Number of steps: 11671820
Number of accepted steps: 2000000
Burn-in number of steps: 10000
Accepted fraction of steps: 0.171353
Convergence Status
R[0]= 1.001148	R[1]= 1.001488	R[2]= 1.001377	R[3]= 1.000946	R[4]= 1.000691	R[5]= 1.001414	R[6]= 1.000768	R[7]= 1.000138	R[8]= 1.000023	R[9]= 1.000534	R[10]= 1.000924	R[11]= 1.000450	R[12]= 1.000498	R[13]= 1.000672	R[14]= 1.000322	R[15]= 1.000196	R[16]= 1.000208	
<R>= 1.000694

Mean parameters
A[0]= 1.086614 pm 0.084064
A[1]= 1.009023 pm 0.052542
A[2]= 0.370257 pm 0.289120
A[3]= 5.541276 pm 1.395175
A[4]= 1873.964468 pm 5277.910777
A[5]= 501.767408 pm 1632.762260
A[6]= -42.452741 pm 390.320087
A[7]= 2449.167191 pm 9582.390052
A[8]= -1250.076262 pm 2968.044184
A[9]= -111.720324 pm 620.421827
A[10]= 4.729587 pm 1.706187
A[11]= 5393.589216 pm 6883.406234
A[12]= -1556.355023 pm 2132.426192
A[13]= 357.014280 pm 567.326474
A[14]= 6248.419023 pm 9525.655801
A[15]= -2616.844731 pm 2998.136210
A[16]= 62.393023 pm 606.376270

Best-fitting parameters
A[0]= 1.089960
A[1]= 1.010646
A[2]= 0.399695
A[3]= 5.340752
A[4]= 1797.334000
A[5]= 515.080800
A[6]= -54.385020
A[7]= -2564.161000
A[8]= 400.020300
A[9]= -335.478900
A[10]= 4.182938
A[11]= 6316.241000
A[12]= -2032.498000
A[13]= 490.971200
A[14]= 14165.380000
A[15]= -5127.082000
A[16]= 205.972900
chi2_min= 60.411690


Cross-Covariance parameters
1.000000	-0.390977	-0.236894	0.143229	0.182954	-0.201597	0.037320	0.379631	-0.447707	0.107731	-0.075511	0.056561	-0.206643	0.205851	0.180353	-0.286354	0.127088	
-0.390977	1.000000	0.234779	-0.350528	0.333362	-0.396772	0.164923	-0.249872	0.295166	-0.070316	-0.201082	0.215349	-0.224615	0.046431	-0.125624	0.174454	-0.052434	
-0.236894	0.234779	1.000000	-0.650979	-0.007240	-0.018935	0.036402	0.056078	0.427244	-0.870078	-0.452667	-0.004120	-0.011670	0.018503	0.043986	0.361804	-0.758781	
0.143229	-0.350528	-0.650979	1.000000	0.086386	0.386814	-0.741924	0.034693	-0.240801	0.363691	0.341506	-0.050492	0.078843	-0.044260	-0.011558	-0.243995	0.473666	
0.182954	0.333362	-0.007240	0.086386	1.000000	-0.788366	-0.000769	0.132386	-0.110911	-0.010151	-0.105815	0.141857	-0.196577	0.094861	0.006929	-0.031964	0.040123	
-0.201597	-0.396772	-0.018935	0.386814	-0.788366	1.000000	-0.604261	-0.089208	0.164101	-0.164613	0.135649	-0.152298	0.222611	-0.117635	-0.005397	0.031463	-0.042851	
0.037320	0.164923	0.036402	-0.741924	-0.000769	-0.604261	1.000000	-0.039584	-0.113487	0.290637	-0.057695	0.041115	-0.070938	0.046979	-0.006625	-0.000835	0.016064	
0.379631	-0.249872	0.056078	0.034693	0.132386	-0.089208	-0.039584	1.000000	-0.838981	0.082174	-0.071216	-0.002735	-0.048306	0.067248	0.091331	-0.066968	-0.081114	
-0.447707	0.295166	0.427244	-0.240801	-0.110911	0.164101	-0.113487	-0.838981	1.000000	-0.590687	-0.149701	-0.004290	0.049378	-0.062212	-0.056089	0.240553	-0.315112	
0.107731	-0.070316	-0.870078	0.363691	-0.010151	-0.164613	0.290637	0.082174	-0.590687	1.000000	0.401616	0.017815	-0.002765	-0.013804	-0.068842	-0.307247	0.712726	
-0.075511	-0.201082	-0.452667	0.341506	-0.105815	0.135649	-0.057695	-0.071216	-0.149701	0.401616	1.000000	0.169628	0.448235	-0.859846	-0.001366	-0.017674	0.010657	
0.056561	0.215349	-0.004120	-0.050492	0.141857	-0.152298	0.041115	-0.002735	-0.004290	0.017815	0.169628	1.000000	-0.733125	-0.043771	0.091995	-0.051813	-0.063454	
-0.206643	-0.224615	-0.011670	0.078843	-0.196577	0.222611	-0.070938	-0.048306	0.049378	-0.002765	0.448235	-0.733125	1.000000	-0.638085	-0.076311	0.188582	-0.233264	
0.205851	0.046431	0.018503	-0.044260	0.094861	-0.117635	0.046979	0.067248	-0.062212	-0.013804	-0.859846	-0.043771	-0.638085	1.000000	0.004349	-0.215877	0.425277	
0.180353	-0.125624	0.043986	-0.011558	0.006929	-0.005397	-0.006625	0.091331	-0.056089	-0.068842	-0.001366	0.091995	-0.076311	0.004349	1.000000	-0.838159	0.166378	
-0.286354	0.174454	0.361804	-0.243995	-0.031964	0.031463	-0.000835	-0.066968	0.240553	-0.307247	-0.017674	-0.051813	0.188582	-0.215877	-0.838159	1.000000	-0.645289	
0.127088	-0.052434	-0.758781	0.473666	0.040123	-0.042851	0.016064	-0.081114	-0.315112	0.712726	0.010657	-0.063454	-0.233264	0.425277	0.166378	-0.645289	1.000000	

Time taken for mcmc chain: 3.657500 hours
