Number of steps: 16420214
Number of accepted steps: 2000000
Burn-in number of steps: 10000
Accepted fraction of steps: 0.121801
Convergence Status
R[0]= 1.000248	R[1]= 1.000544	R[2]= 1.003556	R[3]= 1.000853	R[4]= 1.000174	R[5]= 1.000228	R[6]= 1.000195	R[7]= 1.000287	R[8]= 1.000580	R[9]= 1.001425	R[10]= 1.001202	R[11]= 1.000101	R[12]= 1.000267	R[13]= 1.000557	R[14]= 1.000140	R[15]= 1.000329	R[16]= 1.001277	
<R>= 1.000704

Mean parameters
A[0]= 1.011355 pm 0.093115
A[1]= 1.018372 pm 0.055726
A[2]= 0.396556 pm 0.325800
A[3]= 4.567695 pm 1.347123
A[4]= 3205.376649 pm 4973.704582
A[5]= -1044.268371 pm 1643.353989
A[6]= 416.348021 pm 415.577513
A[7]= -5520.588864 pm 8984.207719
A[8]= 1374.726238 pm 2888.482867
A[9]= -133.102029 pm 600.129736
A[10]= 3.700393 pm 1.639697
A[11]= 2247.927765 pm 7060.832735
A[12]= -1064.912425 pm 2117.585711
A[13]= 687.606226 pm 556.720356
A[14]= -6543.723148 pm 9434.607840
A[15]= 2419.066300 pm 2945.664661
A[16]= -210.018239 pm 543.275552

Best-fitting parameters
A[0]= 1.051846
A[1]= 1.013218
A[2]= 0.064707
A[3]= 5.730704
A[4]= 4421.623000
A[5]= -1225.093000
A[6]= 348.518300
A[7]= -13443.860000
A[8]= 2119.306000
A[9]= 278.302800
A[10]= 5.248904
A[11]= 5055.086000
A[12]= -1317.732000
A[13]= 489.491300
A[14]= -18354.490000
A[15]= 4090.509000
A[16]= 92.506070
chi2_min= 45.519360


Cross-Covariance parameters
1.000000	-0.403010	-0.226749	0.015355	0.177921	-0.271579	0.163664	0.348699	-0.404023	0.098993	0.148398	0.128473	-0.091546	-0.058197	0.170390	-0.204710	-0.009814	
-0.403010	1.000000	0.158378	-0.283946	0.248968	-0.296616	0.139463	-0.231164	0.229876	0.008972	-0.118687	0.158060	-0.151095	0.013301	-0.122227	0.144562	-0.008499	
-0.226749	0.158378	1.000000	-0.560373	-0.061773	0.094722	-0.065407	0.020185	0.454274	-0.856048	-0.444774	-0.038509	0.002465	0.053502	0.000239	0.346028	-0.712412	
0.015355	-0.283946	-0.560373	1.000000	0.109628	0.406578	-0.747874	-0.017863	-0.130532	0.263097	0.273809	-0.046647	0.071522	-0.041005	0.001301	-0.192793	0.404074	
0.177921	0.248968	-0.061773	0.109628	1.000000	-0.750740	0.036683	0.127647	-0.130509	0.041993	0.034795	0.116853	-0.090923	-0.027633	0.008222	-0.024530	0.020349	
-0.271579	-0.296616	0.094722	0.406578	-0.750740	1.000000	-0.679168	-0.134620	0.272232	-0.283552	-0.038270	-0.146159	0.127209	0.016179	-0.013173	0.046932	-0.047764	
0.163664	0.139463	-0.065407	-0.747874	0.036683	-0.679168	1.000000	0.050127	-0.253935	0.382376	0.012767	0.070576	-0.075886	0.012641	0.004972	-0.037762	0.052312	
0.348699	-0.231164	0.020185	-0.017863	0.127647	-0.134620	0.050127	1.000000	-0.835220	0.146335	0.013168	0.023274	-0.017201	-0.012126	0.075770	-0.049931	-0.082733	
-0.404023	0.229876	0.454274	-0.130532	-0.130509	0.272232	-0.253935	-0.835220	1.000000	-0.646708	-0.222147	-0.048714	0.028015	0.031465	-0.060846	0.210147	-0.281688	
0.098993	0.008972	-0.856048	0.263097	0.041993	-0.283552	0.382376	0.146335	-0.646708	1.000000	0.377229	0.049320	-0.024359	-0.031866	-0.027331	-0.290910	0.662367	
0.148398	-0.118687	-0.444774	0.273809	0.034795	-0.038270	0.012767	0.013168	-0.222147	0.377229	1.000000	0.220863	0.399382	-0.876971	0.008762	0.000759	-0.041107	
0.128473	0.158060	-0.038509	-0.046647	0.116853	-0.146159	0.070576	0.023274	-0.048714	0.049320	0.220863	1.000000	-0.744605	-0.056696	0.108584	-0.074875	-0.045913	
-0.091546	-0.151095	0.002465	0.071522	-0.090923	0.127209	-0.075886	-0.017201	0.028015	-0.024359	0.399382	-0.744605	1.000000	-0.615430	-0.098647	0.207822	-0.253909	
-0.058197	0.013301	0.053502	-0.041005	-0.027633	0.016179	0.012641	-0.012126	0.031465	-0.031866	-0.876971	-0.056696	-0.615430	1.000000	0.015443	-0.213529	0.433413	
0.170390	-0.122227	0.000239	0.001301	0.008222	-0.013173	0.004972	0.075770	-0.060846	-0.027331	0.008762	0.108584	-0.098647	0.015443	1.000000	-0.860305	0.232962	
-0.204710	0.144562	0.346028	-0.192793	-0.024530	0.046932	-0.037762	-0.049931	0.210147	-0.290910	0.000759	-0.074875	0.207822	-0.213529	-0.860305	1.000000	-0.663854	
-0.009814	-0.008499	-0.712412	0.404074	0.020349	-0.047764	0.052312	-0.082733	-0.281688	0.662367	-0.041107	-0.045913	-0.253909	0.433413	0.232962	-0.663854	1.000000	

Time taken for mcmc chain: 5.075833 hours
