Number of steps: 4948532
Number of accepted steps: 1030000
Burn-in number of steps: 10000
Accepted fraction of steps: 0.208143
Convergence Status
R[0]= 1.000181	R[1]= 1.000752	R[2]= 1.000571	R[3]= 1.000407	R[4]= 1.000190	R[5]= 1.000071	R[6]= 1.000169	R[7]= 1.000632	R[8]= 1.000154	R[9]= 1.000287	R[10]= 1.000306	R[11]= 1.000658	R[12]= 1.000163	R[13]= 1.000183	R[14]= 1.000503	R[15]= 1.000634	R[16]= 1.000548	
<R>= 1.000377

Mean parameters
A[0]= 1.020338 pm 0.032580
A[1]= 0.967058 pm 0.025470
A[2]= 0.671220 pm 0.244976
A[3]= 4.863224 pm 0.904939
A[4]= 1026.525553 pm 3000.223640
A[5]= 1090.159072 pm 981.297715
A[6]= -199.351014 pm 239.057984
A[7]= 7893.977063 pm 6398.617441
A[8]= -1153.818853 pm 2106.737475
A[9]= -661.046742 pm 500.960199
A[10]= 4.292316 pm 1.013186
A[11]= -1073.228870 pm 4741.116584
A[12]= 1102.576380 pm 1427.350054
A[13]= -4.945759 pm 369.664996
A[14]= 1067.260499 pm 9096.779415
A[15]= 254.744082 pm 2746.551328
A[16]= -601.822788 pm 540.709279

Best-fitting parameters
A[0]= 1.013425
A[1]= 0.984560
A[2]= 0.685583
A[3]= 4.592173
A[4]= 581.612200
A[5]= 1077.050000
A[6]= -168.587000
A[7]= 6743.158000
A[8]= -820.043000
A[9]= -678.503400
A[10]= 4.169298
A[11]= 286.835400
A[12]= 686.729800
A[13]= 16.520580
A[14]= -3810.173000
A[15]= 1597.541000
A[16]= -687.989400
chi2_min= 44.531790


Cross-Covariance parameters
1.000000	-0.436838	-0.257820	0.168263	0.113388	-0.179510	0.117880	0.332726	-0.435157	0.216270	0.195623	0.079829	-0.075157	-0.004730	0.204925	-0.275942	0.138955	
-0.436838	1.000000	0.230414	-0.343900	0.231524	-0.289764	0.141039	-0.194930	0.238687	-0.096583	-0.200184	0.169154	-0.148896	-0.003213	-0.131985	0.196338	-0.132429	
-0.257820	0.230414	1.000000	-0.789419	-0.029270	-0.000939	0.026222	0.048299	0.515062	-0.886815	-0.547640	0.031715	0.017282	-0.069032	0.047814	0.355032	-0.769843	
0.168263	-0.343900	-0.789419	1.000000	0.061340	0.344985	-0.600527	-0.016239	-0.300301	0.490816	0.437206	-0.076167	0.027539	0.062114	-0.039507	-0.280850	0.611210	
0.113388	0.231524	-0.029270	0.061340	1.000000	-0.764890	0.077925	0.156405	-0.138212	0.029862	0.007980	0.078612	-0.066550	-0.007839	0.009497	-0.018596	0.017712	
-0.179510	-0.289764	-0.000939	0.344985	-0.764890	1.000000	-0.693714	-0.139365	0.255328	-0.243720	0.005651	-0.110545	0.094151	0.009591	-0.025282	0.022837	0.002826	
0.117880	0.141039	0.026222	-0.600527	0.077925	-0.693714	1.000000	0.025748	-0.232795	0.353689	-0.010994	0.063924	-0.054388	-0.004993	0.024465	-0.013775	-0.017028	
0.332726	-0.194930	0.048299	-0.016239	0.156405	-0.139365	0.025748	1.000000	-0.783182	0.107424	0.010395	0.017170	0.001375	-0.029396	0.091449	-0.052597	-0.071360	
-0.435157	0.238687	0.515062	-0.300301	-0.138212	0.255328	-0.232795	-0.783182	1.000000	-0.691702	-0.310960	-0.013408	0.026862	-0.019368	-0.049163	0.244663	-0.376784	
0.216270	-0.096583	-0.886815	0.490816	0.029862	-0.243720	0.353689	0.107424	-0.691702	1.000000	0.483561	-0.002683	-0.041260	0.066481	-0.052101	-0.312254	0.697013	
0.195623	-0.200184	-0.547640	0.437206	0.007980	0.005651	-0.010994	0.010395	-0.310960	0.483561	1.000000	0.145026	0.390882	-0.762800	0.028460	-0.035983	0.003817	
0.079829	0.169154	0.031715	-0.076167	0.078612	-0.110545	0.063924	0.017170	-0.013408	-0.002683	0.145026	1.000000	-0.745735	-0.023989	0.166242	-0.101583	-0.077421	
-0.075157	-0.148896	0.017282	0.027539	-0.066550	0.094151	-0.054388	0.001375	0.026862	-0.041260	0.390882	-0.745735	1.000000	-0.640414	-0.116254	0.261589	-0.324993	
-0.004730	-0.003213	-0.069032	0.062114	-0.007839	0.009591	-0.004993	-0.029396	-0.019368	0.066481	-0.762800	-0.023989	-0.640414	1.000000	-0.023864	-0.272153	0.587291	
0.204925	-0.131985	0.047814	-0.039507	0.009497	-0.025282	0.024465	0.091449	-0.049163	-0.052101	0.028460	0.166242	-0.116254	-0.023864	1.000000	-0.855238	0.177033	
-0.275942	0.196338	0.355032	-0.280850	-0.018596	0.022837	-0.013775	-0.052597	0.244663	-0.312254	-0.035983	-0.101583	0.261589	-0.272153	-0.855238	1.000000	-0.646535	
0.138955	-0.132429	-0.769843	0.611210	0.017712	0.002826	-0.017028	-0.071360	-0.376784	0.697013	0.003817	-0.077421	-0.324993	0.587291	0.177033	-0.646535	1.000000	

Time taken for mcmc chain: 1.476111 hours
