Number of steps: 4408213
Number of accepted steps: 1390000
Burn-in number of steps: 10000
Accepted fraction of steps: 0.315321
Convergence Status
R[0]= 1.000052	R[1]= 1.000046	R[2]= 1.000791	R[3]= 1.000710	R[4]= 1.000348	R[5]= 1.000415	R[6]= 1.000655	R[7]= 1.000540	R[8]= 1.000799	R[9]= 1.000712	R[10]= 1.000539	R[11]= 1.000149	R[12]= 1.000123	R[13]= 1.000527	R[14]= 1.000254	R[15]= 1.000580	R[16]= 1.000812	
<R>= 1.000474

Mean parameters
A[0]= 1.016469 pm 0.032177
A[1]= 0.993578 pm 0.018428
A[2]= 0.379898 pm 0.183862
A[3]= 5.700069 pm 0.855560
A[4]= 7126.635045 pm 3045.187175
A[5]= -573.291204 pm 937.714369
A[6]= -110.631363 pm 230.875290
A[7]= 73.278626 pm 6982.889219
A[8]= -417.465057 pm 2130.016595
A[9]= -172.056040 pm 447.731814
A[10]= 5.851579 pm 1.101760
A[11]= 4954.117281 pm 4737.251826
A[12]= 649.769281 pm 1392.435365
A[13]= -301.273604 pm 359.277629
A[14]= -10983.947609 pm 6643.316451
A[15]= 2670.971730 pm 2185.848251
A[16]= -404.872973 pm 499.753103

Best-fitting parameters
A[0]= 1.010246
A[1]= 1.006496
A[2]= 0.409909
A[3]= 5.426175
A[4]= 7540.590000
A[5]= -801.283000
A[6]= -64.425620
A[7]= -1818.169000
A[8]= 369.307700
A[9]= -267.263300
A[10]= 5.595784
A[11]= 7215.893000
A[12]= -94.784940
A[13]= -227.868300
A[14]= -18188.070000
A[15]= 4744.459000
A[16]= -561.369700
chi2_min= 54.905520


Cross-Covariance parameters
1.000000	-0.401379	-0.238827	0.125369	0.154115	-0.207596	0.095560	0.330682	-0.412411	0.193213	0.083075	0.087096	-0.146759	0.083632	0.159795	-0.263082	0.148536	
-0.401379	1.000000	0.164411	-0.237697	0.183787	-0.219671	0.088285	-0.213247	0.242414	-0.086145	-0.162015	0.167878	-0.165882	0.029676	-0.112833	0.156267	-0.069796	
-0.238827	0.164411	1.000000	-0.700515	-0.049321	0.090503	-0.081093	0.079897	0.437060	-0.921513	-0.507630	-0.011860	0.085194	-0.113637	0.049075	0.479025	-0.878294	
0.125369	-0.237697	-0.700515	1.000000	0.147160	0.283966	-0.627322	-0.051517	-0.220017	0.476737	0.374472	-0.030213	-0.014924	0.064144	-0.028218	-0.335550	0.610015	
0.154115	0.183787	-0.049321	0.147160	1.000000	-0.766752	0.014655	0.173472	-0.166168	0.045651	-0.006882	0.073780	-0.089126	0.031861	0.004331	-0.035466	0.046089	
-0.207596	-0.219671	0.090503	0.283966	-0.766752	1.000000	-0.644861	-0.167086	0.273752	-0.251200	-0.003687	-0.093159	0.118028	-0.049076	-0.003894	0.061489	-0.086919	
0.095560	0.088285	-0.081093	-0.627322	0.014655	-0.644861	1.000000	0.036753	-0.211484	0.336193	0.021008	0.040795	-0.057460	0.031395	-0.003438	-0.047546	0.079436	
0.330682	-0.213247	0.079897	-0.051517	0.173472	-0.167086	0.036753	1.000000	-0.836932	0.125889	-0.046242	0.006743	-0.014795	0.005191	0.075188	-0.018398	-0.100521	
-0.412411	0.242414	0.437060	-0.220017	-0.166168	0.273752	-0.211484	-0.836932	1.000000	-0.637770	-0.214836	-0.019610	0.065068	-0.065358	-0.040098	0.259901	-0.360845	
0.193213	-0.086145	-0.921513	0.476737	0.045651	-0.251200	0.336193	0.125889	-0.637770	1.000000	0.462919	0.021977	-0.092278	0.111330	-0.051905	-0.439283	0.819055	
0.083075	-0.162015	-0.507630	0.374472	-0.006882	-0.003687	0.021008	-0.046242	-0.214836	0.462919	1.000000	0.202876	0.339935	-0.769798	-0.020852	-0.079880	0.157682	
0.087096	0.167878	-0.011860	-0.030213	0.073780	-0.093159	0.040795	0.006743	-0.019610	0.021977	0.202876	1.000000	-0.749602	-0.048821	0.101980	-0.066833	-0.038388	
-0.146759	-0.165882	0.085194	-0.014924	-0.089126	0.118028	-0.057460	-0.014795	0.065068	-0.092278	0.339935	-0.749602	1.000000	-0.616497	-0.095064	0.244095	-0.269175	
0.083632	0.029676	-0.113637	0.064144	0.031861	-0.049076	0.031395	0.005191	-0.065358	0.111330	-0.769798	-0.048821	-0.616497	1.000000	0.017020	-0.281904	0.454931	
0.159795	-0.112833	0.049075	-0.028218	0.004331	-0.003894	-0.003438	0.075188	-0.040098	-0.051905	-0.020852	0.101980	-0.095064	0.017020	1.000000	-0.792210	0.148990	
-0.263082	0.156267	0.479025	-0.335550	-0.035466	0.061489	-0.047546	-0.018398	0.259901	-0.439283	-0.079880	-0.066833	0.244095	-0.281904	-0.792210	1.000000	-0.701265	
0.148536	-0.069796	-0.878294	0.610015	0.046089	-0.086919	0.079436	-0.100521	-0.360845	0.819055	0.157682	-0.038388	-0.269175	0.454931	0.148990	-0.701265	1.000000	

Time taken for mcmc chain: 1.395278 hours
