Number of steps: 20674068
Number of accepted steps: 2000000
Burn-in number of steps: 10000
Accepted fraction of steps: 0.096740
Convergence Status
R[0]= 1.000243	R[1]= 1.000654	R[2]= 1.001611	R[3]= 1.001204	R[4]= 1.000241	R[5]= 1.000072	R[6]= 1.000752	R[7]= 1.000627	R[8]= 1.000524	R[9]= 1.000572	R[10]= 1.000430	R[11]= 1.000180	R[12]= 1.000093	R[13]= 1.000085	R[14]= 1.000276	R[15]= 1.000093	R[16]= 1.000169	
<R>= 1.000460

Mean parameters
A[0]= 1.080453 pm 0.066448
A[1]= 0.973525 pm 0.040397
A[2]= 0.516424 pm 0.339762
A[3]= 5.867390 pm 1.474396
A[4]= 3471.234962 pm 4935.561441
A[5]= 507.471577 pm 1657.925136
A[6]= -244.042790 pm 415.923734
A[7]= 7144.710193 pm 8560.629882
A[8]= -1005.406089 pm 2990.121986
A[9]= -701.245486 pm 767.590271
A[10]= 5.420668 pm 1.817737
A[11]= 2304.001615 pm 7065.547603
A[12]= 832.092568 pm 2187.601809
A[13]= -132.000747 pm 578.253267
A[14]= 6162.260635 pm 9578.662353
A[15]= -994.898491 pm 3215.848785
A[16]= -512.777333 pm 738.146247

Best-fitting parameters
A[0]= 1.112429
A[1]= 0.947788
A[2]= 0.534059
A[3]= 5.603875
A[4]= 2901.767000
A[5]= 424.653600
A[6]= -169.073900
A[7]= 17484.380000
A[8]= -3528.992000
A[9]= -696.615200
A[10]= 5.741578
A[11]= 2355.576000
A[12]= 1448.448000
A[13]= -344.430100
A[14]= 10148.840000
A[15]= -1419.669000
A[16]= -803.832100
chi2_min= 39.728960


Cross-Covariance parameters
1.000000	-0.378634	-0.338685	0.182789	0.178097	-0.243475	0.131354	0.313729	-0.477093	0.263446	0.116383	0.102069	-0.174966	0.106455	0.171408	-0.342037	0.241041	
-0.378634	1.000000	0.263692	-0.388256	0.270466	-0.345700	0.189024	-0.191115	0.248286	-0.092629	-0.177495	0.189941	-0.160975	-0.015920	-0.100633	0.195696	-0.143913	
-0.338685	0.263692	1.000000	-0.695511	-0.023642	0.022162	-0.010737	0.039260	0.558643	-0.870366	-0.605277	-0.034417	-0.048039	0.110961	0.005139	0.455968	-0.761695	
0.182789	-0.388256	-0.695511	1.000000	0.053983	0.395338	-0.665497	0.032888	-0.306300	0.394404	0.453786	-0.042634	0.105118	-0.092175	-0.000158	-0.318498	0.528598	
0.178097	0.270466	-0.023642	0.053983	1.000000	-0.756720	0.066746	0.147885	-0.125664	0.011663	-0.022147	0.119331	-0.125583	0.021435	0.020402	-0.038544	0.022863	
-0.243475	-0.345700	0.022162	0.395338	-0.756720	1.000000	-0.694339	-0.092333	0.234648	-0.249959	0.033128	-0.146040	0.164362	-0.041254	-0.024607	0.058019	-0.046181	
0.131354	0.189024	-0.010737	-0.665497	0.066746	-0.694339	1.000000	-0.037300	-0.210163	0.377134	-0.016932	0.070499	-0.088649	0.033285	0.007518	-0.039006	0.047805	
0.313729	-0.191115	0.039260	0.032888	0.147885	-0.092333	-0.037300	1.000000	-0.740703	0.065164	-0.046021	0.009635	-0.042566	0.043721	0.081795	-0.053801	-0.057746	
-0.477093	0.248286	0.558643	-0.306300	-0.125664	0.234648	-0.210163	-0.740703	1.000000	-0.703394	-0.325709	-0.042386	0.026595	0.019687	-0.060334	0.330774	-0.436938	
0.263446	-0.092629	-0.870366	0.394404	0.011663	-0.249959	0.377134	0.065164	-0.703394	1.000000	0.543615	0.050846	0.021804	-0.094904	-0.021714	-0.409893	0.716043	
0.116383	-0.177495	-0.605277	0.453786	-0.022147	0.033128	-0.016932	-0.046021	-0.325709	0.543615	1.000000	0.170174	0.413503	-0.814645	0.041504	-0.134329	0.135753	
0.102069	0.189941	-0.034417	-0.042634	0.119331	-0.146040	0.070499	0.009635	-0.042386	0.050846	0.170174	1.000000	-0.736130	-0.032478	0.126093	-0.080841	-0.047999	
-0.174966	-0.160975	-0.048039	0.105118	-0.125583	0.164362	-0.088649	-0.042566	0.026595	0.021804	0.413503	-0.736130	1.000000	-0.643997	-0.081100	0.200966	-0.230706	
0.106455	-0.015920	0.110961	-0.092175	0.021435	-0.041254	0.033285	0.043721	0.019687	-0.094904	-0.814645	-0.032478	-0.643997	1.000000	-0.027577	-0.200000	0.401111	
0.171408	-0.100633	0.005139	-0.000158	0.020402	-0.024607	0.007518	0.081795	-0.060334	-0.021714	0.041504	0.126093	-0.081100	-0.027577	1.000000	-0.789413	0.148764	
-0.342037	0.195696	0.455968	-0.318498	-0.038544	0.058019	-0.039006	-0.053801	0.330774	-0.409893	-0.134329	-0.080841	0.200966	-0.200000	-0.789413	1.000000	-0.700135	
0.241041	-0.143913	-0.761695	0.528598	0.022863	-0.046181	0.047805	-0.057746	-0.436938	0.716043	0.135753	-0.047999	-0.230706	0.401111	0.148764	-0.700135	1.000000	

Time taken for mcmc chain: 6.188333 hours
