Number of steps: 8235898
Number of accepted steps: 2000000
Burn-in number of steps: 10000
Accepted fraction of steps: 0.242839
Convergence Status
R[0]= 1.000800	R[1]= 1.000179	R[2]= 1.007363	R[3]= 1.001883	R[4]= 1.000518	R[5]= 1.000566	R[6]= 1.000519	R[7]= 1.000237	R[8]= 1.000234	R[9]= 1.001989	R[10]= 1.000740	R[11]= 1.000183	R[12]= 1.000021	R[13]= 1.000247	R[14]= 1.000197	R[15]= 1.000246	R[16]= 1.001202	
<R>= 1.001007

Mean parameters
A[0]= 1.065107 pm 0.083614
A[1]= 1.019740 pm 0.039498
A[2]= 0.251825 pm 0.233675
A[3]= 5.271276 pm 1.309973
A[4]= 5601.841358 pm 4965.930037
A[5]= -1124.983780 pm 1497.724107
A[6]= 259.309921 pm 392.311811
A[7]= -869.889969 pm 9533.699286
A[8]= -1114.479131 pm 2791.767143
A[9]= 157.928732 pm 489.652913
A[10]= 4.902037 pm 1.723653
A[11]= 13.185856 pm 7144.895829
A[12]= -17.296794 pm 2099.406535
A[13]= 286.875155 pm 555.685980
A[14]= 3267.196595 pm 10201.526900
A[15]= -2553.276990 pm 3039.642515
A[16]= 335.719138 pm 481.953253

Best-fitting parameters
A[0]= 1.053568
A[1]= 1.023935
A[2]= 0.163371
A[3]= 5.703053
A[4]= 6385.071000
A[5]= -1245.872000
A[6]= 204.090900
A[7]= 1558.875000
A[8]= -2118.440000
A[9]= 359.406600
A[10]= 5.091732
A[11]= -324.539100
A[12]= 46.540490
A[13]= 295.892500
A[14]= 10876.060000
A[15]= -4961.945000
A[16]= 606.803700
chi2_min= 42.089500


Cross-Covariance parameters
1.000000	-0.419432	-0.149226	0.110556	0.227385	-0.193370	-0.043006	0.347058	-0.358438	-0.022433	-0.138726	0.071101	-0.219630	0.200569	0.202020	-0.248736	0.019885	
-0.419432	1.000000	0.126613	-0.289215	0.163610	-0.288607	0.213123	-0.236711	0.228444	0.045551	-0.019068	0.183855	-0.125261	-0.059190	-0.148292	0.169383	-0.009217	
-0.149226	0.126613	1.000000	-0.519315	-0.020154	0.000969	0.030266	0.069721	0.316381	-0.834754	-0.408570	-0.049924	-0.005139	0.073518	0.020360	0.284556	-0.743730	
0.110556	-0.289215	-0.519315	1.000000	0.194700	0.390327	-0.834791	0.024126	-0.128129	0.214622	0.229041	-0.016701	0.046783	-0.044671	0.021293	-0.174583	0.370950	
0.227385	0.163610	-0.020154	0.194700	1.000000	-0.749252	-0.066211	0.160530	-0.145118	-0.015566	-0.040231	0.091725	-0.117108	0.040739	0.026899	-0.036976	0.004699	
-0.193370	-0.288607	0.000969	0.390327	-0.749252	1.000000	-0.601746	-0.117216	0.189265	-0.179231	0.054780	-0.105968	0.137884	-0.051593	-0.001661	0.017025	-0.018818	
-0.043006	0.213123	0.030266	-0.834791	-0.066211	-0.601746	1.000000	-0.034811	-0.090717	0.290480	-0.021879	0.032003	-0.040555	0.015691	-0.038950	0.030978	0.020781	
0.347058	-0.236711	0.069721	0.024126	0.160530	-0.117216	-0.034811	1.000000	-0.891087	0.145962	-0.101494	-0.006606	-0.058377	0.085987	0.082868	-0.059642	-0.093944	
-0.358438	0.228444	0.316381	-0.128129	-0.145118	0.189265	-0.090717	-0.891087	1.000000	-0.555893	-0.064603	-0.014892	0.056795	-0.056143	-0.056617	0.160623	-0.220107	
-0.022433	0.045551	-0.834754	0.214622	-0.015566	-0.179231	0.290480	0.145962	-0.555893	1.000000	0.368335	0.047146	0.010454	-0.074226	-0.068755	-0.206604	0.683024	
-0.138726	-0.019068	-0.408570	0.229041	-0.040231	0.054780	-0.021879	-0.101494	-0.064603	0.368335	1.000000	0.254564	0.390683	-0.904204	-0.025852	0.008839	0.031150	
0.071101	0.183855	-0.049924	-0.016701	0.091725	-0.105968	0.032003	-0.006606	-0.014892	0.047146	0.254564	1.000000	-0.742873	-0.085265	0.107408	-0.095640	-0.010877	
-0.219630	-0.125261	-0.005139	0.046783	-0.117108	0.137884	-0.040555	-0.058377	0.056795	0.010454	0.390683	-0.742873	1.000000	-0.594621	-0.116208	0.190317	-0.194978	
0.200569	-0.059190	0.073518	-0.044671	0.040739	-0.051593	0.015691	0.085987	-0.056143	-0.074226	-0.904204	-0.085265	-0.594621	1.000000	0.039784	-0.160528	0.306768	
0.202020	-0.148292	0.020360	0.021293	0.026899	-0.001661	-0.038950	0.082868	-0.056617	-0.068755	-0.025852	0.107408	-0.116208	0.039784	1.000000	-0.899023	0.267355	
-0.248736	0.169383	0.284556	-0.174583	-0.036976	0.017025	0.030978	-0.059642	0.160623	-0.206604	0.008839	-0.095640	0.190317	-0.160528	-0.899023	1.000000	-0.626190	
0.019885	-0.009217	-0.743730	0.370950	0.004699	-0.018818	0.020781	-0.093944	-0.220107	0.683024	0.031150	-0.010877	-0.194978	0.306768	0.267355	-0.626190	1.000000	

Time taken for mcmc chain: 2.763889 hours
