Number of steps: 6114101
Number of accepted steps: 1660000
Burn-in number of steps: 10000
Accepted fraction of steps: 0.271504
Convergence Status
R[0]= 1.000359	R[1]= 1.000105	R[2]= 1.000378	R[3]= 1.000355	R[4]= 1.000210	R[5]= 1.000086	R[6]= 1.000121	R[7]= 1.000100	R[8]= 1.000128	R[9]= 1.000343	R[10]= 1.000598	R[11]= 1.000355	R[12]= 1.000224	R[13]= 1.000923	R[14]= 1.000169	R[15]= 1.000431	R[16]= 1.000503	
<R>= 1.000317

Mean parameters
A[0]= 1.004093 pm 0.042126
A[1]= 1.039872 pm 0.024530
A[2]= 0.447563 pm 0.235358
A[3]= 4.129498 pm 0.763397
A[4]= 7239.724923 pm 3123.752366
A[5]= -1957.976661 pm 909.227086
A[6]= 379.225765 pm 225.961311
A[7]= 2318.452254 pm 7006.811853
A[8]= -1078.048169 pm 2131.094415
A[9]= 12.408420 pm 435.028829
A[10]= 4.849315 pm 1.102149
A[11]= 5700.713805 pm 4856.880587
A[12]= -608.253790 pm 1379.345228
A[13]= 15.762881 pm 352.152375
A[14]= -2683.401727 pm 9081.351936
A[15]= 615.933682 pm 2747.762461
A[16]= -230.412144 pm 528.683977

Best-fitting parameters
A[0]= 0.996351
A[1]= 1.026388
A[2]= 0.446504
A[3]= 4.060841
A[4]= 5269.267000
A[5]= -1490.064000
A[6]= 380.389100
A[7]= 1888.143000
A[8]= -876.477600
A[9]= -22.880630
A[10]= 5.091993
A[11]= 3392.548000
A[12]= 397.876000
A[13]= -138.028600
A[14]= -5865.260000
A[15]= 1755.265000
A[16]= -391.424400
chi2_min= 45.470640


Cross-Covariance parameters
1.000000	-0.430746	-0.255874	0.118785	0.147099	-0.238827	0.134462	0.344732	-0.430286	0.207156	0.133607	0.129947	-0.174513	0.059336	0.247436	-0.329519	0.168097	
-0.430746	1.000000	0.165301	-0.156044	0.206208	-0.168829	-0.027921	-0.251158	0.285258	-0.113261	-0.254809	0.134016	-0.206704	0.135500	-0.186821	0.199161	-0.046771	
-0.255874	0.165301	1.000000	-0.686895	-0.066498	0.155167	-0.147756	0.079162	0.417439	-0.911610	-0.589528	-0.056383	0.098827	-0.068449	0.071778	0.367386	-0.856869	
0.118785	-0.156044	-0.686895	1.000000	0.222897	0.179992	-0.584882	-0.087834	-0.163745	0.446650	0.423672	0.019468	-0.035949	0.027604	-0.055794	-0.243772	0.586858	
0.147099	0.206208	-0.066498	0.222897	1.000000	-0.770511	-0.058467	0.143872	-0.136426	0.034315	-0.014177	0.089859	-0.126499	0.062398	-0.001867	-0.039143	0.071352	
-0.238827	-0.168829	0.155167	0.179992	-0.770511	1.000000	-0.582212	-0.181219	0.309146	-0.296603	-0.031984	-0.102291	0.152129	-0.081896	-0.009487	0.090832	-0.150395	
0.134462	-0.027921	-0.147756	-0.584882	-0.058467	-0.582212	1.000000	0.083676	-0.289182	0.413094	0.074391	0.026594	-0.049002	0.034143	0.008346	-0.077468	0.133200	
0.344732	-0.251158	0.079162	-0.087834	0.143872	-0.181219	0.083676	1.000000	-0.846803	0.139573	-0.033041	0.016817	-0.016739	-0.006633	0.125189	-0.072014	-0.095867	
-0.430286	0.285258	0.417439	-0.163745	-0.136426	0.309146	-0.289182	-0.846803	1.000000	-0.633889	-0.254627	-0.046924	0.072035	-0.035077	-0.073826	0.243969	-0.338922	
0.207156	-0.113261	-0.911610	0.446650	0.034315	-0.296603	0.413094	0.139573	-0.633889	1.000000	0.532123	0.054933	-0.101234	0.075617	-0.075780	-0.331338	0.794800	
0.133607	-0.254809	-0.589528	0.423672	-0.014177	-0.031984	0.074391	-0.033041	-0.254627	0.532123	1.000000	0.247150	0.259517	-0.732315	-0.070458	-0.060150	0.234051	
0.129947	0.134016	-0.056383	0.019468	0.089859	-0.102291	0.026594	0.016817	-0.046924	0.054933	0.247150	1.000000	-0.760710	-0.082871	0.116426	-0.098871	-0.006494	
-0.174513	-0.206704	0.098827	-0.035949	-0.126499	0.152129	-0.049002	-0.016739	0.072035	-0.101234	0.259517	-0.760710	1.000000	-0.574943	-0.144204	0.266364	-0.279626	
0.059336	0.135500	-0.068449	0.027604	0.062398	-0.081896	0.034143	-0.006633	-0.035077	0.075617	-0.732315	-0.082871	-0.574943	1.000000	0.066709	-0.271212	0.432499	
0.247436	-0.186821	0.071778	-0.055794	-0.001867	-0.009487	0.008346	0.125189	-0.073826	-0.075780	-0.070458	0.116426	-0.144204	0.066709	1.000000	-0.860959	0.182600	
-0.329519	0.199161	0.367386	-0.243772	-0.039143	0.090832	-0.077468	-0.072014	0.243969	-0.331338	-0.060150	-0.098871	0.266364	-0.271212	-0.860959	1.000000	-0.641170	
0.168097	-0.046771	-0.856869	0.586858	0.071352	-0.150395	0.133200	-0.095867	-0.338922	0.794800	0.234051	-0.006494	-0.279626	0.432499	0.182600	-0.641170	1.000000	

Time taken for mcmc chain: 1.967778 hours
