Number of steps: 7858579
Number of accepted steps: 2000000
Burn-in number of steps: 10000
Accepted fraction of steps: 0.254499
Convergence Status
R[0]= 1.000092	R[1]= 1.000216	R[2]= 1.002198	R[3]= 1.001549	R[4]= 1.000099	R[5]= 1.000154	R[6]= 1.000573	R[7]= 1.000554	R[8]= 1.000322	R[9]= 1.000917	R[10]= 1.000765	R[11]= 1.000264	R[12]= 1.000188	R[13]= 1.000180	R[14]= 1.000093	R[15]= 1.000142	R[16]= 1.000595	
<R>= 1.000524

Mean parameters
A[0]= 1.047568 pm 0.041248
A[1]= 0.943724 pm 0.022045
A[2]= 0.440246 pm 0.238304
A[3]= 4.639956 pm 0.879360
A[4]= 520.279497 pm 2966.855281
A[5]= 178.263787 pm 967.555600
A[6]= 208.799865 pm 240.732347
A[7]= 6463.564814 pm 6560.002650
A[8]= -2496.108634 pm 2060.981083
A[9]= -45.000558 pm 452.658472
A[10]= 5.053186 pm 1.221513
A[11]= -4613.454496 pm 4622.741434
A[12]= 2112.218929 pm 1438.286066
A[13]= -35.662593 pm 371.605578
A[14]= -8455.940355 pm 7698.278997
A[15]= 1231.297378 pm 2393.379035
A[16]= -354.609656 pm 507.423679

Best-fitting parameters
A[0]= 1.057731
A[1]= 0.943171
A[2]= 0.407882
A[3]= 4.916673
A[4]= 352.459100
A[5]= 468.326600
A[6]= 110.186300
A[7]= 8307.445000
A[8]= -2910.712000
A[9]= -51.193120
A[10]= 5.257509
A[11]= -6408.406000
A[12]= 2899.440000
A[13]= -162.444400
A[14]= -9602.561000
A[15]= 1733.317000
A[16]= -421.474200
chi2_min= 56.482790


Cross-Covariance parameters
1.000000	-0.411431	-0.245741	0.091004	0.139993	-0.224136	0.150046	0.313626	-0.415717	0.217584	0.179600	0.117256	-0.089006	-0.029313	0.198913	-0.283798	0.130976	
-0.411431	1.000000	0.197342	-0.263905	0.146648	-0.186596	0.085185	-0.170554	0.220827	-0.099023	-0.221719	0.135373	-0.176729	0.087563	-0.114822	0.161762	-0.072029	
-0.245741	0.197342	1.000000	-0.690634	-0.021560	0.031818	-0.038225	0.055870	0.472239	-0.902715	-0.598123	0.004934	-0.047258	0.061566	0.044279	0.415928	-0.819310	
0.091004	-0.263905	-0.690634	1.000000	0.086455	0.377208	-0.665335	-0.011429	-0.239713	0.420370	0.429875	-0.049254	0.081936	-0.054449	-0.039105	-0.276361	0.563958	
0.139993	0.146648	-0.021560	0.086455	1.000000	-0.753616	0.065861	0.197000	-0.171974	0.025461	-0.007778	0.063056	-0.065006	0.013266	0.025077	-0.034520	0.018922	
-0.224136	-0.186596	0.031818	0.377208	-0.753616	1.000000	-0.697909	-0.161285	0.262153	-0.240060	0.007825	-0.089358	0.096899	-0.025417	-0.037250	0.057983	-0.036171	
0.150046	0.085185	-0.038225	-0.665335	0.065861	-0.697909	1.000000	0.009469	-0.198985	0.349749	0.008435	0.050746	-0.059388	0.020928	0.021668	-0.049023	0.045800	
0.313626	-0.170554	0.055870	-0.011429	0.197000	-0.161285	0.009469	1.000000	-0.819782	0.128762	-0.008565	0.032602	-0.017434	-0.018610	0.078842	-0.036127	-0.084121	
-0.415717	0.220827	0.472239	-0.239713	-0.171974	0.262153	-0.198985	-0.819782	1.000000	-0.662226	-0.300345	-0.034617	0.005088	0.038152	-0.045718	0.255313	-0.365493	
0.217584	-0.099023	-0.902715	0.420370	0.025461	-0.240060	0.349749	0.128762	-0.662226	1.000000	0.532879	0.011746	0.017717	-0.038705	-0.047233	-0.381412	0.762773	
0.179600	-0.221719	-0.598123	0.429875	-0.007778	0.007825	0.008435	-0.008565	-0.300345	0.532879	1.000000	0.125954	0.437612	-0.805174	0.036689	-0.140241	0.168294	
0.117256	0.135373	0.004934	-0.049254	0.063056	-0.089358	0.050746	0.032602	-0.034617	0.011746	0.125954	1.000000	-0.743991	0.011637	0.145773	-0.108897	-0.035093	
-0.089006	-0.176729	-0.047258	0.081936	-0.065006	0.096899	-0.059388	-0.017434	0.005088	0.017717	0.437612	-0.743991	1.000000	-0.669106	-0.083371	0.193835	-0.231169	
-0.029313	0.087563	0.061566	-0.054449	0.013266	-0.025417	0.020928	-0.018610	0.038152	-0.038705	-0.805174	0.011637	-0.669106	1.000000	-0.045602	-0.162701	0.393710	
0.198913	-0.114822	0.044279	-0.039105	0.025077	-0.037250	0.021668	0.078842	-0.045718	-0.047233	0.036689	0.145773	-0.083371	-0.045602	1.000000	-0.827489	0.144105	
-0.283798	0.161762	0.415928	-0.276361	-0.034520	0.057983	-0.049023	-0.036127	0.255313	-0.381412	-0.140241	-0.108897	0.193835	-0.162701	-0.827489	1.000000	-0.655246	
0.130976	-0.072029	-0.819310	0.563958	0.018922	-0.036171	0.045800	-0.084121	-0.365493	0.762773	0.168294	-0.035093	-0.231169	0.393710	0.144105	-0.655246	1.000000	

Time taken for mcmc chain: 2.549722 hours
