Number of steps: 11478147
Number of accepted steps: 2000000
Burn-in number of steps: 10000
Accepted fraction of steps: 0.174244
Convergence Status
R[0]= 1.000390	R[1]= 1.001466	R[2]= 1.003681	R[3]= 1.001624	R[4]= 1.000736	R[5]= 1.001403	R[6]= 1.000934	R[7]= 1.000723	R[8]= 1.001594	R[9]= 1.002104	R[10]= 1.000443	R[11]= 1.000661	R[12]= 1.000186	R[13]= 1.000515	R[14]= 1.000113	R[15]= 1.000151	R[16]= 1.000690	
<R>= 1.001024

Mean parameters
A[0]= 1.046532 pm 0.127709
A[1]= 0.994094 pm 0.052054
A[2]= 0.314525 pm 0.273482
A[3]= 4.496730 pm 1.358783
A[4]= -1325.740961 pm 5077.775646
A[5]= 131.106230 pm 1774.633597
A[6]= 412.711643 pm 434.505016
A[7]= 7653.987094 pm 8656.948575
A[8]= -3879.054663 pm 2804.080602
A[9]= 383.229601 pm 518.588925
A[10]= 4.297312 pm 1.822846
A[11]= -8722.328205 pm 6451.477525
A[12]= 1874.342136 pm 2003.262646
A[13]= 373.431987 pm 596.992427
A[14]= -2607.477341 pm 10410.508322
A[15]= -1183.993280 pm 3068.168297
A[16]= 238.555158 pm 511.107377

Best-fitting parameters
A[0]= 1.099498
A[1]= 0.984411
A[2]= 0.316024
A[3]= 3.792442
A[4]= -607.001600
A[5]= -725.858600
A[6]= 655.045400
A[7]= 18129.660000
A[8]= -6866.512000
A[9]= 541.568500
A[10]= 4.681704
A[11]= -8360.238000
A[12]= 2075.318000
A[13]= 210.331300
A[14]= 437.551100
A[15]= -1608.001000
A[16]= 56.415830
chi2_min= 72.011580


Cross-Covariance parameters
1.000000	-0.381599	-0.233827	-0.195520	0.257927	-0.448262	0.351889	0.429724	-0.482733	0.100061	0.331563	0.236364	-0.005571	-0.295953	0.229003	-0.212213	-0.190532	
-0.381599	1.000000	0.151098	-0.178569	0.210558	-0.189887	0.043225	-0.247405	0.242912	0.021141	-0.151958	0.125102	-0.161591	0.064818	-0.147885	0.150496	0.060437	
-0.233827	0.151098	1.000000	-0.439028	-0.073419	0.118675	-0.092699	-0.048754	0.461611	-0.846917	-0.451782	-0.073933	-0.047561	0.147211	0.004352	0.270911	-0.611434	
-0.195520	-0.178569	-0.439028	1.000000	0.053262	0.489417	-0.818700	-0.077456	-0.003558	0.154638	0.128398	-0.100963	0.072153	0.033894	-0.057155	-0.090230	0.377704	
0.257927	0.210558	-0.073419	0.053262	1.000000	-0.760605	0.106661	0.188463	-0.193891	0.048495	0.093145	0.134504	-0.049021	-0.105529	0.040456	-0.037948	-0.037418	
-0.448262	-0.189887	0.118675	0.489417	-0.760605	1.000000	-0.718258	-0.243001	0.359412	-0.273799	-0.156897	-0.199071	0.066228	0.163330	-0.079762	0.076097	0.073407	
0.351889	0.043225	-0.092699	-0.818700	0.106661	-0.718258	1.000000	0.147735	-0.320741	0.371978	0.119349	0.134604	-0.042253	-0.113152	0.069037	-0.069418	-0.056426	
0.429724	-0.247405	-0.048754	-0.077456	0.188463	-0.243001	0.147735	1.000000	-0.866554	0.196462	0.133822	0.074949	0.029170	-0.138501	0.102922	-0.068944	-0.146706	
-0.482733	0.242912	0.461611	-0.003558	-0.193891	0.359412	-0.320741	-0.866554	1.000000	-0.632320	-0.308607	-0.107903	-0.034315	0.182805	-0.089607	0.179974	-0.136105	
0.100061	0.021141	-0.846917	0.154638	0.048495	-0.273799	0.371978	0.196462	-0.632320	1.000000	0.360171	0.064004	0.016775	-0.095606	-0.034196	-0.219233	0.577105	
0.331563	-0.151958	-0.451782	0.128398	0.093145	-0.156897	0.119349	0.133822	-0.308607	0.360171	1.000000	0.258242	0.473578	-0.916002	0.082636	-0.056833	-0.128471	
0.236364	0.125102	-0.073933	-0.100963	0.134504	-0.199071	0.134604	0.074949	-0.107903	0.064004	0.258242	1.000000	-0.672156	-0.126714	0.147155	-0.121322	-0.070561	
-0.005571	-0.161591	-0.047561	0.072153	-0.049021	0.066228	-0.042253	0.029170	-0.034315	0.016775	0.473578	-0.672156	1.000000	-0.639220	-0.067555	0.167170	-0.262272	
-0.295953	0.064818	0.147211	0.033894	-0.105529	0.163330	-0.113152	-0.138501	0.182805	-0.095606	-0.916002	-0.126714	-0.639220	1.000000	-0.072727	-0.085087	0.434499	
0.229003	-0.147885	0.004352	-0.057155	0.040456	-0.079762	0.069037	0.102922	-0.089607	-0.034196	0.082636	0.147155	-0.067555	-0.072727	1.000000	-0.895504	0.198777	
-0.212213	0.150496	0.270911	-0.090230	-0.037948	0.076097	-0.069418	-0.068944	0.179974	-0.219233	-0.056833	-0.121322	0.167170	-0.085087	-0.895504	1.000000	-0.570678	
-0.190532	0.060437	-0.611434	0.377704	-0.037418	0.073407	-0.056426	-0.146706	-0.136105	0.577105	-0.128471	-0.070561	-0.262272	0.434499	0.198777	-0.570678	1.000000	

Time taken for mcmc chain: 3.755556 hours
