Number of steps: 13823769
Number of accepted steps: 2000000
Burn-in number of steps: 10000
Accepted fraction of steps: 0.144678
Convergence Status
R[0]= 1.000584	R[1]= 1.000538	R[2]= 1.003234	R[3]= 1.002040	R[4]= 1.000369	R[5]= 1.000711	R[6]= 1.001137	R[7]= 1.000290	R[8]= 1.000543	R[9]= 1.000683	R[10]= 1.001436	R[11]= 1.000103	R[12]= 1.000938	R[13]= 1.002352	R[14]= 1.001140	R[15]= 1.000519	R[16]= 1.003125	
<R>= 1.001161

Mean parameters
A[0]= 1.131839 pm 0.110124
A[1]= 0.923465 pm 0.072056
A[2]= 0.456443 pm 0.347223
A[3]= 4.528910 pm 1.491782
A[4]= 3837.739967 pm 5244.098851
A[5]= -871.907695 pm 1763.547320
A[6]= 429.098020 pm 417.679890
A[7]= 7136.880778 pm 8696.013187
A[8]= -1751.163563 pm 2808.093419
A[9]= -300.452201 pm 571.789442
A[10]= 5.495250 pm 1.961320
A[11]= 4709.879926 pm 7165.985772
A[12]= -613.131566 pm 2500.108731
A[13]= 118.966760 pm 610.793419
A[14]= 3222.086177 pm 10325.687561
A[15]= -994.605496 pm 3447.078495
A[16]= -490.880342 pm 797.964532

Best-fitting parameters
A[0]= 1.226700
A[1]= 0.903987
A[2]= 0.270605
A[3]= 5.505725
A[4]= 5429.465000
A[5]= -836.065800
A[6]= 235.757500
A[7]= 14638.900000
A[8]= -4434.324000
A[9]= -107.635200
A[10]= 6.559119
A[11]= 6219.054000
A[12]= -688.716900
A[13]= -46.369610
A[14]= 15470.520000
A[15]= -5351.427000
A[16]= -161.659100
chi2_min= 54.871290


Cross-Covariance parameters
1.000000	-0.365341	-0.321589	0.195444	0.151259	-0.153883	0.025381	0.374218	-0.482658	0.172047	0.041191	0.082474	-0.200965	0.189447	0.244655	-0.410546	0.215109	
-0.365341	1.000000	0.238660	-0.358848	0.398533	-0.421033	0.144684	-0.217972	0.248932	-0.036168	-0.363291	0.337467	-0.359668	0.129660	-0.172467	0.197327	-0.011778	
-0.321589	0.238660	1.000000	-0.633438	0.006382	-0.093416	0.136201	-0.054203	0.485387	-0.796245	-0.489958	0.068169	-0.034438	-0.030962	-0.003364	0.494284	-0.798304	
0.195444	-0.358848	-0.633438	1.000000	-0.021694	0.522239	-0.807953	0.148927	-0.271318	0.204363	0.394707	-0.134356	0.137835	-0.044681	0.022723	-0.313562	0.469412	
0.151259	0.398533	0.006382	-0.021694	1.000000	-0.783845	0.087162	0.132378	-0.120041	0.010141	-0.176636	0.211286	-0.261223	0.130448	-0.000491	-0.040002	0.065903	
-0.153883	-0.421033	-0.093416	0.522239	-0.783845	1.000000	-0.677390	-0.041910	0.132589	-0.207459	0.230335	-0.223359	0.283144	-0.150146	-0.003967	0.008292	-0.004773	
0.025381	0.144684	0.136201	-0.807953	0.087162	-0.677390	1.000000	-0.101174	-0.062866	0.332204	-0.127177	0.071950	-0.098469	0.061774	0.003530	0.042370	-0.076035	
0.374218	-0.217972	-0.054203	0.148927	0.132378	-0.041910	-0.101174	1.000000	-0.842817	0.136707	0.015587	0.005226	-0.036019	0.041735	0.120195	-0.132291	-0.000705	
-0.482658	0.248932	0.485387	-0.271318	-0.120041	0.132589	-0.062866	-0.842817	1.000000	-0.621819	-0.214512	0.005431	0.044805	-0.068642	-0.102520	0.341604	-0.370095	
0.172047	-0.036168	-0.796245	0.204363	0.010141	-0.207459	0.332204	0.136707	-0.621819	1.000000	0.369847	-0.014874	-0.014957	0.042243	-0.036013	-0.380650	0.684121	
0.041191	-0.363291	-0.489958	0.394707	-0.176636	0.230335	-0.127177	0.015587	-0.214512	0.369847	1.000000	-0.053773	0.566779	-0.810374	0.106827	-0.139365	0.027251	
0.082474	0.337467	0.068169	-0.134356	0.211286	-0.223359	0.071950	0.005226	0.005431	-0.014874	-0.053773	1.000000	-0.763647	0.114228	0.104780	-0.072549	-0.027443	
-0.200965	-0.359668	-0.034438	0.137835	-0.261223	0.283144	-0.098469	-0.036019	0.044805	-0.014957	0.566779	-0.763647	1.000000	-0.719418	-0.025189	0.181918	-0.285629	
0.189447	0.129660	-0.030962	-0.044681	0.130448	-0.150146	0.061774	0.041735	-0.068642	0.042243	-0.810374	0.114228	-0.719418	1.000000	-0.077643	-0.202291	0.483020	
0.244655	-0.172467	-0.003364	0.022723	-0.000491	-0.003967	0.003530	0.120195	-0.102520	-0.036013	0.106827	0.104780	-0.025189	-0.077643	1.000000	-0.788659	0.100580	
-0.410546	0.197327	0.494284	-0.313562	-0.040002	0.008292	0.042370	-0.132291	0.341604	-0.380650	-0.139365	-0.072549	0.181918	-0.202291	-0.788659	1.000000	-0.661361	
0.215109	-0.011778	-0.798304	0.469412	0.065903	-0.004773	-0.076035	-0.000705	-0.370095	0.684121	0.027251	-0.027443	-0.285629	0.483020	0.100580	-0.661361	1.000000	

Time taken for mcmc chain: 4.409722 hours
