Number of steps: 7403515
Number of accepted steps: 1180000
Burn-in number of steps: 10000
Accepted fraction of steps: 0.159384
Convergence Status
R[0]= 1.000644	R[1]= 1.000189	R[2]= 1.000957	R[3]= 1.000475	R[4]= 1.000422	R[5]= 1.000306	R[6]= 1.000309	R[7]= 1.000386	R[8]= 1.000498	R[9]= 1.000987	R[10]= 1.000180	R[11]= 1.000373	R[12]= 1.000451	R[13]= 1.000316	R[14]= 1.000491	R[15]= 1.000702	R[16]= 1.000640	
<R>= 1.000490

Mean parameters
A[0]= 0.946454 pm 0.114361
A[1]= 1.010212 pm 0.050055
A[2]= 0.269726 pm 0.244905
A[3]= 3.434915 pm 1.284254
A[4]= 3119.760052 pm 4730.064878
A[5]= -2212.326666 pm 1594.056103
A[6]= 959.143368 pm 405.658003
A[7]= 2970.381525 pm 9304.136884
A[8]= -3286.429149 pm 2722.932253
A[9]= 700.789678 pm 374.441932
A[10]= 6.154223 pm 1.935300
A[11]= -4198.922339 pm 7114.318490
A[12]= 1980.374556 pm 2387.787371
A[13]= -113.543044 pm 610.047049
A[14]= -2076.756251 pm 10531.354827
A[15]= 531.863442 pm 3340.009344
A[16]= -16.192819 pm 638.806772

Best-fitting parameters
A[0]= 0.992430
A[1]= 0.995342
A[2]= 0.101849
A[3]= 3.860673
A[4]= 5425.420000
A[5]= -2769.056000
A[6]= 952.761000
A[7]= 8506.107000
A[8]= -5119.471000
A[9]= 905.582100
A[10]= 6.472122
A[11]= -2120.269000
A[12]= 942.993200
A[13]= 40.336050
A[14]= -535.416900
A[15]= -1055.347000
A[16]= 338.638700
chi2_min= 59.381990


Cross-Covariance parameters
1.000000	-0.398777	-0.130598	-0.113695	0.219157	-0.292943	0.145985	0.330089	-0.314149	-0.087057	0.005238	0.240675	-0.238395	0.032817	0.278495	-0.248564	-0.140192	
-0.398777	1.000000	0.125254	-0.100070	0.138384	-0.125391	0.025410	-0.197570	0.190396	0.046582	-0.213467	0.152728	-0.204821	0.122119	-0.194625	0.163573	0.098198	
-0.130598	0.125254	1.000000	-0.394513	-0.069513	0.050637	0.007517	-0.009353	0.285387	-0.752768	-0.422463	-0.048746	0.073857	-0.043165	-0.016649	0.429558	-0.810081	
-0.113695	-0.100070	-0.394513	1.000000	0.102716	0.514410	-0.888351	-0.103200	0.074064	0.083328	0.201493	-0.050801	0.046915	-0.006784	-0.023161	-0.148927	0.349935	
0.219157	0.138384	-0.069513	0.102716	1.000000	-0.743433	0.063756	0.160255	-0.167100	0.051365	-0.018305	0.132010	-0.135772	0.032992	0.033572	-0.056461	0.025311	
-0.292943	-0.125391	0.050637	0.514410	-0.743433	1.000000	-0.706786	-0.214868	0.291714	-0.230951	0.039987	-0.150481	0.161627	-0.048244	-0.053229	0.065134	0.001214	
0.145985	0.025410	0.007517	-0.888351	0.063756	-0.706786	1.000000	0.134222	-0.242233	0.297357	-0.036201	0.056839	-0.069928	0.032270	0.030728	-0.024078	-0.024840	
0.330089	-0.197570	-0.009353	-0.103200	0.160255	-0.214868	0.134222	1.000000	-0.929017	0.315135	0.009971	0.077501	-0.063460	-0.005453	0.098435	-0.071115	-0.083317	
-0.314149	0.190396	0.285387	0.074064	-0.167100	0.291714	-0.242233	-0.929017	1.000000	-0.617270	-0.117667	-0.083296	0.086296	-0.020981	-0.088137	0.185464	-0.165704	
-0.087057	0.046582	-0.752768	0.083328	0.051365	-0.230951	0.297357	0.315135	-0.617270	1.000000	0.296993	0.017656	-0.061282	0.071463	-0.043161	-0.302054	0.692493	
0.005238	-0.213467	-0.422463	0.201493	-0.018305	0.039987	-0.036201	0.009971	-0.117667	0.296993	1.000000	0.101691	0.492099	-0.853921	-0.034105	-0.023277	0.119218	
0.240675	0.152728	-0.048746	-0.050801	0.132010	-0.150481	0.056839	0.077501	-0.083296	0.017656	0.101691	1.000000	-0.740146	0.045973	0.135884	-0.126262	0.001077	
-0.238395	-0.204821	0.073857	0.046915	-0.135772	0.161627	-0.069928	-0.063460	0.086296	-0.061282	0.492099	-0.740146	1.000000	-0.696916	-0.148620	0.259284	-0.223744	
0.032817	0.122119	-0.043165	-0.006784	0.032992	-0.048244	0.032270	-0.005453	-0.020981	0.071463	-0.853921	0.045973	-0.696916	1.000000	0.065973	-0.237530	0.336338	
0.278495	-0.194625	-0.016649	-0.023161	0.033572	-0.053229	0.030728	0.098435	-0.088137	-0.043161	-0.034105	0.135884	-0.148620	0.065973	1.000000	-0.853376	0.188332	
-0.248564	0.163573	0.429558	-0.148927	-0.056461	0.065134	-0.024078	-0.071115	0.185464	-0.302054	-0.023277	-0.126262	0.259284	-0.237530	-0.853376	1.000000	-0.639273	
-0.140192	0.098198	-0.810081	0.349935	0.025311	0.001214	-0.024840	-0.083317	-0.165704	0.692493	0.119218	0.001077	-0.223744	0.336338	0.188332	-0.639273	1.000000	

Time taken for mcmc chain: 2.389444 hours
