Number of steps: 4968954
Number of accepted steps: 1210000
Burn-in number of steps: 10000
Accepted fraction of steps: 0.243512
Convergence Status
R[0]= 1.000609	R[1]= 1.000873	R[2]= 1.000896	R[3]= 1.000686	R[4]= 1.000788	R[5]= 1.000284	R[6]= 1.000503	R[7]= 1.000247	R[8]= 1.000521	R[9]= 1.000858	R[10]= 1.000392	R[11]= 1.000244	R[12]= 1.000344	R[13]= 1.000256	R[14]= 1.000124	R[15]= 1.000215	R[16]= 1.000588	
<R>= 1.000496

Mean parameters
A[0]= 1.011241 pm 0.048174
A[1]= 1.050206 pm 0.032853
A[2]= 0.415774 pm 0.229523
A[3]= 4.496883 pm 0.767302
A[4]= 5762.470779 pm 3282.086578
A[5]= -1103.485912 pm 956.558040
A[6]= 180.554287 pm 225.995347
A[7]= 12501.816404 pm 5307.158162
A[8]= -4353.964563 pm 1827.962532
A[9]= 235.401268 pm 456.184010
A[10]= 3.996105 pm 1.129341
A[11]= -1386.917534 pm 4981.517018
A[12]= 461.263415 pm 1371.780100
A[13]= 280.198094 pm 353.633050
A[14]= 8774.969427 pm 7624.279687
A[15]= -3662.793856 pm 2303.659079
A[16]= 298.987155 pm 416.380338

Best-fitting parameters
A[0]= 1.033942
A[1]= 1.037809
A[2]= 0.340395
A[3]= 4.791725
A[4]= 5310.546000
A[5]= -836.269500
A[6]= 121.907700
A[7]= 15352.060000
A[8]= -5403.578000
A[9]= 351.618800
A[10]= 4.659573
A[11]= 1892.002000
A[12]= 112.254100
A[13]= 113.433100
A[14]= 14756.010000
A[15]= -5401.911000
A[16]= 372.220400
chi2_min= 59.693320


Cross-Covariance parameters
1.000000	-0.448482	-0.301432	0.130143	0.121417	-0.247885	0.190711	0.350477	-0.454953	0.202278	0.228445	0.136878	-0.091573	-0.080127	0.196433	-0.266465	0.113795	
-0.448482	1.000000	0.241656	-0.253690	0.306706	-0.268828	-0.015955	-0.264920	0.321044	-0.133776	-0.341151	0.130809	-0.277185	0.236609	-0.146998	0.160336	-0.022226	
-0.301432	0.241656	1.000000	-0.684653	-0.044425	0.179388	-0.230278	0.034776	0.581015	-0.933676	-0.587979	-0.089233	0.015206	0.103309	0.041865	0.332889	-0.783832	
0.130143	-0.253690	-0.684653	1.000000	0.178134	0.163726	-0.518493	-0.054772	-0.272981	0.484354	0.421196	0.023769	0.041006	-0.091625	-0.032174	-0.217981	0.529458	
0.121417	0.306706	-0.044425	0.178134	1.000000	-0.792242	-0.042038	0.080926	-0.071853	0.015254	-0.050681	0.114102	-0.160409	0.074344	-0.011339	-0.023928	0.064668	
-0.247885	-0.268828	0.179388	0.163726	-0.792242	1.000000	-0.566540	-0.122617	0.282964	-0.284330	-0.031311	-0.141288	0.181023	-0.063973	0.003397	0.085160	-0.170961	
0.190711	-0.015955	-0.230278	-0.518493	-0.042038	-0.566540	1.000000	0.079624	-0.353525	0.445846	0.130604	0.054518	-0.048275	-0.009163	0.002692	-0.096965	0.187757	
0.350477	-0.264920	0.034776	-0.054772	0.080926	-0.122617	0.079624	1.000000	-0.756145	0.088703	0.029513	0.008502	0.017720	-0.048426	0.097515	-0.056698	-0.095507	
-0.454953	0.321044	0.581015	-0.272981	-0.071853	0.282964	-0.353525	-0.756145	1.000000	-0.704111	-0.375133	-0.066540	0.007739	0.090123	-0.046413	0.248680	-0.414534	
0.202278	-0.133776	-0.933676	0.484354	0.015254	-0.284330	0.445846	0.088703	-0.704111	1.000000	0.535645	0.084971	-0.028864	-0.075080	-0.065716	-0.298517	0.762983	
0.228445	-0.341151	-0.587979	0.421196	-0.050681	-0.031311	0.130604	0.029513	-0.375133	0.535645	1.000000	0.288130	0.285648	-0.832391	-0.032583	-0.043985	0.137225	
0.136878	0.130809	-0.089233	0.023769	0.114102	-0.141288	0.054518	0.008502	-0.066540	0.084971	0.288130	1.000000	-0.762340	-0.124055	0.096926	-0.087243	-0.007078	
-0.091573	-0.277185	0.015206	0.041006	-0.160409	0.181023	-0.048275	0.017720	0.007739	-0.028864	0.285648	-0.762340	1.000000	-0.538564	-0.115500	0.215412	-0.235140	
-0.080127	0.236609	0.103309	-0.091625	0.074344	-0.063973	-0.009163	-0.048426	0.090123	-0.075080	-0.832391	-0.124055	-0.538564	1.000000	0.046097	-0.206283	0.366586	
0.196433	-0.146998	0.041865	-0.032174	-0.011339	0.003397	0.002692	0.097515	-0.046413	-0.065716	-0.032583	0.096926	-0.115500	0.046097	1.000000	-0.873507	0.225139	
-0.266465	0.160336	0.332889	-0.217981	-0.023928	0.085160	-0.096965	-0.056698	0.248680	-0.298517	-0.043985	-0.087243	0.215412	-0.206283	-0.873507	1.000000	-0.647678	
0.113795	-0.022226	-0.783832	0.529458	0.064668	-0.170961	0.187757	-0.095507	-0.414534	0.762983	0.137225	-0.007078	-0.235140	0.366586	0.225139	-0.647678	1.000000	

Time taken for mcmc chain: 1.524167 hours
