Number of steps: 3113541
Number of accepted steps: 820000
Burn-in number of steps: 10000
Accepted fraction of steps: 0.263366
Convergence Status
R[0]= 1.000885	R[1]= 1.000521	R[2]= 1.000867	R[3]= 1.000746	R[4]= 1.000715	R[5]= 1.000553	R[6]= 1.000167	R[7]= 1.000589	R[8]= 1.000504	R[9]= 1.000330	R[10]= 1.000179	R[11]= 1.000970	R[12]= 1.000448	R[13]= 1.000232	R[14]= 1.000436	R[15]= 1.000385	R[16]= 1.000648	
<R>= 1.000540

Mean parameters
A[0]= 1.019956 pm 0.038117
A[1]= 0.987182 pm 0.025244
A[2]= 0.445407 pm 0.222140
A[3]= 5.187814 pm 0.883272
A[4]= 4421.381553 pm 3083.704266
A[5]= -66.194350 pm 978.891805
A[6]= -64.312223 pm 235.572235
A[7]= 7208.886835 pm 6515.870378
A[8]= -2112.574746 pm 2113.118284
A[9]= -157.219141 pm 485.659119
A[10]= 4.077117 pm 1.066832
A[11]= -7161.813962 pm 4649.973510
A[12]= 2126.680708 pm 1377.709209
A[13]= 174.842138 pm 356.169953
A[14]= -7065.297805 pm 8092.327648
A[15]= 875.327103 pm 2428.050901
A[16]= -88.661999 pm 434.364534

Best-fitting parameters
A[0]= 1.037084
A[1]= 0.982947
A[2]= 0.350895
A[3]= 5.424854
A[4]= 4160.919000
A[5]= -14.633100
A[6]= -59.946880
A[7]= 7321.701000
A[8]= -2505.953000
A[9]= -10.320280
A[10]= 4.077420
A[11]= -4939.594000
A[12]= 1298.963000
A[13]= 286.586900
A[14]= -9159.514000
A[15]= 1024.617000
A[16]= 23.365880
chi2_min= 44.011780


Cross-Covariance parameters
1.000000	-0.414819	-0.274551	0.134502	0.127514	-0.216618	0.151836	0.342896	-0.445361	0.227066	0.210202	0.094737	-0.054049	-0.060709	0.178581	-0.244622	0.125912	
-0.414819	1.000000	0.208766	-0.295086	0.251540	-0.276643	0.095776	-0.229571	0.269087	-0.108979	-0.207935	0.156065	-0.182153	0.067718	-0.123617	0.165393	-0.088767	
-0.274551	0.208766	1.000000	-0.729680	-0.037107	0.081055	-0.087672	0.041938	0.519385	-0.922327	-0.509320	-0.025832	0.022875	-0.004491	0.033986	0.337755	-0.785351	
0.134502	-0.295086	-0.729680	1.000000	0.092108	0.300714	-0.586514	-0.025118	-0.284406	0.502866	0.389321	-0.016571	0.025347	-0.007600	-0.022703	-0.244445	0.569016	
0.127514	0.251540	-0.037107	0.092108	1.000000	-0.774886	0.057242	0.136996	-0.128847	0.037600	0.003444	0.089598	-0.083454	0.004230	-0.011273	-0.003125	0.022525	
-0.216618	-0.276643	0.081055	0.300714	-0.774886	1.000000	-0.667117	-0.136356	0.257100	-0.251437	-0.018884	-0.104045	0.105633	-0.013847	0.001120	0.033647	-0.063435	
0.151836	0.095776	-0.087672	-0.586514	0.057242	-0.667117	1.000000	0.039310	-0.243155	0.357765	0.030853	0.039489	-0.050340	0.016008	0.005191	-0.044926	0.077809	
0.342896	-0.229571	0.041938	-0.025118	0.136996	-0.136356	0.039310	1.000000	-0.799849	0.121076	0.013183	0.008575	0.008196	-0.030753	0.080866	-0.046779	-0.077054	
-0.445361	0.269087	0.519385	-0.284406	-0.128847	0.257100	-0.243155	-0.799849	1.000000	-0.681923	-0.289034	-0.030950	0.019836	0.015467	-0.046680	0.228765	-0.379846	
0.227066	-0.108979	-0.922327	0.502866	0.037600	-0.251437	0.357765	0.121076	-0.681923	1.000000	0.459607	0.036491	-0.042922	0.019025	-0.042469	-0.309057	0.742575	
0.210202	-0.207935	-0.509320	0.389321	0.003444	-0.018884	0.030853	0.013183	-0.289034	0.459607	1.000000	0.197240	0.382977	-0.826364	0.022261	-0.042540	0.030786	
0.094737	0.156065	-0.025832	-0.016571	0.089598	-0.104045	0.039489	0.008575	-0.030950	0.036491	0.197240	1.000000	-0.749764	-0.036375	0.129768	-0.102281	-0.025207	
-0.054049	-0.182153	0.022875	0.025347	-0.083454	0.105633	-0.050340	0.008196	0.019836	-0.042922	0.382977	-0.749764	1.000000	-0.625891	-0.100142	0.220265	-0.290282	
-0.060709	0.067718	-0.004491	-0.007600	0.004230	-0.013847	0.016008	-0.030753	0.015467	0.019025	-0.826364	-0.036375	-0.625891	1.000000	-0.009388	-0.204130	0.472082	
0.178581	-0.123617	0.033986	-0.022703	-0.011273	0.001120	0.005191	0.080866	-0.046680	-0.042469	0.022261	0.129768	-0.100142	-0.009388	1.000000	-0.877868	0.235017	
-0.244622	0.165393	0.337755	-0.244445	-0.003125	0.033647	-0.044926	-0.046779	0.228765	-0.309057	-0.042540	-0.102281	0.220265	-0.204130	-0.877868	1.000000	-0.652316	
0.125912	-0.088767	-0.785351	0.569016	0.022525	-0.063435	0.077809	-0.077054	-0.379846	0.742575	0.030786	-0.025207	-0.290282	0.472082	0.235017	-0.652316	1.000000	

Time taken for mcmc chain: 55.983333 minutes
