Number of steps: 10367648
Number of accepted steps: 2000000
Burn-in number of steps: 10000
Accepted fraction of steps: 0.192908
Convergence Status
R[0]= 1.001930	R[1]= 1.002184	R[2]= 1.026527	R[3]= 1.012276	R[4]= 1.000740	R[5]= 1.000390	R[6]= 1.002352	R[7]= 1.000369	R[8]= 1.001978	R[9]= 1.007310	R[10]= 1.007121	R[11]= 1.000533	R[12]= 1.000571	R[13]= 1.000697	R[14]= 1.000487	R[15]= 1.003285	R[16]= 1.012306	
<R>= 1.004768

Mean parameters
A[0]= 0.963949 pm 0.049891
A[1]= 1.021229 pm 0.029320
A[2]= 0.712658 pm 0.385189
A[3]= 3.758167 pm 0.913897
A[4]= 4891.765839 pm 3125.950034
A[5]= -1074.383948 pm 981.063452
A[6]= 276.044654 pm 239.213842
A[7]= 5771.914518 pm 6911.064089
A[8]= -668.156687 pm 2361.475729
A[9]= -417.308542 pm 524.787018
A[10]= 3.684404 pm 1.051751
A[11]= -3164.642507 pm 4768.946671
A[12]= 1325.735600 pm 1458.336948
A[13]= 131.096122 pm 369.538764
A[14]= -2025.950793 pm 9124.378859
A[15]= 2000.312511 pm 2973.974304
A[16]= -665.370908 pm 617.579638

Best-fitting parameters
A[0]= 0.968317
A[1]= 1.007790
A[2]= 0.660410
A[3]= 3.542837
A[4]= 4582.780000
A[5]= -1312.716000
A[6]= 396.946400
A[7]= 8516.047000
A[8]= -1644.626000
A[9]= -307.650100
A[10]= 3.816060
A[11]= -4604.196000
A[12]= 1737.772000
A[13]= 86.658950
A[14]= 2622.533000
A[15]= 1015.217000
A[16]= -652.735800
chi2_min= 44.763140


Cross-Covariance parameters
1.000000	-0.477888	-0.347691	0.236450	0.214056	-0.300590	0.149886	0.408308	-0.522671	0.297717	0.192210	0.147748	-0.227122	0.125425	0.273274	-0.398421	0.265641	
-0.477888	1.000000	0.291427	-0.296575	0.153693	-0.135899	0.014763	-0.279867	0.345003	-0.194841	-0.309860	0.093269	-0.119749	0.069147	-0.173260	0.230728	-0.137570	
-0.347691	0.291427	1.000000	-0.818165	-0.155067	0.115967	0.027483	-0.016210	0.521495	-0.860001	-0.622828	-0.073362	0.156184	-0.133715	0.022400	0.442469	-0.821185	
0.236450	-0.296575	-0.818165	1.000000	0.200258	0.166752	-0.523967	-0.028379	-0.316972	0.571353	0.542192	0.029188	-0.089879	0.092828	-0.032477	-0.354399	0.683120	
0.214056	0.153693	-0.155067	0.200258	1.000000	-0.767241	0.025456	0.165980	-0.193983	0.115463	0.041503	0.099027	-0.145697	0.084775	0.028985	-0.113269	0.152035	
-0.300590	-0.135899	0.115967	0.166752	-0.767241	1.000000	-0.651940	-0.231302	0.370281	-0.325643	-0.020245	-0.112689	0.169566	-0.101438	-0.063796	0.136537	-0.139477	
0.149886	0.014763	0.027483	-0.523967	0.025456	-0.651940	1.000000	0.141267	-0.316686	0.354219	-0.020737	0.038821	-0.061166	0.038925	0.051057	-0.051830	0.013113	
0.408308	-0.279867	-0.016210	-0.028379	0.165980	-0.231302	0.141267	1.000000	-0.808304	0.187095	0.017816	0.042798	-0.055921	0.018426	0.142478	-0.121321	-0.012290	
-0.522671	0.345003	0.521495	-0.316972	-0.193983	0.370281	-0.316686	-0.808304	1.000000	-0.719736	-0.341686	-0.078448	0.141349	-0.099320	-0.104953	0.340577	-0.439110	
0.297717	-0.194841	-0.860001	0.571353	0.115463	-0.325643	0.354219	0.187095	-0.719736	1.000000	0.557498	0.070153	-0.155907	0.138687	-0.024936	-0.403367	0.760576	
0.192210	-0.309860	-0.622828	0.542192	0.041503	-0.020245	-0.020737	0.017816	-0.341686	0.557498	1.000000	0.192874	0.260844	-0.643882	-0.046553	-0.086719	0.215296	
0.147748	0.093269	-0.073362	0.029188	0.099027	-0.112689	0.038821	0.042798	-0.078448	0.070153	0.192874	1.000000	-0.750882	-0.003446	0.140085	-0.121131	0.012544	
-0.227122	-0.119749	0.156184	-0.089879	-0.145697	0.169566	-0.061166	-0.055921	0.141349	-0.155907	0.260844	-0.750882	1.000000	-0.649934	-0.171236	0.353346	-0.383472	
0.125425	0.069147	-0.133715	0.092828	0.084775	-0.101438	0.038925	0.018426	-0.099320	0.138687	-0.643882	-0.003446	-0.649934	1.000000	0.086421	-0.378219	0.558157	
0.273274	-0.173260	0.022400	-0.032477	0.028985	-0.063796	0.051057	0.142478	-0.104953	-0.024936	-0.046553	0.140085	-0.171236	0.086421	1.000000	-0.827210	0.204195	
-0.398421	0.230728	0.442469	-0.354399	-0.113269	0.136537	-0.051830	-0.121321	0.340577	-0.403367	-0.086719	-0.121131	0.353346	-0.378219	-0.827210	1.000000	-0.706319	
0.265641	-0.137570	-0.821185	0.683120	0.152035	-0.139477	0.013113	-0.012290	-0.439110	0.760576	0.215296	0.012544	-0.383472	0.558157	0.204195	-0.706319	1.000000	

Time taken for mcmc chain: 3.261389 hours
