Number of steps: 2141306
Number of accepted steps: 730000
Burn-in number of steps: 10000
Accepted fraction of steps: 0.340913
Convergence Status
R[0]= 1.000070	R[1]= 1.000159	R[2]= 1.000191	R[3]= 1.000620	R[4]= 1.000348	R[5]= 1.000447	R[6]= 1.000747	R[7]= 1.000321	R[8]= 1.000239	R[9]= 1.000114	R[10]= 1.000388	R[11]= 1.000122	R[12]= 1.000230	R[13]= 1.000836	R[14]= 1.000241	R[15]= 1.000433	R[16]= 1.000661	
<R>= 1.000363

Mean parameters
A[0]= 1.072116 pm 0.071839
A[1]= 0.956469 pm 0.024497
A[2]= 0.221177 pm 0.164354
A[3]= 4.310907 pm 0.763205
A[4]= 1184.785590 pm 3044.739289
A[5]= -713.765532 pm 938.330816
A[6]= 484.029258 pm 227.632018
A[7]= 4271.726904 pm 7016.172582
A[8]= -2784.137729 pm 2035.949003
A[9]= 355.319680 pm 304.620713
A[10]= 6.405616 pm 1.270515
A[11]= 2185.177482 pm 4840.912704
A[12]= 1506.383916 pm 1523.262793
A[13]= -309.396766 pm 367.082502
A[14]= 3481.503912 pm 9180.067042
A[15]= -1139.986695 pm 2712.616313
A[16]= -32.412629 pm 435.149243

Best-fitting parameters
A[0]= 1.109806
A[1]= 0.957366
A[2]= 0.116023
A[3]= 4.246755
A[4]= 2397.047000
A[5]= -1377.493000
A[6]= 608.336200
A[7]= 3691.326000
A[8]= -3085.390000
A[9]= 514.853500
A[10]= 6.192147
A[11]= 1200.685000
A[12]= 1227.120000
A[13]= -144.286400
A[14]= 562.410300
A[15]= -1155.947000
A[16]= 196.529800
chi2_min= 40.816820


Cross-Covariance parameters
1.000000	-0.448441	-0.243880	0.092070	0.253100	-0.266984	0.046150	0.430368	-0.475216	0.126158	-0.017473	0.213251	-0.295207	0.155299	0.360344	-0.430372	0.124488	
-0.448441	1.000000	0.177250	-0.209847	0.098728	-0.133906	0.072464	-0.266569	0.287071	-0.061511	-0.218301	0.124894	-0.170330	0.109896	-0.228901	0.249937	-0.027143	
-0.243880	0.177250	1.000000	-0.477178	-0.023099	0.071060	-0.082227	-0.013652	0.354444	-0.873421	-0.498412	-0.018441	0.005875	0.018419	0.017968	0.354645	-0.860728	
0.092070	-0.209847	-0.477178	1.000000	0.147277	0.390399	-0.807474	0.056042	-0.143050	0.206796	0.274009	-0.037037	0.060481	-0.045898	-0.002307	-0.168709	0.396804	
0.253100	0.098728	-0.023099	0.147277	1.000000	-0.773928	0.017342	0.242097	-0.228042	0.023570	-0.063285	0.104560	-0.139754	0.071266	0.078623	-0.089448	0.016319	
-0.266984	-0.133906	0.071060	0.390399	-0.773928	1.000000	-0.637360	-0.198056	0.263633	-0.232135	0.052574	-0.121641	0.164445	-0.087099	-0.072125	0.104802	-0.065922	
0.046150	0.072464	-0.082227	-0.807474	0.017342	-0.637360	1.000000	-0.015148	-0.105402	0.338761	0.015613	0.036870	-0.049936	0.027628	-0.003967	-0.032937	0.082890	
0.430368	-0.266569	-0.013652	0.056042	0.242097	-0.198056	-0.015148	1.000000	-0.921292	0.249839	-0.035356	0.066079	-0.096472	0.050723	0.175951	-0.167737	-0.037006	
-0.475216	0.287071	0.354444	-0.143050	-0.228042	0.263633	-0.105402	-0.921292	1.000000	-0.586398	-0.134578	-0.071066	0.096791	-0.044611	-0.151849	0.273285	-0.264034	
0.126158	-0.061511	-0.873421	0.206796	0.023570	-0.232135	0.338761	0.249839	-0.586398	1.000000	0.436139	0.010090	0.001912	-0.017670	-0.056893	-0.274475	0.768833	
-0.017473	-0.218301	-0.498412	0.274009	-0.063285	0.052574	0.015613	-0.035356	-0.134578	0.436139	1.000000	0.103265	0.450953	-0.849846	0.000948	-0.096692	0.203617	
0.213251	0.124894	-0.018441	-0.037037	0.104560	-0.121641	0.036870	0.066079	-0.071066	0.010090	0.103265	1.000000	-0.774766	0.054829	0.192715	-0.188473	0.017198	
-0.295207	-0.170330	0.005875	0.060481	-0.139754	0.164445	-0.049936	-0.096472	0.096791	0.001912	0.450953	-0.774766	1.000000	-0.664948	-0.171117	0.236851	-0.183024	
0.155299	0.109896	0.018419	-0.045898	0.071266	-0.087099	0.027628	0.050723	-0.044611	-0.017670	-0.849846	0.054829	-0.664948	1.000000	0.022401	-0.128762	0.271678	
0.360344	-0.228901	0.017968	-0.002307	0.078623	-0.072125	-0.003967	0.175951	-0.151849	-0.056893	0.000948	0.192715	-0.171117	0.022401	1.000000	-0.900521	0.218428	
-0.430372	0.249937	0.354645	-0.168709	-0.089448	0.104802	-0.032937	-0.167737	0.273285	-0.274475	-0.096692	-0.188473	0.236851	-0.128762	-0.900521	1.000000	-0.594579	
0.124488	-0.027143	-0.860728	0.396804	0.016319	-0.065922	0.082890	-0.037006	-0.264034	0.768833	0.203617	0.017198	-0.183024	0.271678	0.218428	-0.594579	1.000000	

Time taken for mcmc chain: 38.883333 minutes
