Number of steps: 10064432
Number of accepted steps: 1040000
Burn-in number of steps: 10000
Accepted fraction of steps: 0.103334
Convergence Status
R[0]= 1.000429	R[1]= 1.000756	R[2]= 1.000676	R[3]= 1.000405	R[4]= 1.000552	R[5]= 1.000268	R[6]= 1.000611	R[7]= 1.000201	R[8]= 1.000063	R[9]= 1.000437	R[10]= 1.000314	R[11]= 1.000316	R[12]= 1.000237	R[13]= 1.000600	R[14]= 1.000645	R[15]= 1.000312	R[16]= 1.000732	
<R>= 1.000444

Mean parameters
A[0]= 1.001924 pm 0.070236
A[1]= 1.044921 pm 0.042832
A[2]= 0.617679 pm 0.388260
A[3]= 3.585146 pm 1.179120
A[4]= -3466.743201 pm 4840.606675
A[5]= 510.298139 pm 1494.989953
A[6]= 431.910420 pm 398.325117
A[7]= -4064.586660 pm 9005.596110
A[8]= 2048.673350 pm 2910.623854
A[9]= -427.985579 pm 616.133240
A[10]= 5.968772 pm 1.791157
A[11]= 8320.970411 pm 6500.563272
A[12]= -96.930928 pm 2144.607774
A[13]= -488.268204 pm 585.970240
A[14]= -4586.002248 pm 10047.666731
A[15]= 3276.108344 pm 3778.015239
A[16]= -1006.599807 pm 1010.302128

Best-fitting parameters
A[0]= 0.954682
A[1]= 1.063146
A[2]= 0.534660
A[3]= 3.850265
A[4]= -2166.755000
A[5]= 387.276100
A[6]= 359.114500
A[7]= -5376.742000
A[8]= 2624.815000
A[9]= -420.071200
A[10]= 6.559637
A[11]= 10017.980000
A[12]= -6.664070
A[13]= -684.819100
A[14]= -17340.980000
A[15]= 6949.497000
A[16]= -1136.577000
chi2_min= 29.562570


Cross-Covariance parameters
1.000000	-0.386647	-0.307026	0.132600	0.174516	-0.253306	0.124172	0.262734	-0.374357	0.209853	0.126894	0.146132	-0.267109	0.167684	0.240510	-0.392681	0.213072	
-0.386647	1.000000	0.222049	-0.218643	0.184607	-0.174755	0.021704	-0.164125	0.217723	-0.106475	-0.296241	0.184549	-0.213695	0.087371	-0.165267	0.203008	-0.070871	
-0.307026	0.222049	1.000000	-0.630937	-0.091512	0.116881	-0.051007	0.029258	0.432065	-0.819525	-0.659449	-0.044768	0.124595	-0.108792	0.042563	0.581478	-0.866624	
0.132600	-0.218643	-0.630937	1.000000	0.214691	0.291121	-0.695124	-0.026536	-0.113917	0.245680	0.459013	-0.008175	-0.018471	0.028350	-0.026484	-0.360914	0.543135	
0.174516	0.184607	-0.091512	0.214691	1.000000	-0.735579	-0.045336	0.132180	-0.120995	0.018638	-0.002542	0.110621	-0.153388	0.076357	0.016299	-0.090489	0.099009	
-0.253306	-0.174755	0.116881	0.291121	-0.735579	1.000000	-0.634760	-0.141476	0.311301	-0.339799	0.004685	-0.126843	0.195799	-0.115954	-0.027712	0.126897	-0.133057	
0.124172	0.021704	-0.051007	-0.695124	-0.045336	-0.634760	1.000000	0.045394	-0.303979	0.472624	-0.001426	0.039139	-0.081885	0.067097	0.014019	-0.063405	0.067291	
0.262734	-0.164125	0.029258	-0.026536	0.132180	-0.141476	0.045394	1.000000	-0.827955	0.171267	-0.026699	0.016706	-0.036368	0.021884	0.095752	-0.053786	-0.053305	
-0.374357	0.217723	0.432065	-0.113917	-0.120995	0.311301	-0.303979	-0.827955	1.000000	-0.679797	-0.273738	-0.041411	0.108981	-0.090135	-0.060631	0.324063	-0.371417	
0.209853	-0.106475	-0.819525	0.245680	0.018638	-0.339799	0.472624	0.171267	-0.679797	1.000000	0.536061	0.043457	-0.127606	0.119341	-0.054648	-0.485512	0.752686	
0.126894	-0.296241	-0.659449	0.459013	-0.002542	0.004685	-0.001426	-0.026699	-0.273738	0.536061	1.000000	0.151232	0.317760	-0.629397	-0.034868	-0.213525	0.337497	
0.146132	0.184549	-0.044768	-0.008175	0.110621	-0.126843	0.039139	0.016706	-0.041411	0.043457	0.151232	1.000000	-0.705395	-0.022680	0.095134	-0.064261	-0.015088	
-0.267109	-0.213695	0.124595	-0.018471	-0.153388	0.195799	-0.081885	-0.036368	0.108981	-0.127606	0.317760	-0.705395	1.000000	-0.682868	-0.103192	0.316765	-0.328265	
0.167684	0.087371	-0.108792	0.028350	0.076357	-0.115954	0.067097	0.021884	-0.090135	0.119341	-0.629397	-0.022680	-0.682868	1.000000	0.040004	-0.362961	0.469850	
0.240510	-0.165267	0.042563	-0.026484	0.016299	-0.027712	0.014019	0.095752	-0.060631	-0.054648	-0.034868	0.095134	-0.103192	0.040004	1.000000	-0.699252	0.088438	
-0.392681	0.203008	0.581478	-0.360914	-0.090489	0.126897	-0.063405	-0.053786	0.324063	-0.485512	-0.213525	-0.064261	0.316765	-0.362961	-0.699252	1.000000	-0.755888	
0.213072	-0.070871	-0.866624	0.543135	0.099009	-0.133057	0.067291	-0.053305	-0.371417	0.752686	0.337497	-0.015088	-0.328265	0.469850	0.088438	-0.755888	1.000000	

Time taken for mcmc chain: 2.933611 hours
