Number of steps: 12923454
Number of accepted steps: 2000000
Burn-in number of steps: 10000
Accepted fraction of steps: 0.154757
Convergence Status
R[0]= 1.000096	R[1]= 1.001082	R[2]= 1.002761	R[3]= 1.001201	R[4]= 1.000416	R[5]= 1.000551	R[6]= 1.000462	R[7]= 1.000190	R[8]= 1.000211	R[9]= 1.000935	R[10]= 1.001104	R[11]= 1.000111	R[12]= 1.000182	R[13]= 1.000123	R[14]= 1.000184	R[15]= 1.000552	R[16]= 1.001016	
<R>= 1.000657

Mean parameters
A[0]= 1.106179 pm 0.087684
A[1]= 0.977306 pm 0.050560
A[2]= 0.399262 pm 0.294007
A[3]= 3.651263 pm 1.255747
A[4]= 800.404486 pm 4813.396545
A[5]= -1293.464782 pm 1513.016161
A[6]= 742.594937 pm 393.527698
A[7]= -7995.312248 pm 8096.493392
A[8]= 1662.275232 pm 2479.862444
A[9]= -159.659978 pm 449.852517
A[10]= 7.954521 pm 1.989428
A[11]= 2133.568612 pm 7477.151188
A[12]= 2766.319053 pm 2444.834617
A[13]= -1004.081168 pm 590.450326
A[14]= 6229.212877 pm 9757.387601
A[15]= -1752.305997 pm 3579.426564
A[16]= -692.824924 pm 934.085062

Best-fitting parameters
A[0]= 1.118920
A[1]= 1.002134
A[2]= 0.338122
A[3]= 3.841336
A[4]= 517.851000
A[5]= -1153.155000
A[6]= 658.901600
A[7]= -12039.670000
A[8]= 2736.805000
A[9]= -233.606100
A[10]= 8.506037
A[11]= 6249.305000
A[12]= 2058.840000
A[13]= -1162.483000
A[14]= 9178.147000
A[15]= -3029.997000
A[16]= -556.186000
chi2_min= 64.459970


Cross-Covariance parameters
1.000000	-0.357613	-0.345098	0.140229	0.132881	-0.157928	0.045340	0.235326	-0.356167	0.197957	0.086372	0.135731	-0.263605	0.205061	0.265523	-0.459330	0.242001	
-0.357613	1.000000	0.264425	-0.302249	0.243276	-0.306214	0.137593	-0.140998	0.194832	-0.075155	-0.351847	0.327338	-0.351605	0.115756	-0.177647	0.245133	-0.088837	
-0.345098	0.264425	1.000000	-0.537329	-0.027267	-0.035607	0.086350	-0.013171	0.383335	-0.766951	-0.599838	0.025435	0.016733	-0.060770	0.024844	0.591274	-0.879904	
0.140229	-0.302249	-0.537329	1.000000	0.143928	0.451765	-0.851647	0.100608	-0.142743	0.070079	0.381268	-0.093073	0.088113	-0.009795	-0.002452	-0.318282	0.464389	
0.132881	0.243276	-0.027267	0.143928	1.000000	-0.745568	-0.014248	0.137374	-0.119006	-0.014506	-0.075797	0.154107	-0.191842	0.090030	0.005223	-0.048057	0.055617	
-0.157928	-0.306214	-0.035607	0.451765	-0.745568	1.000000	-0.646878	-0.061480	0.166880	-0.248674	0.140271	-0.185602	0.234140	-0.112087	-0.008331	0.018802	-0.003822	
0.045340	0.137593	0.086350	-0.851647	-0.014248	-0.646878	1.000000	-0.076612	-0.102647	0.393576	-0.103719	0.070335	-0.090476	0.044407	-0.000342	0.038926	-0.064254	
0.235326	-0.140998	-0.013171	0.100608	0.137374	-0.061480	-0.076612	1.000000	-0.874863	0.205612	-0.012905	0.008626	-0.037964	0.041736	0.075476	-0.072829	-0.016245	
-0.356167	0.194832	0.383335	-0.142743	-0.119006	0.166880	-0.102647	-0.874863	1.000000	-0.628864	-0.200413	-0.013116	0.063859	-0.076749	-0.055227	0.291222	-0.324092	
0.197957	-0.075155	-0.766951	0.070079	-0.014506	-0.248674	0.393576	0.205612	-0.628864	1.000000	0.440980	0.008760	-0.049534	0.068420	-0.065299	-0.433835	0.711150	
0.086372	-0.351847	-0.599838	0.381268	-0.075797	0.140271	-0.103719	-0.012905	-0.200413	0.440980	1.000000	0.035582	0.429572	-0.721572	0.033135	-0.244623	0.291008	
0.135731	0.327338	0.025435	-0.093073	0.154107	-0.185602	0.070335	0.008626	-0.013116	0.008760	0.035582	1.000000	-0.773716	0.051920	0.104273	-0.064760	-0.035496	
-0.263605	-0.351605	0.016733	0.088113	-0.191842	0.234140	-0.090476	-0.037964	0.063859	-0.049534	0.429572	-0.773716	1.000000	-0.662769	-0.069069	0.202362	-0.212917	
0.205061	0.115756	-0.060770	-0.009795	0.090030	-0.112087	0.044407	0.041736	-0.076749	0.068420	-0.721572	0.051920	-0.662769	1.000000	-0.021899	-0.237094	0.388799	
0.265523	-0.177647	0.024844	-0.002452	0.005223	-0.008331	-0.000342	0.075476	-0.055227	-0.065299	0.033135	0.104273	-0.069069	-0.021899	1.000000	-0.717678	0.070142	
-0.459330	0.245133	0.591274	-0.318282	-0.048057	0.018802	0.038926	-0.072829	0.291222	-0.433835	-0.244623	-0.064760	0.202362	-0.237094	-0.717678	1.000000	-0.718312	
0.242001	-0.088837	-0.879904	0.464389	0.055617	-0.003822	-0.064254	-0.016245	-0.324092	0.711150	0.291008	-0.035496	-0.212917	0.388799	0.070142	-0.718312	1.000000	

Time taken for mcmc chain: 4.009444 hours
