Number of steps: 39814266
Number of accepted steps: 2000000
Burn-in number of steps: 10000
Accepted fraction of steps: 0.050233
Convergence Status
R[0]= 1.001366	R[1]= 1.001096	R[2]= 1.002275	R[3]= 1.000872	R[4]= 1.001003	R[5]= 1.000572	R[6]= 1.000091	R[7]= 1.000285	R[8]= 1.000696	R[9]= 1.000843	R[10]= 1.000498	R[11]= 1.000470	R[12]= 1.000726	R[13]= 1.000223	R[14]= 1.000465	R[15]= 1.001029	R[16]= 1.000798	
<R>= 1.000783

Mean parameters
A[0]= 1.041140 pm 0.064113
A[1]= 0.982413 pm 0.053375
A[2]= 0.891096 pm 0.503509
A[3]= 4.095846 pm 1.380896
A[4]= 229.000889 pm 4912.261532
A[5]= 695.529381 pm 1620.606005
A[6]= 52.259416 pm 410.562429
A[7]= 5986.758679 pm 8793.093321
A[8]= 721.419237 pm 3127.338939
A[9]= -1059.719562 pm 783.520597
A[10]= 4.530693 pm 1.678673
A[11]= -3205.902382 pm 7020.002622
A[12]= 2019.226926 pm 2271.510744
A[13]= -233.980619 pm 586.904402
A[14]= -4291.865132 pm 10077.937719
A[15]= 2891.642300 pm 3659.570140
A[16]= -1332.050619 pm 981.908230

Best-fitting parameters
A[0]= 1.028011
A[1]= 0.967403
A[2]= 0.843394
A[3]= 4.278012
A[4]= -2091.775000
A[5]= 1734.281000
A[6]= -112.147900
A[7]= 7036.631000
A[8]= 1022.010000
A[9]= -1227.931000
A[10]= 4.689894
A[11]= -4799.074000
A[12]= 2651.499000
A[13]= -348.093400
A[14]= 102.239500
A[15]= 2066.890000
A[16]= -1389.139000
chi2_min= 65.932530


Cross-Covariance parameters
1.000000	-0.434242	-0.354119	0.232913	0.137241	-0.219250	0.144068	0.316992	-0.481504	0.293183	0.213309	0.085700	-0.157669	0.109329	0.194638	-0.375033	0.244738	
-0.434242	1.000000	0.293151	-0.342203	0.275717	-0.277010	0.068148	-0.195189	0.268241	-0.137372	-0.337580	0.212782	-0.234173	0.073941	-0.127582	0.198177	-0.100440	
-0.354119	0.293151	1.000000	-0.767422	-0.044417	-0.013840	0.070018	-0.002078	0.530465	-0.795858	-0.658420	-0.001711	0.011960	-0.016871	0.022638	0.518053	-0.751723	
0.232913	-0.342203	-0.767422	1.000000	0.076736	0.350031	-0.620201	0.036796	-0.298057	0.393478	0.563423	-0.052149	0.058034	-0.017350	-0.023146	-0.400060	0.588243	
0.137241	0.275717	-0.044417	0.076736	1.000000	-0.753415	0.043502	0.143839	-0.119014	0.014005	-0.043722	0.118437	-0.148011	0.060966	0.008558	-0.057742	0.066187	
-0.219250	-0.277010	-0.013840	0.350031	-0.753415	1.000000	-0.681213	-0.112895	0.271864	-0.285556	0.092076	-0.137272	0.187560	-0.095265	-0.030518	0.062020	-0.041563	
0.144068	0.068148	0.070018	-0.620201	0.043502	-0.681213	1.000000	0.000312	-0.274241	0.425515	-0.077076	0.053621	-0.090878	0.064330	0.032979	-0.022382	-0.014547	
0.316992	-0.195189	-0.002078	0.036796	0.143839	-0.112895	0.000312	1.000000	-0.750062	0.107618	-0.002212	0.010201	-0.030187	0.025934	0.084685	-0.064024	-0.031152	
-0.481504	0.268241	0.530465	-0.298057	-0.119014	0.271864	-0.274241	-0.750062	1.000000	-0.725318	-0.353306	-0.025733	0.064754	-0.059189	-0.055527	0.359250	-0.420571	
0.293183	-0.137372	-0.795858	0.393478	0.014005	-0.285556	0.425515	0.107618	-0.725318	1.000000	0.531486	0.025295	-0.058975	0.056963	-0.031736	-0.454079	0.675770	
0.213309	-0.337580	-0.658420	0.563423	-0.043722	0.092076	-0.077076	-0.002212	-0.353306	0.531486	1.000000	0.089632	0.384024	-0.676084	0.037694	-0.165049	0.164612	
0.085700	0.212782	-0.001711	-0.052149	0.118437	-0.137272	0.053621	0.010201	-0.025733	0.025295	0.089632	1.000000	-0.740763	0.019018	0.120696	-0.052394	-0.058550	
-0.157669	-0.234173	0.011960	0.058034	-0.148011	0.187560	-0.090878	-0.030187	0.064754	-0.058975	0.384024	-0.740763	1.000000	-0.677368	-0.066445	0.274357	-0.327232	
0.109329	0.073941	-0.016871	-0.017350	0.060966	-0.095265	0.064330	0.025934	-0.059189	0.056963	-0.676084	0.019018	-0.677368	1.000000	-0.038239	-0.349695	0.560595	
0.194638	-0.127582	0.022638	-0.023146	0.008558	-0.030518	0.032979	0.084685	-0.055527	-0.031736	0.037694	0.120696	-0.066445	-0.038239	1.000000	-0.703872	0.074905	
-0.375033	0.198177	0.518053	-0.400060	-0.057742	0.062020	-0.022382	-0.064024	0.359250	-0.454079	-0.165049	-0.052394	0.274357	-0.349695	-0.703872	1.000000	-0.743669	
0.244738	-0.100440	-0.751723	0.588243	0.066187	-0.041563	-0.014547	-0.031152	-0.420571	0.675770	0.164612	-0.058550	-0.327232	0.560595	0.074905	-0.743669	1.000000	

Time taken for mcmc chain: 11.599167 hours
