Number of steps: 4464446
Number of accepted steps: 1720000
Burn-in number of steps: 10000
Accepted fraction of steps: 0.385266
Convergence Status
R[0]= 1.000401	R[1]= 1.000587	R[2]= 1.000587	R[3]= 1.000260	R[4]= 1.000306	R[5]= 1.000284	R[6]= 1.000342	R[7]= 1.000446	R[8]= 1.000616	R[9]= 1.000507	R[10]= 1.000497	R[11]= 1.000154	R[12]= 1.000204	R[13]= 1.000403	R[14]= 1.000045	R[15]= 1.000037	R[16]= 1.000167	
<R>= 1.000344

Mean parameters
A[0]= 1.069824 pm 0.066321
A[1]= 1.006441 pm 0.024303
A[2]= 0.173171 pm 0.133287
A[3]= 5.822848 pm 0.778697
A[4]= 1174.001776 pm 3262.961685
A[5]= 732.020506 pm 970.882604
A[6]= -82.580131 pm 220.776203
A[7]= -5615.510855 pm 7301.897410
A[8]= 169.013522 pm 2109.049908
A[9]= 141.664119 pm 328.333629
A[10]= 4.797992 pm 1.099663
A[11]= 4499.895735 pm 4851.289601
A[12]= -853.004368 pm 1356.998349
A[13]= 320.766713 pm 344.373291
A[14]= 7554.679721 pm 8055.546859
A[15]= -3796.232331 pm 2309.050623
A[16]= 493.767758 pm 303.482047

Best-fitting parameters
A[0]= 1.054427
A[1]= 1.014745
A[2]= 0.101309
A[3]= 6.066535
A[4]= 2496.827000
A[5]= 363.397600
A[6]= -59.606440
A[7]= -10626.280000
A[8]= 1155.630000
A[9]= 249.269900
A[10]= 5.320640
A[11]= 5595.790000
A[12]= -849.192500
A[13]= 215.452500
A[14]= 8872.474000
A[15]= -4357.012000
A[16]= 643.563200
chi2_min= 49.702640


Cross-Covariance parameters
1.000000	-0.471018	-0.211352	0.029865	0.264066	-0.325815	0.108755	0.509453	-0.548182	0.097412	-0.093951	0.091466	-0.214732	0.169055	0.236562	-0.290412	0.067610	
-0.471018	1.000000	0.146499	-0.221186	0.168442	-0.208051	0.105736	-0.344631	0.346757	-0.022080	-0.044236	0.162994	-0.125943	-0.026565	-0.176451	0.196263	-0.018914	
-0.211352	0.146499	1.000000	-0.535545	-0.053607	0.099747	-0.091993	0.025122	0.346237	-0.907137	-0.349763	-0.029032	0.029486	-0.001513	0.032321	0.237898	-0.772615	
0.029865	-0.221186	-0.535545	1.000000	0.165247	0.311648	-0.763081	-0.013297	-0.131897	0.344846	0.229097	-0.034072	0.057725	-0.037558	-0.022093	-0.117947	0.405567	
0.264066	0.168442	-0.053607	0.165247	1.000000	-0.805358	0.002751	0.220583	-0.227034	0.053921	-0.049469	0.109160	-0.146026	0.061559	0.036622	-0.055310	0.030302	
-0.325815	-0.208051	0.099747	0.311648	-0.805358	1.000000	-0.584347	-0.222021	0.288718	-0.204930	0.057228	-0.128878	0.182021	-0.086145	-0.041712	0.076162	-0.072330	
0.108755	0.105736	-0.091993	-0.763081	0.002751	-0.584347	1.000000	0.034136	-0.137054	0.274086	-0.012321	0.046352	-0.074646	0.044624	0.004029	-0.034846	0.082978	
0.509453	-0.344631	0.025122	-0.013297	0.220583	-0.222021	0.034136	1.000000	-0.913870	0.167099	-0.084779	0.017544	-0.079157	0.080290	0.134459	-0.124602	-0.081378	
-0.548182	0.346757	0.346237	-0.131897	-0.227034	0.288718	-0.137054	-0.913870	1.000000	-0.531866	-0.047630	-0.031695	0.091082	-0.078501	-0.108502	0.200892	-0.214696	
0.097412	-0.022080	-0.907137	0.344846	0.053921	-0.204930	0.274086	0.167099	-0.531866	1.000000	0.325341	0.032274	-0.026312	-0.005400	-0.064874	-0.185113	0.720665	
-0.093951	-0.044236	-0.349763	0.229097	-0.049469	0.057228	-0.012321	-0.084779	-0.047630	0.325341	1.000000	0.269998	0.348222	-0.907207	-0.038370	0.028638	0.007564	
0.091466	0.162994	-0.029032	-0.034072	0.109160	-0.128878	0.046352	0.017544	-0.031695	0.032274	0.269998	1.000000	-0.765885	-0.094277	0.117323	-0.114104	-0.000949	
-0.214732	-0.125943	0.029486	0.057725	-0.146026	0.182021	-0.074646	-0.079157	0.091082	-0.026312	0.348222	-0.765885	1.000000	-0.558657	-0.141157	0.207883	-0.205299	
0.169055	-0.026565	-0.001513	-0.037558	0.061559	-0.086145	0.044624	0.080290	-0.078501	-0.005400	-0.907207	-0.094277	-0.558657	1.000000	0.056541	-0.159282	0.318030	
0.236562	-0.176451	0.032321	-0.022093	0.036622	-0.041712	0.004029	0.134459	-0.108502	-0.064874	-0.038370	0.117323	-0.141157	0.056541	1.000000	-0.930330	0.342072	
-0.290412	0.196263	0.237898	-0.117947	-0.055310	0.076162	-0.034846	-0.124602	0.200892	-0.185113	0.028638	-0.114104	0.207883	-0.159282	-0.930330	1.000000	-0.630060	
0.067610	-0.018914	-0.772615	0.405567	0.030302	-0.072330	0.082978	-0.081378	-0.214696	0.720665	0.007564	-0.000949	-0.205299	0.318030	0.342072	-0.630060	1.000000	

Time taken for mcmc chain: 1.532500 hours
