Number of steps: 7328872
Number of accepted steps: 2000000
Burn-in number of steps: 10000
Accepted fraction of steps: 0.272893
Convergence Status
R[0]= 1.000398	R[1]= 1.000473	R[2]= 1.001541	R[3]= 1.001410	R[4]= 1.000458	R[5]= 1.000170	R[6]= 1.000147	R[7]= 1.000067	R[8]= 1.000255	R[9]= 1.000688	R[10]= 1.000633	R[11]= 1.000189	R[12]= 1.000141	R[13]= 1.000350	R[14]= 1.000255	R[15]= 1.000435	R[16]= 1.000750	
<R>= 1.000492

Mean parameters
A[0]= 1.028040 pm 0.035222
A[1]= 1.008957 pm 0.019387
A[2]= 0.446105 pm 0.230010
A[3]= 4.216466 pm 0.767811
A[4]= -1739.474840 pm 3044.180877
A[5]= 437.086033 pm 900.207857
A[6]= 246.774856 pm 225.701846
A[7]= 7847.045637 pm 6311.304383
A[8]= -3050.163609 pm 1942.369022
A[9]= 122.211148 pm 429.073112
A[10]= 4.981601 pm 1.108351
A[11]= 2994.868970 pm 4780.113300
A[12]= 125.887688 pm 1365.530112
A[13]= -32.879163 pm 352.690356
A[14]= -8306.064550 pm 7775.841518
A[15]= 2659.132577 pm 2403.928442
A[16]= -496.098094 pm 521.734548

Best-fitting parameters
A[0]= 1.039557
A[1]= 1.003452
A[2]= 0.438933
A[3]= 4.459805
A[4]= -2339.349000
A[5]= 817.681500
A[6]= 134.254000
A[7]= 10414.070000
A[8]= -3550.355000
A[9]= 71.628910
A[10]= 4.893663
A[11]= 4002.427000
A[12]= -275.167100
A[13]= 15.175880
A[14]= -7775.144000
A[15]= 2325.613000
A[16]= -486.419100
chi2_min= 84.116700


Cross-Covariance parameters
1.000000	-0.391317	-0.214847	0.099325	0.140684	-0.209777	0.109046	0.279486	-0.361355	0.172370	0.106550	0.111131	-0.146645	0.049630	0.182816	-0.266752	0.135255	
-0.391317	1.000000	0.124107	-0.156715	0.166233	-0.166467	0.024562	-0.177811	0.199416	-0.064635	-0.173617	0.136595	-0.174761	0.079071	-0.123701	0.138089	-0.028540	
-0.214847	0.124107	1.000000	-0.675741	-0.052517	0.118525	-0.117469	0.092225	0.437960	-0.910164	-0.588830	-0.043475	0.062573	-0.037450	0.084166	0.404657	-0.856615	
0.099325	-0.156715	-0.675741	1.000000	0.196851	0.235796	-0.621145	-0.058789	-0.191413	0.421918	0.418415	0.008388	-0.008864	0.005400	-0.059082	-0.267740	0.575331	
0.140684	0.166233	-0.052517	0.196851	1.000000	-0.765146	-0.033153	0.165724	-0.147949	0.021014	0.007687	0.068233	-0.078752	0.021739	0.009415	-0.038464	0.047122	
-0.209777	-0.166467	0.118525	0.235796	-0.765146	1.000000	-0.609822	-0.161887	0.289358	-0.274635	-0.035293	-0.078501	0.102864	-0.042475	-0.012229	0.078763	-0.111254	
0.109046	0.024562	-0.117469	-0.621145	-0.033153	-0.609822	1.000000	0.030044	-0.249521	0.399796	0.051242	0.023546	-0.044066	0.031745	0.000412	-0.066080	0.111932	
0.279486	-0.177811	0.092225	-0.058789	0.165724	-0.161887	0.030044	1.000000	-0.822258	0.112337	-0.051361	0.008787	-0.011778	-0.001226	0.078408	-0.022455	-0.100545	
-0.361355	0.199416	0.437960	-0.191413	-0.147949	0.289358	-0.249521	-0.822258	1.000000	-0.646572	-0.257047	-0.034064	0.051969	-0.026667	-0.023705	0.232990	-0.364075	
0.172370	-0.064635	-0.910164	0.421918	0.021014	-0.274635	0.399796	0.112337	-0.646572	1.000000	0.530918	0.041923	-0.067671	0.046899	-0.085933	-0.368118	0.795252	
0.106550	-0.173617	-0.588830	0.418415	0.007687	-0.035293	0.051242	-0.051361	-0.257047	0.530918	1.000000	0.234904	0.293196	-0.753491	-0.025558	-0.102916	0.220508	
0.111131	0.136595	-0.043475	0.008388	0.068233	-0.078501	0.023546	0.008787	-0.034064	0.041923	0.234904	1.000000	-0.755170	-0.077425	0.131051	-0.102887	-0.024446	
-0.146645	-0.174761	0.062573	-0.008864	-0.078752	0.102864	-0.044066	-0.011778	0.051969	-0.067671	0.293196	-0.755170	1.000000	-0.586672	-0.110731	0.243299	-0.256096	
0.049630	0.079071	-0.037450	0.005400	0.021739	-0.042475	0.031745	-0.001226	-0.026667	0.046899	-0.753491	-0.077425	-0.586672	1.000000	-0.001288	-0.232996	0.420756	
0.182816	-0.123701	0.084166	-0.059082	0.009415	-0.012229	0.000412	0.078408	-0.023705	-0.085933	-0.025558	0.131051	-0.110731	-0.001288	1.000000	-0.821224	0.128457	
-0.266752	0.138089	0.404657	-0.267740	-0.038464	0.078763	-0.066080	-0.022455	0.232990	-0.368118	-0.102916	-0.102887	0.243299	-0.232996	-0.821224	1.000000	-0.653387	
0.135255	-0.028540	-0.856615	0.575331	0.047122	-0.111254	0.111932	-0.100545	-0.364075	0.795252	0.220508	-0.024446	-0.256096	0.420756	0.128457	-0.653387	1.000000	

Time taken for mcmc chain: 2.396111 hours
