Number of steps: 13591480
Number of accepted steps: 1260000
Burn-in number of steps: 10000
Accepted fraction of steps: 0.092705
Convergence Status
R[0]= 1.000571	R[1]= 1.000259	R[2]= 1.000378	R[3]= 1.000317	R[4]= 1.000251	R[5]= 1.000607	R[6]= 1.000727	R[7]= 1.000728	R[8]= 1.000917	R[9]= 1.000651	R[10]= 1.000506	R[11]= 1.000058	R[12]= 1.000153	R[13]= 1.000448	R[14]= 1.000460	R[15]= 1.000524	R[16]= 1.000459	
<R>= 1.000471

Mean parameters
A[0]= 1.070170 pm 0.078304
A[1]= 0.996865 pm 0.038255
A[2]= 0.887238 pm 0.477814
A[3]= 3.839368 pm 1.216216
A[4]= 2808.528029 pm 4879.149286
A[5]= -247.601707 pm 1531.172422
A[6]= 159.420515 pm 395.862850
A[7]= 9060.067334 pm 7829.206772
A[8]= -1040.893807 pm 2918.360398
A[9]= -849.505943 pm 776.715703
A[10]= 4.869067 pm 1.733143
A[11]= 11111.670280 pm 5636.909183
A[12]= -1217.621633 pm 2037.255197
A[13]= -204.677895 pm 589.579886
A[14]= 3001.022994 pm 10337.378647
A[15]= 3601.397074 pm 3801.002449
A[16]= -1711.288470 pm 987.084619

Best-fitting parameters
A[0]= 1.090964
A[1]= 0.993667
A[2]= 0.889605
A[3]= 4.205514
A[4]= 4394.174000
A[5]= 70.043410
A[6]= -122.718100
A[7]= 18882.410000
A[8]= -2365.058000
A[9]= -1202.569000
A[10]= 4.580009
A[11]= 10752.860000
A[12]= -1242.300000
A[13]= -176.904800
A[14]= 14084.890000
A[15]= 950.044700
A[16]= -1701.107000
chi2_min= 54.975140


Cross-Covariance parameters
1.000000	-0.388945	-0.374540	0.234509	0.239218	-0.342946	0.175055	0.303718	-0.497701	0.305020	0.117700	0.123310	-0.321741	0.261246	0.230137	-0.485943	0.364010	
-0.388945	1.000000	0.243921	-0.257104	0.171555	-0.137529	-0.016057	-0.149848	0.244378	-0.148317	-0.267954	0.123331	-0.123157	0.035732	-0.140405	0.211710	-0.114137	
-0.374540	0.243921	1.000000	-0.742028	-0.107770	0.119529	-0.040918	0.002309	0.573695	-0.819933	-0.707110	-0.055458	0.014760	0.045740	0.039743	0.501497	-0.769170	
0.234509	-0.257104	-0.742028	1.000000	0.192894	0.223256	-0.580570	0.042389	-0.290749	0.355235	0.560478	0.016179	0.030778	-0.060924	-0.028738	-0.368826	0.570365	
0.239218	0.171555	-0.107770	0.192894	1.000000	-0.748496	-0.021583	0.173551	-0.145574	0.002192	-0.008357	0.089009	-0.150650	0.092283	0.029717	-0.115995	0.116038	
-0.342946	-0.137529	0.119529	0.223256	-0.748496	1.000000	-0.637322	-0.137577	0.349333	-0.338511	0.008211	-0.100403	0.192313	-0.133470	-0.051753	0.167653	-0.157518	
0.175055	-0.016057	-0.040918	-0.580570	-0.021583	-0.637322	1.000000	-0.018387	-0.333410	0.506807	0.007773	0.029391	-0.078273	0.067954	0.030336	-0.090022	0.082650	
0.303718	-0.149848	0.002309	0.042389	0.173551	-0.137577	-0.018387	1.000000	-0.713534	0.083997	-0.053939	0.027583	-0.101057	0.091771	0.094022	-0.098086	0.005673	
-0.497701	0.244378	0.573695	-0.290749	-0.145574	0.349333	-0.333410	-0.713534	1.000000	-0.742407	-0.372223	-0.060964	0.114009	-0.071805	-0.057973	0.400792	-0.488795	
0.305020	-0.148317	-0.819933	0.355235	0.002192	-0.338511	0.506807	0.083997	-0.742407	1.000000	0.600077	0.049727	-0.028470	-0.019122	-0.042305	-0.439179	0.686803	
0.117700	-0.267954	-0.707110	0.560478	-0.008357	0.008211	0.007773	-0.053939	-0.372223	0.600077	1.000000	0.121140	0.416925	-0.683161	-0.013507	-0.169539	0.246385	
0.123310	0.123331	-0.055458	0.016179	0.089009	-0.100403	0.029391	0.027583	-0.060964	0.049727	0.121140	1.000000	-0.657844	0.005245	0.121897	-0.088638	-0.016408	
-0.321741	-0.123157	0.014760	0.030778	-0.150650	0.192313	-0.078273	-0.101057	0.114009	-0.028470	0.416925	-0.657844	1.000000	-0.746739	-0.105646	0.332856	-0.362092	
0.261246	0.035732	0.045740	-0.060924	0.092283	-0.133470	0.067954	0.091771	-0.071805	-0.019122	-0.683161	0.005245	-0.746739	1.000000	0.019589	-0.345533	0.493673	
0.230137	-0.140405	0.039743	-0.028738	0.029717	-0.051753	0.030336	0.094022	-0.057973	-0.042305	-0.013507	0.121897	-0.105646	0.019589	1.000000	-0.720204	0.100205	
-0.485943	0.211710	0.501497	-0.368826	-0.115995	0.167653	-0.090022	-0.098086	0.400792	-0.439179	-0.169539	-0.088638	0.332856	-0.345533	-0.720204	1.000000	-0.743286	
0.364010	-0.114137	-0.769170	0.570365	0.116038	-0.157518	0.082650	0.005673	-0.488795	0.686803	0.246385	-0.016408	-0.362092	0.493673	0.100205	-0.743286	1.000000	

Time taken for mcmc chain: 3.971667 hours
