Number of steps: 3057681
Number of accepted steps: 1070000
Burn-in number of steps: 10000
Accepted fraction of steps: 0.349938
Convergence Status
R[0]= 1.000676	R[1]= 1.000583	R[2]= 1.000911	R[3]= 1.000712	R[4]= 1.000340	R[5]= 1.000167	R[6]= 1.000385	R[7]= 1.000476	R[8]= 1.000676	R[9]= 1.000752	R[10]= 1.000637	R[11]= 1.000284	R[12]= 1.000256	R[13]= 1.000208	R[14]= 1.000203	R[15]= 1.000475	R[16]= 1.000671	
<R>= 1.000495

Mean parameters
A[0]= 1.061218 pm 0.067470
A[1]= 1.019392 pm 0.024883
A[2]= 0.198828 pm 0.154606
A[3]= 3.539945 pm 0.697558
A[4]= 3266.944058 pm 3086.356217
A[5]= -1984.722161 pm 893.211831
A[6]= 775.984564 pm 217.102231
A[7]= 9615.596385 pm 6038.076664
A[8]= -4553.422777 pm 1716.237122
A[9]= 683.366540 pm 252.438528
A[10]= 5.746457 pm 1.108403
A[11]= 10081.037583 pm 4717.963134
A[12]= -1926.038107 pm 1340.495788
A[13]= 97.694251 pm 337.613293
A[14]= 718.205928 pm 9404.896090
A[15]= -1374.344193 pm 2686.687514
A[16]= 242.251952 pm 398.935621

Best-fitting parameters
A[0]= 1.085432
A[1]= 1.015697
A[2]= 0.076805
A[3]= 3.925833
A[4]= 3998.263000
A[5]= -2143.429000
A[6]= 752.178200
A[7]= 11327.140000
A[8]= -5521.054000
A[9]= 884.352300
A[10]= 6.239162
A[11]= 10705.100000
A[12]= -1874.941000
A[13]= 45.021070
A[14]= -1995.364000
A[15]= -853.264700
A[16]= 367.899300
chi2_min= 48.582550


Cross-Covariance parameters
1.000000	-0.451695	-0.164373	0.006654	0.187275	-0.230751	0.064792	0.332406	-0.358639	0.027597	-0.048865	0.175965	-0.270076	0.124736	0.337766	-0.369683	0.033394	
-0.451695	1.000000	0.112945	-0.218991	0.094562	-0.179550	0.152886	-0.226905	0.218642	0.033586	-0.053257	0.165572	-0.123268	-0.031902	-0.259779	0.269159	-0.026143	
-0.164373	0.112945	1.000000	-0.422035	-0.050753	0.087771	-0.072455	0.058092	0.269689	-0.845640	-0.455802	-0.028012	0.054272	-0.041525	0.064443	0.269009	-0.852451	
0.006654	-0.218991	-0.422035	1.000000	0.230829	0.327267	-0.842355	-0.031130	-0.032897	0.141875	0.216200	-0.055498	0.053632	-0.000036	-0.020907	-0.114112	0.354897	
0.187275	0.094562	-0.050753	0.230829	1.000000	-0.782585	-0.040811	0.172428	-0.171632	0.030373	-0.015000	0.088063	-0.107183	0.030258	0.027862	-0.042549	0.021573	
-0.230751	-0.179550	0.087771	0.327267	-0.782585	1.000000	-0.580788	-0.177458	0.250056	-0.231084	0.011106	-0.124207	0.151039	-0.043595	-0.025280	0.056920	-0.059586	
0.064792	0.152886	-0.072455	-0.842355	-0.040811	-0.580788	1.000000	0.034882	-0.150214	0.331770	0.010257	0.061408	-0.074480	0.022926	-0.013111	-0.018439	0.071130	
0.332406	-0.226905	0.058092	-0.031130	0.172428	-0.177458	0.034882	1.000000	-0.922121	0.242580	-0.058818	0.037755	-0.064808	0.032017	0.142730	-0.114893	-0.087441	
-0.358639	0.218642	0.269689	-0.032897	-0.171632	0.250056	-0.150214	-0.922121	1.000000	-0.574947	-0.090729	-0.050381	0.085259	-0.045813	-0.106592	0.190763	-0.198806	
0.027597	0.033586	-0.845640	0.141875	0.030373	-0.231084	0.331770	0.242580	-0.574947	1.000000	0.393550	0.026057	-0.040743	0.027883	-0.104885	-0.185078	0.742717	
-0.048865	-0.053257	-0.455802	0.216200	-0.015000	0.011106	0.010257	-0.058818	-0.090729	0.393550	1.000000	0.237069	0.329870	-0.841097	-0.068510	-0.014988	0.195863	
0.175965	0.165572	-0.028012	-0.055498	0.088063	-0.124207	0.061408	0.037755	-0.050381	0.026057	0.237069	1.000000	-0.769833	-0.085629	0.140140	-0.135860	-0.001317	
-0.270076	-0.123268	0.054272	0.053632	-0.107183	0.151039	-0.074480	-0.064808	0.085259	-0.040743	0.329870	-0.769833	1.000000	-0.559128	-0.171729	0.236344	-0.181543	
0.124736	-0.031902	-0.041525	-0.000036	0.030258	-0.043595	0.022926	0.032017	-0.045813	0.027883	-0.841097	-0.085629	-0.559128	1.000000	0.068159	-0.171023	0.288149	
0.337766	-0.259779	0.064443	-0.020907	0.027862	-0.025280	-0.013111	0.142730	-0.106592	-0.104885	-0.068510	0.140140	-0.171729	0.068159	1.000000	-0.918682	0.229572	
-0.369683	0.269159	0.269009	-0.114112	-0.042549	0.056920	-0.018439	-0.114893	0.190763	-0.185078	-0.014988	-0.135860	0.236344	-0.171023	-0.918682	1.000000	-0.569062	
0.033394	-0.026143	-0.852451	0.354897	0.021573	-0.059586	0.071130	-0.087441	-0.198806	0.742717	0.195863	-0.001317	-0.181543	0.288149	0.229572	-0.569062	1.000000	

Time taken for mcmc chain: 58.133333 minutes
