Number of steps: 3930680
Number of accepted steps: 1480000
Burn-in number of steps: 10000
Accepted fraction of steps: 0.376525
Convergence Status
R[0]= 1.000437	R[1]= 1.000409	R[2]= 1.000781	R[3]= 1.000424	R[4]= 1.000248	R[5]= 1.000066	R[6]= 1.000294	R[7]= 1.000468	R[8]= 1.000445	R[9]= 1.000568	R[10]= 1.000899	R[11]= 1.000298	R[12]= 1.000109	R[13]= 1.000650	R[14]= 1.000183	R[15]= 1.000334	R[16]= 1.000596	
<R>= 1.000424

Mean parameters
A[0]= 1.003008 pm 0.049235
A[1]= 1.026532 pm 0.020670
A[2]= 0.226772 pm 0.152822
A[3]= 5.810354 pm 0.797641
A[4]= 2544.921577 pm 3155.683005
A[5]= 254.780102 pm 965.998465
A[6]= -67.641713 pm 227.260904
A[7]= 3378.422474 pm 7188.642632
A[8]= -2425.155163 pm 2152.336357
A[9]= 343.712019 pm 380.798378
A[10]= 5.469941 pm 1.093757
A[11]= -1366.203247 pm 4897.938902
A[12]= 1362.546332 pm 1357.045623
A[13]= -83.211592 pm 344.488575
A[14]= -4329.265689 pm 8860.095847
A[15]= 135.933748 pm 2587.689676
A[16]= 166.350637 pm 385.076013

Best-fitting parameters
A[0]= 1.021376
A[1]= 1.021446
A[2]= 0.207461
A[3]= 5.950185
A[4]= 3864.426000
A[5]= -58.399150
A[6]= -82.284290
A[7]= 8912.600000
A[8]= -3998.251000
A[9]= 427.527400
A[10]= 5.578042
A[11]= -467.064100
A[12]= 1267.941000
A[13]= -108.736600
A[14]= -2166.193000
A[15]= -498.006600
A[16]= 178.851700
chi2_min= 42.869110


Cross-Covariance parameters
1.000000	-0.453018	-0.247651	0.017938	0.219203	-0.322287	0.179292	0.440537	-0.492246	0.163841	0.114424	0.164046	-0.171984	0.000510	0.248020	-0.295559	0.094788	
-0.453018	1.000000	0.174009	-0.211044	0.160056	-0.173753	0.065755	-0.307093	0.320751	-0.081379	-0.111517	0.136944	-0.127284	0.009741	-0.183821	0.210475	-0.068833	
-0.247651	0.174009	1.000000	-0.584316	-0.075716	0.166692	-0.164727	0.017554	0.414599	-0.925268	-0.426033	-0.047141	0.089877	-0.067106	0.025183	0.305696	-0.837330	
0.017938	-0.211044	-0.584316	1.000000	0.168771	0.275660	-0.676400	-0.088598	-0.112241	0.409668	0.254329	-0.039528	0.012795	0.038346	-0.030155	-0.163897	0.499502	
0.219203	0.160056	-0.075716	0.168771	1.000000	-0.787174	0.027496	0.170816	-0.182932	0.076665	0.022109	0.105169	-0.108135	0.007826	0.027619	-0.050014	0.048085	
-0.322287	-0.173753	0.166692	0.275660	-0.787174	1.000000	-0.629049	-0.225694	0.323507	-0.271066	-0.058299	-0.140178	0.147744	-0.015931	-0.039130	0.091345	-0.118336	
0.179292	0.065755	-0.164727	-0.676400	0.027496	-0.629049	1.000000	0.124360	-0.264727	0.336947	0.063015	0.072175	-0.080940	0.016291	0.016312	-0.070773	0.129404	
0.440537	-0.307093	0.017554	-0.088598	0.170816	-0.225694	0.124360	1.000000	-0.885819	0.190790	0.005163	0.045406	-0.040384	-0.015068	0.133155	-0.107512	-0.075675	
-0.492246	0.320751	0.414599	-0.112241	-0.182932	0.323507	-0.264727	-0.885819	1.000000	-0.610059	-0.186863	-0.064476	0.079046	-0.016623	-0.103974	0.224870	-0.296103	
0.163841	-0.081379	-0.925268	0.409668	0.076665	-0.271066	0.336947	0.190790	-0.610059	1.000000	0.391191	0.044968	-0.085813	0.065904	-0.045316	-0.265384	0.787249	
0.114424	-0.111517	-0.426033	0.254329	0.022109	-0.058299	0.063015	0.005163	-0.186863	0.391191	1.000000	0.285791	0.289863	-0.844415	-0.050843	-0.003925	0.119313	
0.164046	0.136944	-0.047141	-0.039528	0.105169	-0.140178	0.072175	0.045406	-0.064476	0.044968	0.285791	1.000000	-0.767257	-0.105811	0.123156	-0.117148	0.010014	
-0.171984	-0.127284	0.089877	0.012795	-0.108135	0.147744	-0.080940	-0.040384	0.079046	-0.085813	0.289863	-0.767257	1.000000	-0.547355	-0.158228	0.239027	-0.238818	
0.000510	0.009741	-0.067106	0.038346	0.007826	-0.015931	0.016291	-0.015068	-0.016623	0.065904	-0.844415	-0.105811	-0.547355	1.000000	0.072755	-0.200830	0.351742	
0.248020	-0.183821	0.025183	-0.030155	0.027619	-0.039130	0.016312	0.133155	-0.103974	-0.045316	-0.050843	0.123156	-0.158228	0.072755	1.000000	-0.915040	0.304789	
-0.295559	0.210475	0.305696	-0.163897	-0.050014	0.091345	-0.070773	-0.107512	0.224870	-0.265384	-0.003925	-0.117148	0.239027	-0.200830	-0.915040	1.000000	-0.640499	
0.094788	-0.068833	-0.837330	0.499502	0.048085	-0.118336	0.129404	-0.075675	-0.296103	0.787249	0.119313	0.010014	-0.238818	0.351742	0.304789	-0.640499	1.000000	

Time taken for mcmc chain: 1.313611 hours
