Number of steps: 3778857
Number of accepted steps: 1050000
Burn-in number of steps: 10000
Accepted fraction of steps: 0.277862
Convergence Status
R[0]= 1.000062	R[1]= 1.000201	R[2]= 1.000606	R[3]= 1.000811	R[4]= 1.000418	R[5]= 1.000179	R[6]= 1.000979	R[7]= 1.000303	R[8]= 1.000239	R[9]= 1.000586	R[10]= 1.000473	R[11]= 1.000491	R[12]= 1.000044	R[13]= 1.000523	R[14]= 1.000559	R[15]= 1.000931	R[16]= 1.000997	
<R>= 1.000494

Mean parameters
A[0]= 1.056426 pm 0.042862
A[1]= 1.039081 pm 0.031710
A[2]= 0.331742 pm 0.214743
A[3]= 3.749269 pm 0.751560
A[4]= 3902.345864 pm 3169.462348
A[5]= -1355.434461 pm 894.222310
A[6]= 523.280781 pm 219.581321
A[7]= -2148.153305 pm 7026.698180
A[8]= -382.050720 pm 1974.943044
A[9]= 159.351684 pm 351.712741
A[10]= 4.286088 pm 1.023747
A[11]= 6171.507805 pm 4964.774795
A[12]= -1700.736031 pm 1326.842287
A[13]= 403.957788 pm 335.236197
A[14]= -3458.408350 pm 8963.866403
A[15]= -351.484800 pm 2571.495528
A[16]= 113.153361 pm 436.950497

Best-fitting parameters
A[0]= 1.040897
A[1]= 1.038277
A[2]= 0.254307
A[3]= 3.836115
A[4]= 4255.787000
A[5]= -1482.339000
A[6]= 549.555600
A[7]= -4745.704000
A[8]= 98.139200
A[9]= 235.782800
A[10]= 4.640595
A[11]= 3937.463000
A[12]= -938.836800
A[13]= 305.360900
A[14]= -15355.470000
A[15]= 2460.856000
A[16]= 53.118770
chi2_min= 67.071330


Cross-Covariance parameters
1.000000	-0.454024	-0.179846	0.139692	0.110230	-0.114271	0.000280	0.321489	-0.370759	0.113204	0.003112	0.014183	-0.105701	0.122839	0.217227	-0.279980	0.125921	
-0.454024	1.000000	0.145359	-0.272235	0.208865	-0.304527	0.164965	-0.260228	0.267936	-0.038714	-0.113361	0.236340	-0.226658	-0.001475	-0.189389	0.217232	-0.072671	
-0.179846	0.145359	1.000000	-0.616163	-0.038532	0.059596	-0.046224	0.136818	0.279653	-0.884503	-0.470821	0.001170	0.055876	-0.092154	0.103444	0.272341	-0.848158	
0.139692	-0.272235	-0.616163	1.000000	0.225798	0.257587	-0.725665	-0.041736	-0.125506	0.344997	0.311561	-0.046022	0.022563	0.039305	-0.030393	-0.194203	0.512542	
0.110230	0.208865	-0.038532	0.225798	1.000000	-0.782884	-0.081217	0.134091	-0.125564	0.017027	-0.011787	0.085030	-0.101442	0.025757	-0.008934	-0.010179	0.037188	
-0.114271	-0.304527	0.059596	0.257587	-0.782884	1.000000	-0.547292	-0.113813	0.197739	-0.220319	0.017119	-0.108866	0.138313	-0.044731	0.026923	0.006331	-0.065376	
0.000280	0.164965	-0.046224	-0.725665	-0.081217	-0.547292	1.000000	-0.006724	-0.137829	0.331302	-0.002135	0.041273	-0.061632	0.030001	-0.033881	0.006722	0.055248	
0.321489	-0.260228	0.136818	-0.041736	0.134091	-0.113813	-0.006724	1.000000	-0.889407	0.120379	-0.077355	-0.028165	0.014085	0.013750	0.123911	-0.065213	-0.130887	
-0.370759	0.267936	0.279653	-0.125506	-0.125564	0.197739	-0.137829	-0.889407	1.000000	-0.546822	-0.115335	0.018411	0.021970	-0.056526	-0.068911	0.170094	-0.229188	
0.113204	-0.038714	-0.884503	0.344997	0.017027	-0.220319	0.331302	0.120379	-0.546822	1.000000	0.412025	0.016945	-0.071817	0.089298	-0.110735	-0.227607	0.763652	
0.003112	-0.113361	-0.470821	0.311561	-0.011787	0.017119	-0.002135	-0.077355	-0.115335	0.412025	1.000000	0.285001	0.248485	-0.801353	-0.048740	-0.017789	0.135539	
0.014183	0.236340	0.001170	-0.046022	0.085030	-0.108866	0.041273	-0.028165	0.018411	0.016945	0.285001	1.000000	-0.779142	-0.140866	0.098983	-0.068130	-0.048027	
-0.105701	-0.226658	0.055876	0.022563	-0.101442	0.138313	-0.061632	0.014085	0.021970	-0.071817	0.248485	-0.779142	1.000000	-0.501302	-0.104305	0.188366	-0.216364	
0.122839	-0.001475	-0.092154	0.039305	0.025757	-0.044731	0.030001	0.013750	-0.056526	0.089298	-0.801353	-0.140866	-0.501302	1.000000	0.026724	-0.200358	0.412446	
0.217227	-0.189389	0.103444	-0.030393	-0.008934	0.026923	-0.033881	0.123911	-0.068911	-0.110735	-0.048740	0.098983	-0.104305	0.026724	1.000000	-0.895322	0.196975	
-0.279980	0.217232	0.272341	-0.194203	-0.010179	0.006331	0.006722	-0.065213	0.170094	-0.227607	-0.017789	-0.068130	0.188366	-0.200358	-0.895322	1.000000	-0.592907	
0.125921	-0.072671	-0.848158	0.512542	0.037188	-0.065376	0.055248	-0.130887	-0.229188	0.763652	0.135539	-0.048027	-0.216364	0.412446	0.196975	-0.592907	1.000000	

Time taken for mcmc chain: 1.159444 hours
