Number of steps: 14288971
Number of accepted steps: 2000000
Burn-in number of steps: 10000
Accepted fraction of steps: 0.139968
Convergence Status
R[0]= 1.001057	R[1]= 1.000889	R[2]= 1.001277	R[3]= 1.000347	R[4]= 1.000563	R[5]= 1.000436	R[6]= 1.000630	R[7]= 1.000517	R[8]= 1.001046	R[9]= 1.000902	R[10]= 1.001321	R[11]= 1.000013	R[12]= 1.000804	R[13]= 1.001861	R[14]= 1.000558	R[15]= 1.000696	R[16]= 1.001728	
<R>= 1.000862

Mean parameters
A[0]= 1.111559 pm 0.073687
A[1]= 0.972909 pm 0.039332
A[2]= 0.568743 pm 0.381886
A[3]= 3.948895 pm 1.323325
A[4]= 6502.256666 pm 4700.919455
A[5]= -2194.245796 pm 1482.635062
A[6]= 576.814344 pm 400.527585
A[7]= 9203.978516 pm 7647.455868
A[8]= -3338.623223 pm 2496.422611
A[9]= -88.698635 pm 587.811046
A[10]= 5.191595 pm 1.648140
A[11]= -864.613998 pm 7005.777007
A[12]= 1984.387459 pm 2167.483501
A[13]= -244.478719 pm 566.261751
A[14]= -13172.625919 pm 6126.829556
A[15]= 5437.921824 pm 2741.645432
A[16]= -1183.026340 pm 914.302817

Best-fitting parameters
A[0]= 1.114439
A[1]= 0.963340
A[2]= 0.301875
A[3]= 4.770285
A[4]= 6803.844000
A[5]= -2026.269000
A[6]= 480.937500
A[7]= 11232.180000
A[8]= -4533.899000
A[9]= 238.443700
A[10]= 6.388627
A[11]= -4759.498000
A[12]= 3454.389000
A[13]= -454.631800
A[14]= -19763.800000
A[15]= 6363.907000
A[16]= -849.767600
chi2_min= 69.691590


Cross-Covariance parameters
1.000000	-0.380609	-0.250432	0.028951	0.101077	-0.239422	0.198984	0.203473	-0.370625	0.236178	0.128793	0.090405	-0.151661	0.081638	0.113308	-0.290325	0.145208	
-0.380609	1.000000	0.129029	-0.120684	0.226018	-0.177576	-0.026283	-0.115501	0.174249	-0.073579	-0.247430	0.174800	-0.228899	0.109053	-0.071736	0.084358	0.016058	
-0.250432	0.129029	1.000000	-0.675632	-0.058109	-0.059242	0.149977	0.068528	0.429007	-0.792856	-0.529759	0.031158	0.054553	-0.123131	0.066402	0.671557	-0.849094	
0.028951	-0.120684	-0.675632	1.000000	0.165868	0.409149	-0.783817	0.002142	-0.176141	0.268922	0.391165	-0.052800	0.014725	0.054291	-0.061537	-0.435901	0.580901	
0.101077	0.226018	-0.058109	0.165868	1.000000	-0.724776	-0.032699	0.131811	-0.111100	-0.008104	-0.014905	0.078386	-0.102158	0.042704	0.002114	-0.062364	0.067059	
-0.239422	-0.177576	-0.059242	0.409149	-0.724776	1.000000	-0.656585	-0.093989	0.214083	-0.220437	0.089381	-0.094569	0.128075	-0.054802	-0.033819	0.012336	0.037107	
0.198984	-0.026283	0.149977	-0.783817	-0.032699	-0.656585	1.000000	-0.020371	-0.178590	0.334491	-0.103141	0.034765	-0.052053	0.023735	0.044218	0.056749	-0.129100	
0.203473	-0.115501	0.068528	0.002142	0.131811	-0.093989	-0.020371	1.000000	-0.788288	0.097180	-0.021797	0.021395	-0.012010	-0.015248	0.037638	0.025680	-0.088835	
-0.370625	0.174249	0.429007	-0.176141	-0.111100	0.214083	-0.178590	-0.788288	1.000000	-0.669565	-0.234823	-0.013174	0.061553	-0.068881	-0.010386	0.328951	-0.350313	
0.236178	-0.073579	-0.792856	0.268922	-0.008104	-0.220437	0.334491	0.097180	-0.669565	1.000000	0.409319	-0.012961	-0.076519	0.131218	-0.046897	-0.561554	0.701503	
0.128793	-0.247430	-0.529759	0.391165	-0.014905	0.089381	-0.103141	-0.021797	-0.234823	0.409319	1.000000	0.141003	0.374836	-0.732480	0.034702	-0.158767	0.122291	
0.090405	0.174800	0.031158	-0.052800	0.078386	-0.094569	0.034765	0.021395	-0.013174	-0.012961	0.141003	1.000000	-0.744352	-0.022471	0.094246	0.003824	-0.099483	
-0.151661	-0.228899	0.054553	0.014725	-0.102158	0.128075	-0.052053	-0.012010	0.061553	-0.076519	0.374836	-0.744352	1.000000	-0.641986	-0.027635	0.246196	-0.271426	
0.081638	0.109053	-0.123131	0.054291	0.042704	-0.054802	0.023735	-0.015248	-0.068881	0.131218	-0.732480	-0.022471	-0.641986	1.000000	-0.073524	-0.371565	0.533225	
0.113308	-0.071736	0.066402	-0.061537	0.002114	-0.033819	0.044218	0.037638	-0.010386	-0.046897	0.034702	0.094246	-0.027635	-0.073524	1.000000	-0.527979	-0.008624	
-0.290325	0.084358	0.671557	-0.435901	-0.062364	0.012336	0.056749	0.025680	0.328951	-0.561554	-0.158767	0.003824	0.246196	-0.371565	-0.527979	1.000000	-0.817451	
0.145208	0.016058	-0.849094	0.580901	0.067059	0.037107	-0.129100	-0.088835	-0.350313	0.701503	0.122291	-0.099483	-0.271426	0.533225	-0.008624	-0.817451	1.000000	

Time taken for mcmc chain: 4.405278 hours
