Number of steps: 11497376
Number of accepted steps: 2000000
Burn-in number of steps: 10000
Accepted fraction of steps: 0.173953
Convergence Status
R[0]= 1.001036	R[1]= 1.000222	R[2]= 1.001263	R[3]= 1.000568	R[4]= 1.000161	R[5]= 1.000221	R[6]= 1.000270	R[7]= 1.000420	R[8]= 1.000698	R[9]= 1.000793	R[10]= 1.001795	R[11]= 1.000545	R[12]= 1.000128	R[13]= 1.001644	R[14]= 1.000022	R[15]= 1.000441	R[16]= 1.001382	
<R>= 1.000683

Mean parameters
A[0]= 0.943704 pm 0.050391
A[1]= 1.032880 pm 0.031613
A[2]= 0.721826 pm 0.287897
A[3]= 4.473591 pm 0.881822
A[4]= 115.613835 pm 3198.459304
A[5]= 1415.179732 pm 1081.774771
A[6]= -207.911347 pm 252.971493
A[7]= -2579.979595 pm 7560.141348
A[8]= 2303.523056 pm 2668.966104
A[9]= -786.388648 pm 558.086077
A[10]= 3.187402 pm 0.961839
A[11]= -4357.573076 pm 4843.465994
A[12]= 1033.837677 pm 1400.317996
A[13]= 335.476647 pm 373.268019
A[14]= -880.587832 pm 9147.301882
A[15]= -107.791591 pm 2828.191770
A[16]= -208.618952 pm 495.851583

Best-fitting parameters
A[0]= 0.935071
A[1]= 1.045345
A[2]= 0.626824
A[3]= 4.594327
A[4]= 198.822600
A[5]= 1303.802000
A[6]= -187.436600
A[7]= -5472.983000
A[8]= 2596.115000
A[9]= -642.804600
A[10]= 3.499127
A[11]= -5215.686000
A[12]= 1579.724000
A[13]= 213.519800
A[14]= 755.320000
A[15]= -578.060600
A[16]= -137.263300
chi2_min= 59.616260


Cross-Covariance parameters
1.000000	-0.515322	-0.374315	0.171248	0.217690	-0.408678	0.339439	0.523142	-0.618244	0.343613	0.399815	0.199025	-0.065634	-0.186302	0.238551	-0.258842	0.055712	
-0.515322	1.000000	0.299686	-0.325320	0.187802	-0.118318	-0.035762	-0.368554	0.401366	-0.195157	-0.282614	0.085750	-0.126198	0.079533	-0.185598	0.213557	-0.090605	
-0.374315	0.299686	1.000000	-0.797897	-0.152708	0.235462	-0.175598	-0.095904	0.582061	-0.906619	-0.551759	-0.075880	0.101936	-0.038524	-0.032164	0.354065	-0.689369	
0.171248	-0.325320	-0.797897	1.000000	0.145590	0.141354	-0.415168	-0.009630	-0.301267	0.552856	0.424749	-0.003995	-0.041244	0.059637	0.001970	-0.272955	0.581545	
0.217690	0.187802	-0.152708	0.145590	1.000000	-0.778289	0.120623	0.173976	-0.209758	0.144217	0.110398	0.133052	-0.098226	-0.036267	0.012804	-0.051082	0.068649	
-0.408678	-0.118318	0.235462	0.141354	-0.778289	1.000000	-0.708948	-0.290349	0.455158	-0.415012	-0.186026	-0.176594	0.121253	0.063873	-0.060029	0.107745	-0.093868	
0.339439	-0.035762	-0.175598	-0.415168	0.120623	-0.708948	1.000000	0.240198	-0.455182	0.480213	0.145848	0.105494	-0.067505	-0.047061	0.069864	-0.100208	0.067495	
0.523142	-0.368554	-0.095904	-0.009630	0.173976	-0.290349	0.240198	1.000000	-0.831205	0.250101	0.164076	0.076278	-0.000846	-0.109345	0.146376	-0.115060	-0.055621	
-0.618244	0.401366	0.582061	-0.301267	-0.209758	0.455158	-0.455182	-0.831205	1.000000	-0.736214	-0.411512	-0.112926	0.065455	0.066778	-0.131451	0.271949	-0.309130	
0.343613	-0.195157	-0.906619	0.552856	0.144217	-0.415012	0.480213	0.250101	-0.736214	1.000000	0.499223	0.086710	-0.114198	0.042812	0.024199	-0.323708	0.640489	
0.399815	-0.282614	-0.551759	0.424749	0.110398	-0.186026	0.145848	0.164076	-0.411512	0.499223	1.000000	0.263564	0.298286	-0.775662	0.009191	0.022085	-0.084772	
0.199025	0.085750	-0.075880	-0.003995	0.133052	-0.176594	0.105494	0.076278	-0.112926	0.086710	0.263564	1.000000	-0.734854	-0.092749	0.145102	-0.095553	-0.062647	
-0.065634	-0.126198	0.101936	-0.041244	-0.098226	0.121253	-0.067505	-0.000846	0.065455	-0.114198	0.298286	-0.734854	1.000000	-0.599018	-0.160434	0.315064	-0.385624	
-0.186302	0.079533	-0.038524	0.059637	-0.036267	0.063873	-0.047061	-0.109345	0.066778	0.042812	-0.775662	-0.092749	-0.599018	1.000000	0.053346	-0.334026	0.633398	
0.238551	-0.185598	-0.032164	0.001970	0.012804	-0.060029	0.069864	0.146376	-0.131451	0.024199	0.009191	0.145102	-0.160434	0.053346	1.000000	-0.881776	0.285625	
-0.258842	0.213557	0.354065	-0.272955	-0.051082	0.107745	-0.100208	-0.115060	0.271949	-0.323708	0.022085	-0.095553	0.315064	-0.334026	-0.881776	1.000000	-0.688322	
0.055712	-0.090605	-0.689369	0.581545	0.068649	-0.093868	0.067495	-0.055621	-0.309130	0.640489	-0.084772	-0.062647	-0.385624	0.633398	0.285625	-0.688322	1.000000	

Time taken for mcmc chain: 3.568333 hours
