Number of steps: 13048306
Number of accepted steps: 1880000
Burn-in number of steps: 10000
Accepted fraction of steps: 0.144080
Convergence Status
R[0]= 1.000668	R[1]= 1.000346	R[2]= 1.000622	R[3]= 1.000867	R[4]= 1.000367	R[5]= 1.000593	R[6]= 1.000394	R[7]= 1.000581	R[8]= 1.000198	R[9]= 1.000659	R[10]= 1.000754	R[11]= 1.000299	R[12]= 1.000704	R[13]= 1.000579	R[14]= 1.000089	R[15]= 1.000072	R[16]= 1.000096	
<R>= 1.000464

Mean parameters
A[0]= 0.967787 pm 0.177128
A[1]= 1.028471 pm 0.038109
A[2]= 0.313149 pm 0.273776
A[3]= 5.433516 pm 1.327348
A[4]= 249.704156 pm 5883.478186
A[5]= 570.491504 pm 1883.040146
A[6]= 55.657796 pm 397.298837
A[7]= -9343.350860 pm 8706.013735
A[8]= 1623.734235 pm 3010.855353
A[9]= 41.908667 pm 552.977069
A[10]= 5.168214 pm 1.929462
A[11]= 15042.604857 pm 3962.856323
A[12]= -4307.559943 pm 2171.866132
A[13]= 535.105018 pm 678.340988
A[14]= 4641.281870 pm 10222.015897
A[15]= -2258.302421 pm 3536.439595
A[16]= 278.628600 pm 615.703016

Best-fitting parameters
A[0]= 0.901412
A[1]= 1.032945
A[2]= 0.301363
A[3]= 5.341481
A[4]= -2784.397000
A[5]= 1421.373000
A[6]= 29.859710
A[7]= -16613.600000
A[8]= 3607.179000
A[9]= -22.488510
A[10]= 5.291638
A[11]= 19226.000000
A[12]= -5408.686000
A[13]= 579.856800
A[14]= 4570.254000
A[15]= -2145.639000
A[16]= 286.964900
chi2_min= 59.346410


Cross-Covariance parameters
1.000000	-0.454938	-0.369825	0.118063	0.577439	-0.592912	0.113051	0.590187	-0.603579	0.022253	-0.389546	0.162496	-0.552111	0.500345	0.337316	-0.456914	0.169709	
-0.454938	1.000000	0.272540	-0.206335	-0.042072	0.051948	-0.002606	-0.314054	0.340450	-0.041485	-0.074563	0.008418	0.060453	-0.062874	-0.217592	0.252649	-0.052207	
-0.369825	0.272540	1.000000	-0.566597	-0.275981	0.321546	-0.135252	-0.182953	0.602757	-0.848117	-0.238603	-0.084918	0.253049	-0.218618	-0.121595	0.513062	-0.814407	
0.118063	-0.206335	-0.566597	1.000000	0.222284	0.197679	-0.704758	0.049206	-0.216006	0.351194	0.219054	0.025346	-0.065470	0.050382	0.042179	-0.259665	0.460215	
0.577439	-0.042072	-0.275981	0.222284	1.000000	-0.828862	0.055478	0.388854	-0.412445	0.072980	-0.263137	0.132455	-0.392517	0.347656	0.182548	-0.292663	0.181156	
-0.592912	0.051948	0.321546	0.197679	-0.828862	1.000000	-0.591517	-0.398357	0.512940	-0.242888	0.256633	-0.133474	0.410670	-0.368445	-0.188719	0.323062	-0.232781	
0.113051	-0.002606	-0.135252	-0.704758	0.055478	-0.591517	1.000000	0.089920	-0.259460	0.331925	-0.029370	0.026884	-0.099157	0.095071	0.036344	-0.102198	0.131720	
0.590187	-0.314054	-0.182953	0.049206	0.388854	-0.398357	0.089920	1.000000	-0.858728	0.145947	-0.238409	0.084404	-0.317716	0.295737	0.203370	-0.263789	0.079659	
-0.603579	0.340450	0.602757	-0.216006	-0.412445	0.512940	-0.259460	-0.858728	1.000000	-0.594654	0.065851	-0.099477	0.355880	-0.327036	-0.200543	0.436359	-0.456886	
0.022253	-0.041485	-0.848117	0.351194	0.072980	-0.242888	0.331925	0.145947	-0.594654	1.000000	0.345751	0.026385	-0.076281	0.065899	-0.009276	-0.348148	0.769729	
-0.389546	-0.074563	-0.238603	0.219054	-0.263137	0.256633	-0.029370	-0.238409	0.065851	0.345751	1.000000	0.011040	0.716982	-0.867620	-0.180394	0.176003	0.029614	
0.162496	0.008418	-0.084918	0.025346	0.132455	-0.133474	0.026884	0.084404	-0.099477	0.026385	0.011040	1.000000	-0.524207	0.105039	0.109586	-0.128800	0.053068	
-0.552111	0.060453	0.253049	-0.065470	-0.392517	0.410670	-0.099157	-0.317716	0.355880	-0.076281	0.716982	-0.524207	1.000000	-0.892847	-0.264630	0.457149	-0.386564	
0.500345	-0.062874	-0.218618	0.050382	0.347656	-0.368445	0.095071	0.295737	-0.327036	0.065899	-0.867620	0.105039	-0.892847	1.000000	0.234099	-0.441243	0.418790	
0.337316	-0.217592	-0.121595	0.042179	0.182548	-0.188719	0.036344	0.203370	-0.200543	-0.009276	-0.180394	0.109586	-0.264630	0.234099	1.000000	-0.856967	0.300580	
-0.456914	0.252649	0.513062	-0.259665	-0.292663	0.323062	-0.102198	-0.263789	0.436359	-0.348148	0.176003	-0.128800	0.457149	-0.441243	-0.856967	1.000000	-0.710951	
0.169709	-0.052207	-0.814407	0.460215	0.181156	-0.232781	0.131720	0.079659	-0.456886	0.769729	0.029614	0.053068	-0.386564	0.418790	0.300580	-0.710951	1.000000	

Time taken for mcmc chain: 4.361667 hours
