Number of steps: 11025079
Number of accepted steps: 2000000
Burn-in number of steps: 10000
Accepted fraction of steps: 0.181405
Convergence Status
R[0]= 1.001398	R[1]= 1.001251	R[2]= 1.008272	R[3]= 1.005605	R[4]= 1.000808	R[5]= 1.000199	R[6]= 1.001253	R[7]= 1.001042	R[8]= 1.002578	R[9]= 1.003461	R[10]= 1.002124	R[11]= 1.000433	R[12]= 1.000776	R[13]= 1.000885	R[14]= 1.000334	R[15]= 1.001617	R[16]= 1.003607	
<R>= 1.002097

Mean parameters
A[0]= 0.968892 pm 0.059443
A[1]= 1.003582 pm 0.034258
A[2]= 0.544646 pm 0.314067
A[3]= 3.794249 pm 0.862461
A[4]= 5716.759904 pm 3118.944334
A[5]= -1570.166896 pm 974.948515
A[6]= 458.284702 pm 238.061902
A[7]= -8206.520765 pm 6471.010565
A[8]= 1379.323399 pm 2175.122246
A[9]= -160.338705 pm 480.388558
A[10]= 3.322492 pm 1.102339
A[11]= -3133.440254 pm 4669.286738
A[12]= 269.176436 pm 1509.572651
A[13]= 507.997125 pm 391.104401
A[14]= 7247.877616 pm 8160.124860
A[15]= -2684.900120 pm 2636.476180
A[16]= 193.876645 pm 496.315208

Best-fitting parameters
A[0]= 0.979731
A[1]= 1.003083
A[2]= 0.553761
A[3]= 3.623350
A[4]= 7073.326000
A[5]= -2015.627000
A[6]= 505.656500
A[7]= -8266.537000
A[8]= 1407.956000
A[9]= -200.781800
A[10]= 3.644141
A[11]= -788.457300
A[12]= 80.224200
A[13]= 366.206800
A[14]= 10469.230000
A[15]= -3050.417000
A[16]= 45.360880
chi2_min= 46.395110


Cross-Covariance parameters
1.000000	-0.442175	-0.309257	0.237023	0.221648	-0.240702	0.041174	0.389579	-0.453860	0.178477	-0.007349	0.099448	-0.256769	0.234297	0.258106	-0.377716	0.256502	
-0.442175	1.000000	0.222626	-0.253302	0.200660	-0.179707	0.013862	-0.261015	0.295208	-0.115587	-0.273350	0.120262	-0.172653	0.116822	-0.158314	0.173219	-0.045964	
-0.309257	0.222626	1.000000	-0.750106	-0.107706	0.142404	-0.073156	-0.030385	0.549914	-0.889615	-0.494606	-0.054086	0.099934	-0.076469	-0.022008	0.414042	-0.782791	
0.237023	-0.253302	-0.750106	1.000000	0.166759	0.216178	-0.560929	0.009462	-0.302621	0.491718	0.395376	0.024452	-0.049346	0.037944	0.025215	-0.313658	0.577925	
0.221648	0.200660	-0.107706	0.166759	1.000000	-0.769772	0.016831	0.171598	-0.173394	0.066868	-0.067028	0.089004	-0.170108	0.135225	0.038510	-0.106588	0.135543	
-0.240702	-0.179707	0.142404	0.216178	-0.769772	1.000000	-0.641710	-0.191982	0.330993	-0.309077	0.043751	-0.083237	0.168102	-0.139462	-0.037146	0.123455	-0.171234	
0.041174	0.013862	-0.073156	-0.560929	0.016831	-0.641710	1.000000	0.072181	-0.281947	0.393047	0.030562	0.004030	-0.019348	0.023081	-0.002797	-0.037790	0.079390	
0.389579	-0.261015	-0.030385	0.009462	0.171598	-0.191982	0.072181	1.000000	-0.810022	0.169571	-0.023415	0.017378	-0.064259	0.063831	0.112688	-0.115524	0.013484	
-0.453860	0.295208	0.549914	-0.302621	-0.173394	0.330993	-0.281947	-0.810022	1.000000	-0.703035	-0.244960	-0.039963	0.103438	-0.093451	-0.091154	0.306498	-0.435525	
0.178477	-0.115587	-0.889615	0.491718	0.066868	-0.309077	0.393047	0.169571	-0.703035	1.000000	0.456364	0.039266	-0.073814	0.058178	-0.017188	-0.344469	0.719227	
-0.007349	-0.273350	-0.494606	0.395376	-0.067028	0.043751	0.030562	-0.023415	-0.244960	0.456364	1.000000	0.140292	0.424953	-0.790876	-0.047398	0.030215	0.020755	
0.099448	0.120262	-0.054086	0.024452	0.089004	-0.083237	0.004030	0.017378	-0.039963	0.039266	0.140292	1.000000	-0.731650	0.033499	0.122341	-0.109793	0.015445	
-0.256769	-0.172653	0.099934	-0.049346	-0.170108	0.168102	-0.019348	-0.064259	0.103438	-0.073814	0.424953	-0.731650	1.000000	-0.698787	-0.165496	0.335050	-0.381460	
0.234297	0.116822	-0.076469	0.037944	0.135225	-0.139462	0.023081	0.063831	-0.093451	0.058178	-0.790876	0.033499	-0.698787	1.000000	0.104149	-0.362370	0.538764	
0.258106	-0.158314	-0.022008	0.025215	0.038510	-0.037146	-0.002797	0.112688	-0.091154	-0.017188	-0.047398	0.122341	-0.165496	0.104149	1.000000	-0.856305	0.272368	
-0.377716	0.173219	0.414042	-0.313658	-0.106588	0.123455	-0.037790	-0.115524	0.306498	-0.344469	0.030215	-0.109793	0.335050	-0.362370	-0.856305	1.000000	-0.713101	
0.256502	-0.045964	-0.782791	0.577925	0.135543	-0.171234	0.079390	0.013484	-0.435525	0.719227	0.020755	0.015445	-0.381460	0.538764	0.272368	-0.713101	1.000000	

Time taken for mcmc chain: 3.541944 hours
