Number of steps: 5458608
Number of accepted steps: 1460000
Burn-in number of steps: 10000
Accepted fraction of steps: 0.267467
Convergence Status
R[0]= 1.000278	R[1]= 1.000392	R[2]= 1.000195	R[3]= 1.000831	R[4]= 1.000240	R[5]= 1.000489	R[6]= 1.000953	R[7]= 1.000300	R[8]= 1.000326	R[9]= 1.000132	R[10]= 1.000357	R[11]= 1.000178	R[12]= 1.000249	R[13]= 1.000378	R[14]= 1.000350	R[15]= 1.000420	R[16]= 1.000163	
<R>= 1.000367

Mean parameters
A[0]= 1.083361 pm 0.044613
A[1]= 0.985382 pm 0.022803
A[2]= 0.425494 pm 0.220002
A[3]= 4.387328 pm 0.820369
A[4]= 3498.713276 pm 3060.878065
A[5]= -629.890399 pm 923.932305
A[6]= 249.259910 pm 226.866592
A[7]= 5794.226322 pm 6765.200501
A[8]= -1629.185923 pm 1991.081526
A[9]= -136.993158 pm 407.635935
A[10]= 4.959305 pm 1.059572
A[11]= 773.061383 pm 4895.084809
A[12]= 533.939389 pm 1368.665410
A[13]= -18.237149 pm 352.763596
A[14]= -6160.544578 pm 8474.821837
A[15]= 624.489166 pm 2514.330912
A[16]= -308.878119 pm 518.088447

Best-fitting parameters
A[0]= 1.080750
A[1]= 0.998063
A[2]= 0.497051
A[3]= 4.305269
A[4]= 4283.321000
A[5]= -652.763700
A[6]= 172.266800
A[7]= 7464.398000
A[8]= -1655.882000
A[9]= -298.286700
A[10]= 5.170515
A[11]= 2333.769000
A[12]= 553.669200
A[13]= -202.878000
A[14]= -4655.997000
A[15]= 1133.008000
A[16]= -602.659700
chi2_min= 41.773670


Cross-Covariance parameters
1.000000	-0.419459	-0.236226	0.083385	0.139795	-0.230240	0.143031	0.334737	-0.440897	0.212257	0.141466	0.122499	-0.147105	0.029669	0.225800	-0.313409	0.140680	
-0.419459	1.000000	0.152603	-0.224720	0.178302	-0.217080	0.089432	-0.208309	0.239372	-0.069361	-0.150780	0.172798	-0.169389	0.014500	-0.146083	0.187142	-0.073809	
-0.236226	0.152603	1.000000	-0.696681	-0.028180	0.011086	0.012114	0.118419	0.372092	-0.897137	-0.505054	0.028018	0.047742	-0.113708	0.098612	0.362148	-0.853690	
0.083385	-0.224720	-0.696681	1.000000	0.146709	0.322878	-0.694857	-0.039097	-0.196679	0.424469	0.367478	-0.070793	0.023574	0.067732	-0.073295	-0.245808	0.595603	
0.139795	0.178302	-0.028180	0.146709	1.000000	-0.772116	-0.003514	0.187073	-0.169220	0.013200	0.000706	0.075791	-0.080736	0.009007	0.017866	-0.033013	0.022877	
-0.230240	-0.217080	0.011086	0.322878	-0.772116	1.000000	-0.623918	-0.156349	0.238195	-0.198330	0.017711	-0.108738	0.120422	-0.020849	-0.033312	0.043427	-0.009808	
0.143031	0.089432	0.012114	-0.694857	-0.003514	-0.623918	1.000000	-0.007525	-0.146101	0.301756	-0.023856	0.055156	-0.067612	0.020816	0.020402	-0.020178	-0.006505	
0.334737	-0.208309	0.118419	-0.039097	0.187073	-0.156349	-0.007525	1.000000	-0.848135	0.084636	-0.048005	0.025404	-0.018097	-0.017053	0.117464	-0.050487	-0.130679	
-0.440897	0.239372	0.372092	-0.196679	-0.169220	0.238195	-0.146101	-0.848135	1.000000	-0.586104	-0.195289	-0.019152	0.052537	-0.044931	-0.061687	0.224491	-0.294935	
0.212257	-0.069361	-0.897137	0.424469	0.013200	-0.198330	0.301756	0.084636	-0.586104	1.000000	0.442833	-0.013478	-0.063130	0.115696	-0.096929	-0.323160	0.777847	
0.141466	-0.150780	-0.505054	0.367478	0.000706	0.017711	-0.023856	-0.048005	-0.195289	0.442833	1.000000	0.225550	0.303103	-0.768177	0.033013	-0.103977	0.119476	
0.122499	0.172798	0.028018	-0.070793	0.075791	-0.108738	0.055156	0.025404	-0.019152	-0.013478	0.225550	1.000000	-0.762190	-0.102669	0.171095	-0.108516	-0.092929	
-0.147105	-0.169389	0.047742	0.023574	-0.080736	0.120422	-0.067612	-0.018097	0.052537	-0.063130	0.303103	-0.762190	1.000000	-0.556715	-0.106619	0.217390	-0.232599	
0.029669	0.014500	-0.113708	0.067732	0.009007	-0.020849	0.020816	-0.017053	-0.044931	0.115696	-0.768177	-0.102669	-0.556715	1.000000	-0.066967	-0.185118	0.485237	
0.225800	-0.146083	0.098612	-0.073295	0.017866	-0.033312	0.020402	0.117464	-0.061687	-0.096929	0.033013	0.171095	-0.106619	-0.066967	1.000000	-0.845299	0.104007	
-0.313409	0.187142	0.362148	-0.245808	-0.033013	0.043427	-0.020178	-0.050487	0.224491	-0.323160	-0.103977	-0.108516	0.217390	-0.185118	-0.845299	1.000000	-0.599811	
0.140680	-0.073809	-0.853690	0.595603	0.022877	-0.009808	-0.006505	-0.130679	-0.294935	0.777847	0.119476	-0.092929	-0.232599	0.485237	0.104007	-0.599811	1.000000	

Time taken for mcmc chain: 1.715000 hours
