Number of steps: 13157663
Number of accepted steps: 2000000
Burn-in number of steps: 10000
Accepted fraction of steps: 0.152003
Convergence Status
R[0]= 1.000201	R[1]= 1.000941	R[2]= 1.001767	R[3]= 1.001149	R[4]= 1.000396	R[5]= 1.000107	R[6]= 1.000245	R[7]= 1.000121	R[8]= 1.000652	R[9]= 1.000927	R[10]= 1.001715	R[11]= 1.000303	R[12]= 1.000720	R[13]= 1.000885	R[14]= 1.000142	R[15]= 1.000499	R[16]= 1.000615	
<R>= 1.000670

Mean parameters
A[0]= 1.058822 pm 0.069220
A[1]= 0.972163 pm 0.037633
A[2]= 0.551671 pm 0.339165
A[3]= 5.206451 pm 1.347001
A[4]= 529.144074 pm 4885.358588
A[5]= 370.669313 pm 1598.424835
A[6]= 21.148727 pm 408.208661
A[7]= 7700.266114 pm 8262.057844
A[8]= -2115.027159 pm 2926.742564
A[9]= -339.809514 pm 729.906267
A[10]= 5.890901 pm 1.855724
A[11]= -2792.808686 pm 6966.573288
A[12]= 2640.718736 pm 2275.456786
A[13]= -442.365779 pm 588.364146
A[14]= -1269.439762 pm 10468.441672
A[15]= 1530.137192 pm 3533.159331
A[16]= -914.397993 pm 842.952919

Best-fitting parameters
A[0]= 1.043115
A[1]= 0.976763
A[2]= 0.572314
A[3]= 5.453560
A[4]= 2669.928000
A[5]= 276.302000
A[6]= -139.102400
A[7]= 7860.993000
A[8]= -1424.390000
A[9]= -578.142700
A[10]= 5.190886
A[11]= -2989.951000
A[12]= 2210.495000
A[13]= -246.101900
A[14]= -6239.377000
A[15]= 2797.306000
A[16]= -966.855700
chi2_min= 55.089320


Cross-Covariance parameters
1.000000	-0.373090	-0.346341	0.132039	0.183631	-0.298046	0.197136	0.297645	-0.463344	0.277890	0.162592	0.146413	-0.194500	0.085193	0.215359	-0.382182	0.233804	
-0.373090	1.000000	0.229802	-0.243164	0.245800	-0.211250	0.006347	-0.167186	0.245731	-0.130704	-0.317813	0.146341	-0.226487	0.148838	-0.132078	0.175446	-0.054467	
-0.346341	0.229802	1.000000	-0.669956	-0.051713	0.089038	-0.074622	0.012340	0.568636	-0.877347	-0.607013	-0.035162	0.015574	0.020091	0.023764	0.499341	-0.815350	
0.132039	-0.243164	-0.669956	1.000000	0.111113	0.344859	-0.651352	0.019187	-0.255679	0.354641	0.453310	-0.020640	0.061073	-0.060666	-0.037390	-0.304613	0.534052	
0.183631	0.245800	-0.051713	0.111113	1.000000	-0.748892	0.030515	0.150354	-0.129658	0.012771	-0.046691	0.099630	-0.137947	0.071223	0.013524	-0.059103	0.063918	
-0.298046	-0.211250	0.089038	0.344859	-0.748892	1.000000	-0.676736	-0.122250	0.288548	-0.291734	0.035324	-0.116334	0.170208	-0.096094	-0.041316	0.113745	-0.104623	
0.197136	0.006347	-0.074622	-0.651352	0.030515	-0.676736	1.000000	0.002593	-0.279633	0.431001	0.013324	0.042309	-0.072098	0.049071	0.039823	-0.093785	0.081457	
0.297645	-0.167186	0.012340	0.019187	0.150354	-0.122250	0.002593	1.000000	-0.752005	0.109306	-0.001248	0.034765	-0.038376	0.007566	0.088419	-0.066153	-0.043653	
-0.463344	0.245731	0.568636	-0.255679	-0.129658	0.288548	-0.279633	-0.752005	1.000000	-0.722470	-0.347398	-0.054297	0.054913	-0.008288	-0.061864	0.357502	-0.454826	
0.277890	-0.130704	-0.877347	0.354641	0.012771	-0.291734	0.431001	0.109306	-0.722470	1.000000	0.529552	0.034341	-0.027519	-0.001649	-0.031204	-0.446601	0.748707	
0.162592	-0.317813	-0.607013	0.453310	-0.046691	0.035324	0.013324	-0.001248	-0.347398	0.529552	1.000000	0.120849	0.420134	-0.767633	0.049222	-0.172179	0.178770	
0.146413	0.146341	-0.035162	-0.020640	0.099630	-0.116334	0.042309	0.034765	-0.054297	0.034341	0.120849	1.000000	-0.739594	0.031121	0.145414	-0.114819	-0.013124	
-0.194500	-0.226487	0.015574	0.061073	-0.137947	0.170208	-0.072098	-0.038376	0.054913	-0.027519	0.420134	-0.739594	1.000000	-0.687578	-0.080610	0.237951	-0.281960	
0.085193	0.148838	0.020091	-0.060666	0.071223	-0.096094	0.049071	0.007566	-0.008288	-0.001649	-0.767633	0.031121	-0.687578	1.000000	-0.046472	-0.219159	0.436933	
0.215359	-0.132078	0.023764	-0.037390	0.013524	-0.041316	0.039823	0.088419	-0.061864	-0.031204	0.049222	0.145414	-0.080610	-0.046472	1.000000	-0.770510	0.107897	
-0.382182	0.175446	0.499341	-0.304613	-0.059103	0.113745	-0.093785	-0.066153	0.357502	-0.446601	-0.172179	-0.114819	0.237951	-0.219159	-0.770510	1.000000	-0.695318	
0.233804	-0.054467	-0.815350	0.534052	0.063918	-0.104623	0.081457	-0.043653	-0.454826	0.748707	0.178770	-0.013124	-0.281960	0.436933	0.107897	-0.695318	1.000000	

Time taken for mcmc chain: 4.045833 hours
