Number of steps: 8535959
Number of accepted steps: 1970000
Burn-in number of steps: 10000
Accepted fraction of steps: 0.230788
Convergence Status
R[0]= 1.000326	R[1]= 1.000512	R[2]= 1.000754	R[3]= 1.000398	R[4]= 1.000190	R[5]= 1.000251	R[6]= 1.000275	R[7]= 1.000198	R[8]= 1.000369	R[9]= 1.000837	R[10]= 1.000294	R[11]= 1.000429	R[12]= 1.000411	R[13]= 1.000131	R[14]= 1.000098	R[15]= 1.000151	R[16]= 1.000661	
<R>= 1.000370

Mean parameters
A[0]= 0.955958 pm 0.056459
A[1]= 1.068434 pm 0.037673
A[2]= 0.367901 pm 0.257433
A[3]= 3.070434 pm 0.757018
A[4]= 3316.411836 pm 3083.911622
A[5]= -1805.346637 pm 912.051412
A[6]= 760.645751 pm 225.343181
A[7]= 1691.273994 pm 7028.894645
A[8]= -2257.554373 pm 2079.368702
A[9]= 496.337650 pm 337.929743
A[10]= 4.803033 pm 1.086507
A[11]= 11160.565252 pm 4548.660852
A[12]= -2357.432551 pm 1329.120587
A[13]= 210.283890 pm 352.630977
A[14]= 1667.634466 pm 9353.135115
A[15]= -966.243973 pm 2905.448139
A[16]= 109.010635 pm 549.565706

Best-fitting parameters
A[0]= 0.955394
A[1]= 1.064467
A[2]= 0.487956
A[3]= 2.822962
A[4]= 2864.176000
A[5]= -1662.458000
A[6]= 739.390500
A[7]= 1910.826000
A[8]= -1834.541000
A[9]= 298.682100
A[10]= 4.437430
A[11]= 11927.990000
A[12]= -2460.068000
A[13]= 193.812400
A[14]= 9525.393000
A[15]= -2257.726000
A[16]= -71.005840
chi2_min= 46.645770


Cross-Covariance parameters
1.000000	-0.534153	-0.230409	0.101975	0.129564	-0.177901	0.071613	0.342288	-0.383901	0.128329	0.098043	0.104477	-0.180425	0.092250	0.329099	-0.375747	0.115955	
-0.534153	1.000000	0.236543	-0.297828	0.118253	-0.196259	0.139268	-0.260766	0.285100	-0.091294	-0.189615	0.188931	-0.143624	-0.031328	-0.287075	0.331786	-0.130865	
-0.230409	0.236543	1.000000	-0.618399	-0.101255	0.120133	-0.045629	0.022217	0.351848	-0.864296	-0.553458	-0.036504	0.179825	-0.206741	0.024173	0.426465	-0.892644	
0.101975	-0.297828	-0.618399	1.000000	0.231749	0.261553	-0.719811	-0.088614	-0.067881	0.340726	0.366967	-0.041204	-0.040626	0.113006	0.001651	-0.275525	0.549967	
0.129564	0.118253	-0.101255	0.231749	1.000000	-0.769201	-0.033693	0.117758	-0.128682	0.076277	0.041916	0.092917	-0.106958	0.026124	0.001444	-0.047902	0.085312	
-0.177901	-0.196259	0.120133	0.261553	-0.769201	1.000000	-0.604058	-0.189986	0.285017	-0.286096	-0.034532	-0.129461	0.158153	-0.049224	0.003418	0.057313	-0.109052	
0.071613	0.139268	-0.045629	-0.719811	-0.033693	-0.604058	1.000000	0.137316	-0.266073	0.339094	-0.000489	0.065648	-0.088150	0.036237	-0.012838	-0.017507	0.052373	
0.342288	-0.260766	0.022217	-0.088614	0.117758	-0.189986	0.137316	1.000000	-0.903889	0.259570	-0.023301	-0.000956	-0.017732	0.016643	0.143547	-0.107624	-0.056963	
-0.383901	0.285100	0.351848	-0.067881	-0.128682	0.285017	-0.266073	-0.903889	1.000000	-0.633292	-0.181821	-0.019598	0.093219	-0.097626	-0.110940	0.250739	-0.288504	
0.128329	-0.091294	-0.864296	0.340726	0.076277	-0.286096	0.339094	0.259570	-0.633292	1.000000	0.469430	0.041588	-0.174696	0.194342	-0.059763	-0.344116	0.795931	
0.098043	-0.189615	-0.553458	0.366967	0.041916	-0.034532	-0.000489	-0.023301	-0.181821	0.469430	1.000000	0.234490	0.247520	-0.665845	-0.109177	-0.055069	0.298753	
0.104477	0.188931	-0.036504	-0.041204	0.092917	-0.129461	0.065648	-0.000956	-0.019598	0.041588	0.234490	1.000000	-0.735552	-0.093107	0.063591	-0.051884	-0.001872	
-0.180425	-0.143624	0.179825	-0.040626	-0.106958	0.158153	-0.088150	-0.017732	0.093219	-0.174696	0.247520	-0.735552	1.000000	-0.596011	-0.151537	0.289066	-0.312682	
0.092250	-0.031328	-0.206741	0.113006	0.026124	-0.049224	0.036237	0.016643	-0.097626	0.194342	-0.665845	-0.093107	-0.596011	1.000000	0.142823	-0.352029	0.454612	
0.329099	-0.287075	0.024173	0.001651	0.001444	0.003418	-0.012838	0.143547	-0.110940	-0.059763	-0.109177	0.063591	-0.151537	0.142823	1.000000	-0.862037	0.202276	
-0.375747	0.331786	0.426465	-0.275525	-0.047902	0.057313	-0.017507	-0.107624	0.250739	-0.344116	-0.055069	-0.051884	0.289066	-0.352029	-0.862037	1.000000	-0.653636	
0.115955	-0.130865	-0.892644	0.549967	0.085312	-0.109052	0.052373	-0.056963	-0.288504	0.795931	0.298753	-0.001872	-0.312682	0.454612	0.202276	-0.653636	1.000000	

Time taken for mcmc chain: 2.859722 hours
