Number of steps: 6221535
Number of accepted steps: 1980000
Burn-in number of steps: 10000
Accepted fraction of steps: 0.318249
Convergence Status
R[0]= 1.000093	R[1]= 1.000169	R[2]= 1.000975	R[3]= 1.000702	R[4]= 1.000381	R[5]= 1.000338	R[6]= 1.000465	R[7]= 1.000261	R[8]= 1.000293	R[9]= 1.000974	R[10]= 1.000314	R[11]= 1.000156	R[12]= 1.000347	R[13]= 1.000234	R[14]= 1.000061	R[15]= 1.000066	R[16]= 1.000543	
<R>= 1.000375

Mean parameters
A[0]= 1.070458 pm 0.043163
A[1]= 1.012892 pm 0.022564
A[2]= 0.286798 pm 0.188178
A[3]= 4.126206 pm 0.733335
A[4]= 1923.286086 pm 3104.004877
A[5]= -969.446670 pm 878.637614
A[6]= 470.551418 pm 215.319699
A[7]= 8343.171088 pm 6242.204483
A[8]= -3964.510277 pm 1810.778824
A[9]= 397.234614 pm 340.056015
A[10]= 5.534751 pm 1.126127
A[11]= -2452.487241 pm 4930.546876
A[12]= 1683.183020 pm 1358.550511
A[13]= -166.411571 pm 345.241829
A[14]= 2684.159369 pm 9085.010705
A[15]= -1816.050325 pm 2610.707965
A[16]= 64.354290 pm 464.164064

Best-fitting parameters
A[0]= 1.061717
A[1]= 1.015361
A[2]= 0.321766
A[3]= 3.872172
A[4]= 1695.420000
A[5]= -934.912700
A[6]= 501.011500
A[7]= 9938.789000
A[8]= -4232.206000
A[9]= 372.984900
A[10]= 5.713281
A[11]= -1146.247000
A[12]= 1715.327000
A[13]= -284.870500
A[14]= -2421.990000
A[15]= -99.047820
A[16]= -164.957800
chi2_min= 46.683670


Cross-Covariance parameters
1.000000	-0.405336	-0.192949	0.074595	0.135263	-0.184559	0.070104	0.288546	-0.350704	0.125945	0.050818	0.107798	-0.165653	0.076653	0.243241	-0.312027	0.126214	
-0.405336	1.000000	0.126555	-0.161942	0.186487	-0.208763	0.052417	-0.194345	0.212398	-0.046723	-0.170289	0.173560	-0.209892	0.075731	-0.181683	0.198599	-0.040732	
-0.192949	0.126555	1.000000	-0.583485	-0.021691	0.059111	-0.068186	0.100323	0.342173	-0.900987	-0.512328	-0.016761	0.046264	-0.050999	0.113022	0.291474	-0.866924	
0.074595	-0.161942	-0.583485	1.000000	0.221174	0.269939	-0.739507	-0.037239	-0.135170	0.338132	0.315055	-0.025404	0.016579	0.014567	-0.063488	-0.170068	0.503142	
0.135263	0.186487	-0.021691	0.221174	1.000000	-0.782902	-0.068704	0.161023	-0.143571	0.002605	-0.030956	0.083004	-0.108182	0.042257	0.008568	-0.025595	0.028477	
-0.184559	-0.208763	0.059111	0.269939	-0.782902	1.000000	-0.557657	-0.150469	0.226651	-0.200790	0.019635	-0.102599	0.134996	-0.054629	-0.009384	0.043414	-0.063189	
0.070104	0.052417	-0.068186	-0.739507	-0.068704	-0.557657	1.000000	0.008736	-0.153786	0.320177	0.020921	0.035547	-0.047806	0.021653	-0.004011	-0.027433	0.064198	
0.288546	-0.194345	0.100323	-0.037239	0.161023	-0.150469	0.008736	1.000000	-0.875703	0.142511	-0.054953	0.011236	-0.019160	0.005516	0.107586	-0.060545	-0.106552	
-0.350704	0.212398	0.342173	-0.135170	-0.143571	0.226651	-0.153786	-0.875703	1.000000	-0.586833	-0.169524	-0.024765	0.047051	-0.031311	-0.048102	0.182294	-0.282258	
0.125945	-0.046723	-0.900987	0.338132	0.002605	-0.200790	0.320177	0.142511	-0.586833	1.000000	0.457422	0.024237	-0.053458	0.052142	-0.120946	-0.247797	0.790711	
0.050818	-0.170289	-0.512328	0.315055	-0.030956	0.019635	0.020921	-0.054953	-0.169524	0.457422	1.000000	0.259402	0.285438	-0.801239	-0.034825	-0.067093	0.202395	
0.107798	0.173560	-0.016761	-0.025404	0.083004	-0.102599	0.035547	0.011236	-0.024765	0.024237	0.259402	1.000000	-0.769481	-0.112045	0.132942	-0.113547	-0.025415	
-0.165653	-0.209892	0.046264	0.016579	-0.108182	0.134996	-0.047806	-0.019160	0.047051	-0.053458	0.285438	-0.769481	1.000000	-0.539250	-0.120727	0.205381	-0.205610	
0.076653	0.075731	-0.050999	0.014567	0.042257	-0.054629	0.021653	0.005516	-0.031311	0.052142	-0.801239	-0.112045	-0.539250	1.000000	0.002922	-0.158963	0.357230	
0.243241	-0.181683	0.113022	-0.063488	0.008568	-0.009384	-0.004011	0.107586	-0.048102	-0.120946	-0.034825	0.132942	-0.120727	0.002922	1.000000	-0.885420	0.160223	
-0.312027	0.198599	0.291474	-0.170068	-0.025595	0.043414	-0.027433	-0.060545	0.182294	-0.247797	-0.067093	-0.113547	0.205381	-0.158963	-0.885420	1.000000	-0.580492	
0.126214	-0.040732	-0.866924	0.503142	0.028477	-0.063189	0.064198	-0.106552	-0.282258	0.790711	0.202395	-0.025415	-0.205610	0.357230	0.160223	-0.580492	1.000000	

Time taken for mcmc chain: 2.097222 hours
