Number of steps: 3741517
Number of accepted steps: 1200000
Burn-in number of steps: 10000
Accepted fraction of steps: 0.320726
Convergence Status
R[0]= 1.000273	R[1]= 1.000339	R[2]= 1.000991	R[3]= 1.000947	R[4]= 1.000523	R[5]= 1.000576	R[6]= 1.000247	R[7]= 1.000276	R[8]= 1.000122	R[9]= 1.000856	R[10]= 1.000336	R[11]= 1.000311	R[12]= 1.000398	R[13]= 1.000375	R[14]= 1.000348	R[15]= 1.000242	R[16]= 1.000775	
<R>= 1.000467

Mean parameters
A[0]= 1.078164 pm 0.064988
A[1]= 0.989198 pm 0.021256
A[2]= 0.281539 pm 0.178271
A[3]= 5.676690 pm 0.844442
A[4]= 7212.221466 pm 3208.512638
A[5]= -663.039340 pm 989.153811
A[6]= -39.391339 pm 228.020781
A[7]= 4919.411522 pm 7444.412473
A[8]= -2461.958252 pm 2252.812848
A[9]= 89.255611 pm 420.522444
A[10]= 3.321389 pm 1.013469
A[11]= 2526.073972 pm 4735.453640
A[12]= -1642.923168 pm 1324.096027
A[13]= 777.728909 pm 343.845215
A[14]= 10855.673112 pm 6710.370981
A[15]= -4442.078047 pm 1982.925697
A[16]= 494.032462 pm 318.667993

Best-fitting parameters
A[0]= 1.077266
A[1]= 0.986705
A[2]= 0.362137
A[3]= 5.604835
A[4]= 6002.769000
A[5]= -123.260200
A[6]= -149.416300
A[7]= 9181.496000
A[8]= -3080.897000
A[9]= -95.046340
A[10]= 3.162691
A[11]= 4298.878000
A[12]= -2141.439000
A[13]= 800.836200
A[14]= 17217.480000
A[15]= -5920.915000
A[16]= 472.229300
chi2_min= 51.329940


Cross-Covariance parameters
1.000000	-0.461939	-0.245479	0.035838	0.298603	-0.402244	0.196613	0.519145	-0.582654	0.186146	0.090386	0.129076	-0.132684	-0.002128	0.154945	-0.210642	0.048321	
-0.461939	1.000000	0.165391	-0.209667	0.110845	-0.126106	0.056150	-0.326746	0.343246	-0.077755	-0.087036	0.073729	-0.070241	0.008576	-0.090765	0.124017	-0.031043	
-0.245479	0.165391	1.000000	-0.656488	-0.070563	0.106062	-0.080104	0.029590	0.424288	-0.925729	-0.297513	-0.004847	0.043212	-0.057235	0.022644	0.287017	-0.739564	
0.035838	-0.209667	-0.656488	1.000000	0.148849	0.283722	-0.670873	-0.038801	-0.191094	0.458076	0.201039	-0.043056	0.018874	0.034475	-0.029751	-0.172677	0.496260	
0.298603	0.110845	-0.070563	0.148849	1.000000	-0.794847	0.033240	0.260582	-0.260304	0.058499	0.015845	0.086362	-0.085934	0.003571	0.040797	-0.056696	0.020745	
-0.402244	-0.126106	0.106062	0.283722	-0.794847	1.000000	-0.622589	-0.272835	0.351967	-0.225182	-0.024539	-0.112902	0.115355	-0.008157	-0.052658	0.080425	-0.037481	
0.196613	0.056150	-0.080104	-0.670873	0.033240	-0.622589	1.000000	0.069701	-0.202348	0.297896	0.019716	0.055992	-0.060390	0.008769	0.020934	-0.046227	0.041635	
0.519145	-0.326746	0.029590	-0.038801	0.260582	-0.272835	0.069701	1.000000	-0.874189	0.131731	0.005947	0.058960	-0.053210	-0.013684	0.094859	-0.070891	-0.104676	
-0.582654	0.343246	0.424288	-0.191094	-0.260304	0.351967	-0.202348	-0.874189	1.000000	-0.580776	-0.138604	-0.060697	0.073476	-0.014708	-0.073591	0.192934	-0.240556	
0.186146	-0.077755	-0.925729	0.458076	0.058499	-0.225182	0.297896	0.131731	-0.580776	1.000000	0.273108	0.010407	-0.046899	0.055793	-0.032260	-0.257107	0.693204	
0.090386	-0.087036	-0.297513	0.201039	0.015845	-0.024539	0.019716	0.005947	-0.138604	0.273108	1.000000	0.278429	0.348044	-0.904905	0.029100	0.029449	-0.186915	
0.129076	0.073729	-0.004847	-0.043056	0.086362	-0.112902	0.055992	0.058960	-0.060697	0.010407	0.278429	1.000000	-0.758574	-0.097558	0.122498	-0.092831	-0.082397	
-0.132684	-0.070241	0.043212	0.018874	-0.085934	0.115355	-0.060390	-0.053210	0.073476	-0.046899	0.348044	-0.758574	1.000000	-0.565478	-0.097802	0.200099	-0.256590	
-0.002128	0.008576	-0.057235	0.034475	0.003571	-0.008157	0.008769	-0.013684	-0.014708	0.055793	-0.904905	-0.097558	-0.565478	1.000000	-0.014405	-0.176548	0.501327	
0.154945	-0.090765	0.022644	-0.029751	0.040797	-0.052658	0.020934	0.094859	-0.073591	-0.032260	0.029100	0.122498	-0.097802	-0.014405	1.000000	-0.896682	0.275750	
-0.210642	0.124017	0.287017	-0.172677	-0.056696	0.080425	-0.046227	-0.070891	0.192934	-0.257107	0.029449	-0.092831	0.200099	-0.176548	-0.896682	1.000000	-0.638010	
0.048321	-0.031043	-0.739564	0.496260	0.020745	-0.037481	0.041635	-0.104676	-0.240556	0.693204	-0.186915	-0.082397	-0.256590	0.501327	0.275750	-0.638010	1.000000	

Time taken for mcmc chain: 1.177500 hours
