Number of steps: 6335802
Number of accepted steps: 2000000
Burn-in number of steps: 10000
Accepted fraction of steps: 0.315666
Convergence Status
R[0]= 1.000463	R[1]= 1.000798	R[2]= 1.001924	R[3]= 1.000570	R[4]= 1.000182	R[5]= 1.000479	R[6]= 1.000566	R[7]= 1.000166	R[8]= 1.000228	R[9]= 1.001043	R[10]= 1.001234	R[11]= 1.000074	R[12]= 1.000474	R[13]= 1.000939	R[14]= 1.000068	R[15]= 1.000423	R[16]= 1.001458	
<R>= 1.000652

Mean parameters
A[0]= 1.090558 pm 0.075854
A[1]= 1.013068 pm 0.028737
A[2]= 0.194293 pm 0.161194
A[3]= 5.274965 pm 1.198098
A[4]= 7744.646277 pm 4785.621624
A[5]= -2290.866342 pm 1423.195572
A[6]= 407.776073 pm 380.967607
A[7]= 55.717233 pm 9388.628395
A[8]= -2271.007911 pm 2727.863462
A[9]= 379.186004 pm 388.315467
A[10]= 9.379726 pm 1.867531
A[11]= 9397.729474 pm 6294.393221
A[12]= 1887.548285 pm 2057.078246
A[13]= -1199.837439 pm 560.245235
A[14]= 4511.007776 pm 10142.644070
A[15]= -2164.458790 pm 3189.472084
A[16]= -13.537190 pm 642.086799

Best-fitting parameters
A[0]= 1.125243
A[1]= 1.020706
A[2]= 0.084990
A[3]= 5.794700
A[4]= 9483.318000
A[5]= -2526.030000
A[6]= 335.016800
A[7]= 137.662400
A[8]= -2727.342000
A[9]= 546.294800
A[10]= 9.289171
A[11]= 11108.580000
A[12]= 1016.450000
A[13]= -1008.689000
A[14]= 12255.200000
A[15]= -5035.037000
A[16]= 476.362200
chi2_min= 63.382910


Cross-Covariance parameters
1.000000	-0.390564	-0.224628	-0.089521	0.166594	-0.299486	0.188235	0.304500	-0.361551	0.098251	0.030122	0.199407	-0.244903	0.065346	0.279011	-0.348424	0.018175	
-0.390564	1.000000	0.163548	-0.038631	0.180411	-0.116484	-0.067295	-0.187006	0.221402	-0.065414	-0.304700	0.124173	-0.249920	0.208545	-0.209418	0.213462	0.034944	
-0.224628	0.163548	1.000000	-0.387376	-0.033124	0.057894	-0.040042	0.027622	0.279757	-0.821642	-0.476222	-0.041308	0.036993	-0.002651	0.022546	0.434741	-0.870565	
-0.089521	-0.038631	-0.387376	1.000000	0.241178	0.390879	-0.878664	-0.018368	-0.018030	0.094296	0.219863	-0.022683	0.048520	-0.032173	-0.052081	-0.125878	0.363504	
0.166594	0.180411	-0.033124	0.241178	1.000000	-0.738239	-0.087445	0.157523	-0.147837	0.000859	-0.064663	0.094254	-0.137104	0.069775	0.020193	-0.044294	0.028300	
-0.299486	-0.116484	0.057894	0.390879	-0.738239	1.000000	-0.597868	-0.163442	0.233452	-0.211426	0.065859	-0.112774	0.167386	-0.084217	-0.055452	0.088514	-0.027033	
0.188235	-0.067295	-0.040042	-0.878664	-0.087445	-0.597868	1.000000	0.036407	-0.149298	0.312022	-0.005283	0.031325	-0.051193	0.025485	0.047014	-0.063542	0.005640	
0.304500	-0.187006	0.027622	-0.018368	0.157523	-0.163442	0.036407	1.000000	-0.926521	0.290662	-0.013430	0.044862	-0.046535	-0.000776	0.112000	-0.082509	-0.090087	
-0.361551	0.221402	0.279757	-0.018030	-0.147837	0.233452	-0.149298	-0.926521	1.000000	-0.603578	-0.129820	-0.056233	0.060250	-0.005031	-0.096326	0.210479	-0.182983	
0.098251	-0.065414	-0.821642	0.094296	0.000859	-0.211426	0.312022	0.290662	-0.603578	1.000000	0.385110	0.021637	-0.026273	0.013793	-0.051565	-0.333878	0.742895	
0.030122	-0.304700	-0.476222	0.219863	-0.064663	0.065859	-0.005283	-0.013430	-0.129820	0.385110	1.000000	0.158906	0.468180	-0.853173	0.022035	-0.138193	0.205016	
0.199407	0.124173	-0.041308	-0.022683	0.094254	-0.112774	0.031325	0.044862	-0.056233	0.021637	0.158906	1.000000	-0.715352	-0.022574	0.128289	-0.125018	-0.004746	
-0.244903	-0.249920	0.036993	0.048520	-0.137104	0.167386	-0.051193	-0.046535	0.060250	-0.026273	0.468180	-0.715352	1.000000	-0.671273	-0.091455	0.181259	-0.177625	
0.065346	0.208545	-0.002651	-0.032173	0.069775	-0.084217	0.025485	-0.000776	-0.005031	0.013793	-0.853173	-0.022574	-0.671273	1.000000	-0.020042	-0.108000	0.267408	
0.279011	-0.209418	0.022546	-0.052081	0.020193	-0.055452	0.047014	0.112000	-0.096326	-0.051565	0.022035	0.128289	-0.091455	-0.020042	1.000000	-0.844990	0.138958	
-0.348424	0.213462	0.434741	-0.125878	-0.044294	0.088514	-0.063542	-0.082509	0.210479	-0.333878	-0.138193	-0.125018	0.181259	-0.108000	-0.844990	1.000000	-0.608574	
0.018175	0.034944	-0.870565	0.363504	0.028300	-0.027033	0.005640	-0.090087	-0.182983	0.742895	0.205016	-0.004746	-0.177625	0.267408	0.138958	-0.608574	1.000000	

Time taken for mcmc chain: 2.192500 hours
