Number of steps: 28361099
Number of accepted steps: 1670000
Burn-in number of steps: 10000
Accepted fraction of steps: 0.058883
Convergence Status
R[0]= 1.000173	R[1]= 1.000914	R[2]= 1.000936	R[3]= 1.000733	R[4]= 1.000274	R[5]= 1.000276	R[6]= 1.000219	R[7]= 1.000257	R[8]= 1.000127	R[9]= 1.000214	R[10]= 1.000712	R[11]= 1.000536	R[12]= 1.000540	R[13]= 1.000313	R[14]= 1.000471	R[15]= 1.000546	R[16]= 1.000548	
<R>= 1.000458

Mean parameters
A[0]= 0.974556 pm 0.059641
A[1]= 1.077746 pm 0.064803
A[2]= 0.708355 pm 0.468409
A[3]= 3.302227 pm 1.246100
A[4]= -963.281857 pm 4946.041711
A[5]= -53.178489 pm 1486.606060
A[6]= 458.628143 pm 403.886136
A[7]= -5032.573947 pm 8845.516590
A[8]= 1345.333082 pm 2826.146309
A[9]= -299.765636 pm 621.004826
A[10]= 5.342665 pm 1.729847
A[11]= 5015.252879 pm 7181.399456
A[12]= 895.626673 pm 2257.599012
A[13]= -463.932475 pm 594.794731
A[14]= 3481.883864 pm 10312.524101
A[15]= 901.708912 pm 3960.973723
A[16]= -816.626966 pm 1060.183131

Best-fitting parameters
A[0]= 0.995909
A[1]= 1.080286
A[2]= 0.621157
A[3]= 3.126589
A[4]= -765.614300
A[5]= -350.839800
A[6]= 540.865400
A[7]= -7934.325000
A[8]= 1687.232000
A[9]= -267.699400
A[10]= 5.520334
A[11]= 6482.862000
A[12]= 478.085400
A[13]= -479.891100
A[14]= 8318.564000
A[15]= -691.788400
A[16]= -699.105000
chi2_min= 54.301370


Cross-Covariance parameters
1.000000	-0.472003	-0.283856	0.329931	0.140666	-0.030040	-0.150940	0.252513	-0.288841	0.072079	0.079475	0.025087	-0.219890	0.268718	0.248678	-0.398779	0.231809	
-0.472003	1.000000	0.266585	-0.394774	0.190586	-0.328494	0.216265	-0.191080	0.207816	-0.035888	-0.288451	0.287260	-0.239091	-0.024358	-0.195884	0.269375	-0.130598	
-0.283856	0.266585	1.000000	-0.682243	-0.078665	0.022346	0.069974	0.044303	0.397520	-0.753292	-0.668234	-0.038529	0.150619	-0.169869	0.037524	0.579639	-0.860567	
0.329931	-0.394774	-0.682243	1.000000	0.212222	0.309961	-0.708664	0.006354	-0.153825	0.250697	0.499731	-0.030490	-0.053141	0.116948	0.036147	-0.449253	0.585831	
0.140666	0.190586	-0.078665	0.212222	1.000000	-0.727726	-0.091845	0.095659	-0.068671	-0.010966	-0.018949	0.125084	-0.174439	0.088412	0.002623	-0.075525	0.100139	
-0.030040	-0.328494	0.022346	0.309961	-0.727726	1.000000	-0.607476	-0.075375	0.233532	-0.304296	0.066138	-0.141443	0.189933	-0.089721	0.044472	0.021625	-0.082201	
-0.150940	0.216265	0.069974	-0.708664	-0.091845	-0.607476	1.000000	-0.004278	-0.252853	0.449237	-0.066669	0.035928	-0.039073	0.010383	-0.069137	0.069367	-0.012414	
0.252513	-0.191080	0.044303	0.006354	0.095659	-0.075375	-0.004278	1.000000	-0.815972	0.130095	-0.054065	-0.041953	-0.005575	0.055318	0.086244	-0.046516	-0.048535	
-0.288841	0.207816	0.397520	-0.153825	-0.068671	0.233532	-0.252853	-0.815972	1.000000	-0.665030	-0.255727	0.010682	0.083444	-0.129850	-0.026890	0.292093	-0.371117	
0.072079	-0.035888	-0.753292	0.250697	-0.010966	-0.304296	0.449237	0.130095	-0.665030	1.000000	0.524607	0.048436	-0.135531	0.136146	-0.100177	-0.423801	0.720478	
0.079475	-0.288451	-0.668234	0.499731	-0.018949	0.066138	-0.066669	-0.054065	-0.255727	0.524607	1.000000	0.146627	0.256352	-0.552702	-0.068462	-0.202602	0.363107	
0.025087	0.287260	-0.038529	-0.030490	0.125084	-0.141443	0.035928	-0.041953	0.010682	0.048436	0.146627	1.000000	-0.732207	-0.041288	0.039272	-0.011325	-0.013174	
-0.219890	-0.239091	0.150619	-0.053141	-0.174439	0.189933	-0.039073	-0.005575	0.083444	-0.135531	0.256352	-0.732207	1.000000	-0.641031	-0.093056	0.315095	-0.346693	
0.268718	-0.024358	-0.169869	0.116948	0.088412	-0.089721	0.010383	0.055318	-0.129850	0.136146	-0.552702	-0.041288	-0.641031	1.000000	0.097592	-0.448945	0.520475	
0.248678	-0.195884	0.037524	0.036147	0.002623	0.044472	-0.069137	0.086244	-0.026890	-0.100177	-0.068462	0.039272	-0.093056	0.097592	1.000000	-0.696663	0.104130	
-0.398779	0.269375	0.579639	-0.449253	-0.075525	0.021625	0.069367	-0.046516	0.292093	-0.423801	-0.202602	-0.011325	0.315095	-0.448945	-0.696663	1.000000	-0.770185	
0.231809	-0.130598	-0.860567	0.585831	0.100139	-0.082201	-0.012414	-0.048535	-0.371117	0.720478	0.363107	-0.013174	-0.346693	0.520475	0.104130	-0.770185	1.000000	

Time taken for mcmc chain: 8.351944 hours
