Number of steps: 8441018
Number of accepted steps: 2000000
Burn-in number of steps: 10000
Accepted fraction of steps: 0.236938
Convergence Status
R[0]= 1.000987	R[1]= 1.000415	R[2]= 1.006569	R[3]= 1.001717	R[4]= 1.000417	R[5]= 1.000221	R[6]= 1.000387	R[7]= 1.000297	R[8]= 1.001295	R[9]= 1.003329	R[10]= 1.001400	R[11]= 1.000117	R[12]= 1.000253	R[13]= 1.001206	R[14]= 1.000304	R[15]= 1.000585	R[16]= 1.001382	
<R>= 1.001228

Mean parameters
A[0]= 1.273604 pm 0.117734
A[1]= 0.965688 pm 0.033444
A[2]= 0.236017 pm 0.209951
A[3]= 5.983957 pm 1.311616
A[4]= 3995.283540 pm 5203.022455
A[5]= -310.935595 pm 1589.067172
A[6]= -6.438782 pm 370.938959
A[7]= 10650.245502 pm 7568.192714
A[8]= -3923.777314 pm 2391.609187
A[9]= -37.467944 pm 469.995601
A[10]= 4.875738 pm 1.630462
A[11]= -69.264223 pm 7176.989632
A[12]= 467.855721 pm 2089.357373
A[13]= 255.015519 pm 529.863076
A[14]= -8742.775522 pm 8652.192649
A[15]= 1876.908447 pm 2600.348156
A[16]= -280.324239 pm 449.948832

Best-fitting parameters
A[0]= 1.385077
A[1]= 0.941586
A[2]= 0.020596
A[3]= 7.517957
A[4]= 5136.546000
A[5]= -107.971300
A[6]= -245.438600
A[7]= 17616.310000
A[8]= -7225.509000
A[9]= 408.740400
A[10]= 5.135893
A[11]= -645.869200
A[12]= 517.118400
A[13]= 314.670100
A[14]= -18643.600000
A[15]= 4060.307000
A[16]= -221.501900
chi2_min= 77.653900


Cross-Covariance parameters
1.000000	-0.276116	-0.200477	0.003802	0.333031	-0.408020	0.122711	0.435112	-0.523977	0.034353	-0.044771	0.172425	-0.267828	0.122474	0.161156	-0.274894	0.019013	
-0.276116	1.000000	0.119496	-0.235998	0.202575	-0.269191	0.148052	-0.183210	0.189210	0.051890	-0.107823	0.128549	-0.141082	0.032174	-0.085831	0.108295	0.030595	
-0.200477	0.119496	1.000000	-0.578743	-0.062649	-0.032575	0.140039	0.020806	0.408719	-0.850255	-0.392564	-0.057162	-0.018071	0.106439	0.041319	0.256882	-0.644958	
0.003802	-0.235998	-0.578743	1.000000	0.160360	0.377938	-0.858092	0.047752	-0.198056	0.250824	0.264474	-0.029228	0.092420	-0.090781	-0.029354	-0.133766	0.382489	
0.333031	0.202575	-0.062649	0.160360	1.000000	-0.799592	-0.013470	0.246303	-0.256991	-0.018395	-0.044862	0.115853	-0.157635	0.058015	0.038362	-0.084322	0.026250	
-0.408020	-0.269191	-0.032575	0.377938	-0.799592	1.000000	-0.576176	-0.206855	0.261668	-0.094886	0.106281	-0.143041	0.210329	-0.094773	-0.052072	0.081697	0.032134	
0.122711	0.148052	0.140039	-0.858092	-0.013470	-0.576176	1.000000	-0.036770	-0.039041	0.204060	-0.096862	0.053141	-0.094150	0.059591	0.018147	0.002358	-0.081990	
0.435112	-0.183210	0.020806	0.047752	0.246303	-0.206855	-0.036770	1.000000	-0.862896	0.071810	-0.048499	0.066237	-0.108651	0.053360	0.081201	-0.094854	-0.082400	
-0.523977	0.189210	0.408719	-0.198056	-0.256991	0.261668	-0.039041	-0.862896	1.000000	-0.514285	-0.113036	-0.096907	0.114484	-0.019589	-0.061144	0.211862	-0.218002	
0.034353	0.051890	-0.850255	0.250824	-0.018395	-0.094886	0.204060	0.071810	-0.514285	1.000000	0.340708	0.045184	0.023768	-0.092613	-0.068056	-0.195143	0.608429	
-0.044771	-0.107823	-0.392564	0.264474	-0.044862	0.106281	-0.096862	-0.048499	-0.113036	0.340708	1.000000	0.252792	0.363840	-0.919688	0.103299	-0.082147	-0.165325	
0.172425	0.128549	-0.057162	-0.029228	0.115853	-0.143041	0.053141	0.066237	-0.096907	0.045184	0.252792	1.000000	-0.772951	-0.069672	0.152088	-0.149006	-0.081680	
-0.267828	-0.141082	-0.018071	0.092420	-0.157635	0.210329	-0.094150	-0.108651	0.114484	0.023768	0.363840	-0.772951	1.000000	-0.567640	-0.074661	0.167644	-0.198311	
0.122474	0.032174	0.106439	-0.090781	0.058015	-0.094773	0.059591	0.053360	-0.019589	-0.092613	-0.919688	-0.069672	-0.567640	1.000000	-0.096805	-0.046859	0.435369	
0.161156	-0.085831	0.041319	-0.029354	0.038362	-0.052072	0.018147	0.081201	-0.061144	-0.068056	0.103299	0.152088	-0.074661	-0.096805	1.000000	-0.881882	0.165575	
-0.274894	0.108295	0.256882	-0.133766	-0.084322	0.081697	0.002358	-0.094854	0.211862	-0.195143	-0.082147	-0.149006	0.167644	-0.046859	-0.881882	1.000000	-0.538754	
0.019013	0.030595	-0.644958	0.382489	0.026250	0.032134	-0.081990	-0.082400	-0.218002	0.608429	-0.165325	-0.081680	-0.198311	0.435369	0.165575	-0.538754	1.000000	

Time taken for mcmc chain: 2.748056 hours
