Number of steps: 17036560
Number of accepted steps: 2000000
Burn-in number of steps: 10000
Accepted fraction of steps: 0.117395
Convergence Status
R[0]= 1.000719	R[1]= 1.001313	R[2]= 1.001077	R[3]= 1.000426	R[4]= 1.000551	R[5]= 1.000403	R[6]= 1.000152	R[7]= 1.000639	R[8]= 1.000846	R[9]= 1.000920	R[10]= 1.000261	R[11]= 1.000162	R[12]= 1.000042	R[13]= 1.000256	R[14]= 1.000075	R[15]= 1.000291	R[16]= 1.000991	
<R>= 1.000537

Mean parameters
A[0]= 0.925655 pm 0.118433
A[1]= 1.060714 pm 0.044829
A[2]= 0.357066 pm 0.305012
A[3]= 5.975260 pm 1.405849
A[4]= 7265.089351 pm 5514.511026
A[5]= -859.675781 pm 1830.344556
A[6]= -66.172382 pm 407.048165
A[7]= 9480.573412 pm 8413.153327
A[8]= -3138.443706 pm 3176.035134
A[9]= 324.257181 pm 651.560156
A[10]= 5.216835 pm 1.775973
A[11]= -7909.386255 pm 6573.599451
A[12]= 2773.898986 pm 2317.392133
A[13]= -20.252778 pm 609.181730
A[14]= -5581.467832 pm 9863.197366
A[15]= 7.380846 pm 3431.461212
A[16]= 219.292753 pm 647.288977

Best-fitting parameters
A[0]= 1.046880
A[1]= 1.033201
A[2]= 0.110434
A[3]= 6.439649
A[4]= 11104.670000
A[5]= -2343.686000
A[6]= 113.720800
A[7]= 19851.510000
A[8]= -7445.851000
A[9]= 878.650600
A[10]= 5.722121
A[11]= -6422.252000
A[12]= 2052.583000
A[13]= 82.686680
A[14]= -8796.117000
A[15]= -724.640500
A[16]= 547.936500
chi2_min= 58.395850


Cross-Covariance parameters
1.000000	-0.509645	-0.434042	0.158716	0.470988	-0.544162	0.214635	0.515833	-0.549223	0.152968	0.069496	0.270409	-0.356534	0.165185	0.287688	-0.393509	0.144836	
-0.509645	1.000000	0.367841	-0.256046	0.028600	0.047427	-0.099411	-0.368387	0.420037	-0.168759	-0.376981	-0.010118	-0.091027	0.161244	-0.184298	0.231443	-0.069112	
-0.434042	0.367841	1.000000	-0.656079	-0.286627	0.356671	-0.186477	-0.237983	0.685484	-0.882961	-0.414487	-0.139356	0.241846	-0.166510	-0.115462	0.537890	-0.813314	
0.158716	-0.256046	-0.656079	1.000000	0.245724	0.131300	-0.578539	0.022541	-0.281952	0.481640	0.322200	0.045675	-0.086620	0.062582	0.041218	-0.324834	0.556593	
0.470988	0.028600	-0.286627	0.245724	1.000000	-0.806144	0.082954	0.274498	-0.318449	0.156135	-0.042397	0.189018	-0.301032	0.196550	0.115870	-0.230554	0.188061	
-0.544162	0.047427	0.356671	0.131300	-0.806144	1.000000	-0.645284	-0.376113	0.506269	-0.338625	0.007814	-0.204251	0.323938	-0.209624	-0.138754	0.279824	-0.235019	
0.214635	-0.099411	-0.186477	-0.578539	0.082954	-0.645284	1.000000	0.238119	-0.396371	0.356218	0.046191	0.068337	-0.109788	0.071523	0.057754	-0.133631	0.132096	
0.515833	-0.368387	-0.237983	0.022541	0.274498	-0.376113	0.238119	1.000000	-0.828402	0.243707	0.075615	0.132648	-0.159589	0.058120	0.152393	-0.198921	0.055738	
-0.549223	0.420037	0.685484	-0.281952	-0.318449	0.506269	-0.396371	-0.828402	1.000000	-0.721388	-0.271818	-0.158071	0.232688	-0.130923	-0.154516	0.417445	-0.485612	
0.152968	-0.168759	-0.882961	0.481640	0.156135	-0.338625	0.356218	0.243707	-0.721388	1.000000	0.382868	0.074366	-0.166936	0.145668	0.026743	-0.438513	0.809260	
0.069496	-0.376981	-0.414487	0.322200	-0.042397	0.007814	0.046191	0.075615	-0.271818	0.382868	1.000000	0.162712	0.417832	-0.791841	-0.037800	-0.020355	0.113146	
0.270409	-0.010118	-0.139356	0.045675	0.189018	-0.204251	0.068337	0.132648	-0.158071	0.074366	0.162712	1.000000	-0.714666	0.053397	0.147514	-0.165948	0.061992	
-0.356534	-0.091027	0.241846	-0.086620	-0.301032	0.323938	-0.109788	-0.159589	0.232688	-0.166936	0.417832	-0.714666	1.000000	-0.727279	-0.202714	0.383135	-0.361344	
0.165185	0.161244	-0.166510	0.062582	0.196550	-0.209624	0.071523	0.058120	-0.130923	0.145668	-0.791841	0.053397	-0.727279	1.000000	0.128525	-0.355238	0.441900	
0.287688	-0.184298	-0.115462	0.041218	0.115870	-0.138754	0.057754	0.152393	-0.154516	0.026743	-0.037800	0.147514	-0.202714	0.128525	1.000000	-0.835706	0.275862	
-0.393509	0.231443	0.537890	-0.324834	-0.230554	0.279824	-0.133631	-0.198921	0.417445	-0.438513	-0.020355	-0.165948	0.383135	-0.355238	-0.835706	1.000000	-0.727138	
0.144836	-0.069112	-0.813314	0.556593	0.188061	-0.235019	0.132096	0.055738	-0.485612	0.809260	0.113146	0.061992	-0.361344	0.441900	0.275862	-0.727138	1.000000	

Time taken for mcmc chain: 5.790000 hours
