Number of steps: 25725303
Number of accepted steps: 2000000
Burn-in number of steps: 10000
Accepted fraction of steps: 0.077744
Convergence Status
R[0]= 1.002150	R[1]= 1.002675	R[2]= 1.013962	R[3]= 1.005760	R[4]= 1.001056	R[5]= 1.001863	R[6]= 1.001726	R[7]= 1.001395	R[8]= 1.003921	R[9]= 1.006535	R[10]= 1.002782	R[11]= 1.000959	R[12]= 1.001248	R[13]= 1.003117	R[14]= 1.000525	R[15]= 1.002437	R[16]= 1.005581	
<R>= 1.003394

Mean parameters
A[0]= 0.991713 pm 0.094515
A[1]= 1.104596 pm 0.062280
A[2]= 0.983941 pm 0.638730
A[3]= 4.130448 pm 1.398775
A[4]= 4620.689335 pm 5391.776432
A[5]= 117.658546 pm 1799.041213
A[6]= -212.413441 pm 428.314754
A[7]= -7924.697896 pm 8641.185315
A[8]= 4509.946325 pm 3751.677062
A[9]= -1246.838279 pm 991.043356
A[10]= 2.622946 pm 1.400717
A[11]= 5291.432562 pm 6961.101681
A[12]= -2746.798261 pm 2001.877407
A[13]= 809.713563 pm 550.806164
A[14]= -10244.968342 pm 7898.268536
A[15]= 3551.937340 pm 2935.620467
A[16]= -579.099103 pm 713.630465

Best-fitting parameters
A[0]= 0.990058
A[1]= 1.106686
A[2]= 0.752120
A[3]= 4.619221
A[4]= 8389.809000
A[5]= -722.709800
A[6]= -258.528100
A[7]= -13665.880000
A[8]= 5878.712000
A[9]= -1224.571000
A[10]= 2.586751
A[11]= 5088.085000
A[12]= -2979.611000
A[13]= 892.164100
A[14]= -18268.260000
A[15]= 5116.222000
A[16]= -523.405100
chi2_min= 71.245720


Cross-Covariance parameters
1.000000	-0.444940	-0.483333	0.314574	0.305326	-0.506726	0.377568	0.436909	-0.652403	0.448767	0.353128	0.191469	-0.182587	-0.026521	0.137800	-0.330467	0.235848	
-0.444940	1.000000	0.445359	-0.467757	0.152284	-0.108218	-0.026800	-0.248929	0.380050	-0.265269	-0.365134	0.050017	-0.118716	0.101592	-0.083029	0.193631	-0.144800	
-0.483333	0.445359	1.000000	-0.815220	-0.225512	0.325475	-0.218772	-0.085904	0.671281	-0.861508	-0.644847	-0.142664	0.064724	0.106447	0.007265	0.390474	-0.582209	
0.314574	-0.467757	-0.815220	1.000000	0.252439	-0.028952	-0.288014	0.033209	-0.434061	0.580250	0.579397	0.082764	0.001489	-0.113457	-0.013400	-0.322269	0.500185	
0.305326	0.152284	-0.225512	0.252439	1.000000	-0.778506	0.057848	0.171555	-0.234264	0.160481	0.118212	0.145280	-0.149313	0.006191	0.025284	-0.128648	0.141387	
-0.506726	-0.108218	0.325475	-0.028952	-0.778506	1.000000	-0.661884	-0.241065	0.516427	-0.483521	-0.195302	-0.188802	0.195510	-0.005360	-0.050536	0.203833	-0.207219	
0.377568	-0.026800	-0.218772	-0.288014	0.057848	-0.661884	1.000000	0.155770	-0.512105	0.562323	0.155592	0.105465	-0.107898	-0.002664	0.043760	-0.150518	0.144028	
0.436909	-0.248929	-0.085904	0.033209	0.171555	-0.241065	0.155770	1.000000	-0.700970	0.164311	0.059776	0.051618	-0.067286	0.012175	0.080347	-0.100315	0.001780	
-0.652403	0.380050	0.671281	-0.434061	-0.234264	0.516427	-0.512105	-0.700970	1.000000	-0.806392	-0.470202	-0.149744	0.112596	0.058312	-0.057270	0.340899	-0.398317	
0.448767	-0.265269	-0.861508	0.580250	0.160481	-0.483521	0.562323	0.164311	-0.806392	1.000000	0.601290	0.153562	-0.086679	-0.092658	-0.007480	-0.377077	0.568866	
0.353128	-0.365134	-0.644847	0.579397	0.118212	-0.195302	0.155592	0.059776	-0.470202	0.601290	1.000000	0.312136	0.233248	-0.745965	-0.001968	-0.028098	0.011983	
0.191469	0.050017	-0.142664	0.082764	0.145280	-0.188802	0.105465	0.051618	-0.149744	0.153562	0.312136	1.000000	-0.727522	-0.136971	0.084734	-0.022835	-0.085636	
-0.182587	-0.118716	0.064724	0.001489	-0.149313	0.195510	-0.107898	-0.067286	0.112596	-0.086679	0.233248	-0.727522	1.000000	-0.569590	-0.095960	0.309009	-0.348865	
-0.026521	0.101592	0.106447	-0.113457	0.006191	-0.005360	-0.002664	0.012175	0.058312	-0.092658	-0.745965	-0.136971	-0.569590	1.000000	0.031946	-0.400480	0.595304	
0.137800	-0.083029	0.007265	-0.013400	0.025284	-0.050536	0.043760	0.080347	-0.057270	-0.007480	-0.001968	0.084734	-0.095960	0.031946	1.000000	-0.735533	0.163948	
-0.330467	0.193631	0.390474	-0.322269	-0.128648	0.203833	-0.150518	-0.100315	0.340899	-0.377077	-0.028098	-0.022835	0.309009	-0.400480	-0.735533	1.000000	-0.763162	
0.235848	-0.144800	-0.582209	0.500185	0.141387	-0.207219	0.144028	0.001780	-0.398317	0.568866	0.011983	-0.085636	-0.348865	0.595304	0.163948	-0.763162	1.000000	

Time taken for mcmc chain: 7.720833 hours
