Number of steps: 28362883
Number of accepted steps: 2000000
Burn-in number of steps: 10000
Accepted fraction of steps: 0.070515
Convergence Status
R[0]= 1.001673	R[1]= 1.005215	R[2]= 1.013223	R[3]= 1.005716	R[4]= 1.000657	R[5]= 1.000753	R[6]= 1.002010	R[7]= 1.000491	R[8]= 1.001722	R[9]= 1.002202	R[10]= 1.003236	R[11]= 1.000919	R[12]= 1.000970	R[13]= 1.000756	R[14]= 1.000394	R[15]= 1.001102	R[16]= 1.002815	
<R>= 1.002580

Mean parameters
A[0]= 0.973579 pm 0.089815
A[1]= 1.042786 pm 0.085253
A[2]= 0.851961 pm 0.581155
A[3]= 3.088648 pm 1.246703
A[4]= 5014.225058 pm 4999.274374
A[5]= -1928.486927 pm 1617.496319
A[6]= 660.195569 pm 418.777067
A[7]= 10903.316661 pm 7134.172549
A[8]= -3063.261546 pm 2789.916061
A[9]= -115.547172 pm 713.820767
A[10]= 3.671928 pm 1.689956
A[11]= -2397.202168 pm 7245.750225
A[12]= 912.436188 pm 2316.433120
A[13]= 191.308844 pm 603.148743
A[14]= -4285.827443 pm 10128.297186
A[15]= 3049.441491 pm 3586.425462
A[16]= -884.306534 pm 909.030199

Best-fitting parameters
A[0]= 0.993032
A[1]= 1.039494
A[2]= 0.958129
A[3]= 2.927548
A[4]= 6470.962000
A[5]= -1995.327000
A[6]= 545.957900
A[7]= 19906.850000
A[8]= -4274.476000
A[9]= -441.563000
A[10]= 3.501852
A[11]= -4052.940000
A[12]= 1791.136000
A[13]= -32.975010
A[14]= -14389.240000
A[15]= 7047.480000
A[16]= -1578.476000
chi2_min= 60.424130


Cross-Covariance parameters
1.000000	-0.512714	-0.296879	0.153957	0.127098	-0.241992	0.176516	0.349461	-0.416129	0.149800	0.292408	0.138211	-0.077038	-0.078526	0.219641	-0.253719	0.023446	
-0.512714	1.000000	0.260084	-0.270733	0.262679	-0.193801	-0.040429	-0.231411	0.279124	-0.095915	-0.419296	0.168984	-0.295395	0.218997	-0.157135	0.133878	0.049351	
-0.296879	0.260084	1.000000	-0.697689	-0.080269	0.093547	-0.037349	-0.035503	0.554985	-0.774067	-0.609482	-0.049663	0.051103	-0.011017	0.015815	0.460084	-0.691465	
0.153957	-0.270733	-0.697689	1.000000	0.140751	0.288279	-0.600016	-0.009550	-0.209005	0.310756	0.482083	-0.015230	0.028599	-0.022648	-0.018500	-0.326479	0.504203	
0.127098	0.262679	-0.080269	0.140751	1.000000	-0.741534	-0.004688	0.092225	-0.076315	0.015529	-0.039443	0.143413	-0.179176	0.074665	-0.013024	-0.054549	0.091445	
-0.241992	-0.193801	0.093547	0.288279	-0.741534	1.000000	-0.658674	-0.157666	0.356742	-0.351272	0.024443	-0.152362	0.203970	-0.099251	-0.019488	0.098503	-0.105863	
0.176516	-0.040429	-0.037349	-0.600016	-0.004688	-0.658674	1.000000	0.120475	-0.435257	0.505762	0.012824	0.039141	-0.072370	0.054873	0.039329	-0.075215	0.047665	
0.349461	-0.231411	-0.035503	-0.009550	0.092225	-0.157666	0.120475	1.000000	-0.729331	0.143622	0.079566	0.040704	-0.001157	-0.054482	0.095709	-0.049344	-0.074893	
-0.416129	0.279124	0.554985	-0.209005	-0.076315	0.356742	-0.435257	-0.729331	1.000000	-0.764239	-0.382546	-0.059770	0.063506	-0.013724	-0.060861	0.324929	-0.380084	
0.149800	-0.095915	-0.774067	0.310756	0.015529	-0.351272	0.505762	0.143622	-0.764239	1.000000	0.456962	0.039958	-0.098354	0.094499	-0.037036	-0.414146	0.661732	
0.292408	-0.419296	-0.609482	0.482083	-0.039443	0.024443	0.012824	0.079566	-0.382546	0.456962	1.000000	0.127234	0.375001	-0.707328	0.030662	-0.103723	0.091743	
0.138211	0.168984	-0.049663	-0.015230	0.143413	-0.152362	0.039141	0.040704	-0.059770	0.039958	0.127234	1.000000	-0.736450	-0.008562	0.114518	-0.059347	-0.045856	
-0.077038	-0.295395	0.051103	0.028599	-0.179176	0.203970	-0.072370	-0.001157	0.063506	-0.098354	0.375001	-0.736450	1.000000	-0.661757	-0.082794	0.295712	-0.351223	
-0.078526	0.218997	-0.011017	-0.022648	0.074665	-0.099251	0.054873	-0.054482	-0.013724	0.094499	-0.707328	-0.008562	-0.661757	1.000000	-0.006437	-0.367840	0.573426	
0.219641	-0.157135	0.015815	-0.018500	-0.013024	-0.019488	0.039329	0.095709	-0.060861	-0.037036	0.030662	0.114518	-0.082794	-0.006437	1.000000	-0.736842	0.096817	
-0.253719	0.133878	0.460084	-0.326479	-0.054549	0.098503	-0.075215	-0.049344	0.324929	-0.414146	-0.103723	-0.059347	0.295712	-0.367840	-0.736842	1.000000	-0.723838	
0.023446	0.049351	-0.691465	0.504203	0.091445	-0.105863	0.047665	-0.074893	-0.380084	0.661732	0.091743	-0.045856	-0.351223	0.573426	0.096817	-0.723838	1.000000	

Time taken for mcmc chain: 8.734722 hours
