Number of steps: 2522239
Number of accepted steps: 700000
Burn-in number of steps: 10000
Accepted fraction of steps: 0.277531
Convergence Status
R[0]= 1.000747	R[1]= 1.000475	R[2]= 1.000176	R[3]= 1.000371	R[4]= 1.000402	R[5]= 1.000232	R[6]= 1.000553	R[7]= 1.000497	R[8]= 1.000386	R[9]= 1.000208	R[10]= 1.000633	R[11]= 1.000733	R[12]= 1.000402	R[13]= 1.000647	R[14]= 1.000450	R[15]= 1.000513	R[16]= 1.000378	
<R>= 1.000459

Mean parameters
A[0]= 1.033075 pm 0.057034
A[1]= 1.046886 pm 0.025581
A[2]= 0.376943 pm 0.203601
A[3]= 5.232468 pm 0.809697
A[4]= 1287.167812 pm 3349.507864
A[5]= 717.676254 pm 989.362318
A[6]= -134.849688 pm 223.748997
A[7]= -6844.617775 pm 7144.431811
A[8]= 1106.596748 pm 2232.365891
A[9]= -160.099520 pm 463.324329
A[10]= 3.692152 pm 0.977988
A[11]= 2539.914453 pm 4916.300349
A[12]= -1210.956071 pm 1333.210872
A[13]= 524.663625 pm 342.588003
A[14]= 7949.036936 pm 7906.992473
A[15]= -2626.689863 pm 2367.051785
A[16]= 181.101403 pm 387.109535

Best-fitting parameters
A[0]= 1.021040
A[1]= 1.059400
A[2]= 0.409133
A[3]= 4.857650
A[4]= 1313.006000
A[5]= 451.380600
A[6]= -49.215160
A[7]= -5826.225000
A[8]= 953.772800
A[9]= -168.639700
A[10]= 3.432875
A[11]= 5407.505000
A[12]= -2021.289000
A[13]= 607.054300
A[14]= 9807.868000
A[15]= -2993.989000
A[16]= 179.428100
chi2_min= 45.221990


Cross-Covariance parameters
1.000000	-0.415825	-0.311328	0.137004	0.284297	-0.391645	0.189735	0.482730	-0.577224	0.243952	0.051618	0.117971	-0.210411	0.119527	0.207255	-0.302654	0.189071	
-0.415825	1.000000	0.195205	-0.241507	0.203237	-0.200802	0.035998	-0.319496	0.347547	-0.115649	-0.131518	0.135151	-0.131102	0.013411	-0.145289	0.181560	-0.081208	
-0.311328	0.195205	1.000000	-0.707838	-0.114979	0.206789	-0.178354	0.039272	0.475441	-0.934519	-0.410615	-0.048832	0.106778	-0.086842	0.030934	0.310758	-0.790166	
0.137004	-0.241507	-0.707838	1.000000	0.215813	0.129108	-0.538778	-0.061070	-0.231956	0.518504	0.309881	-0.002266	-0.029001	0.046964	-0.025184	-0.214705	0.563020	
0.284297	0.203237	-0.114979	0.215813	1.000000	-0.808040	-0.013216	0.190090	-0.209542	0.081565	-0.000591	0.107633	-0.147320	0.058021	0.036678	-0.081178	0.095898	
-0.391645	-0.200802	0.206789	0.129108	-0.808040	1.000000	-0.567700	-0.230176	0.363077	-0.300457	-0.027804	-0.128586	0.179924	-0.074736	-0.042615	0.119462	-0.163241	
0.189735	0.035998	-0.178354	-0.538778	-0.013216	-0.567700	1.000000	0.092422	-0.288380	0.390926	0.056210	0.046681	-0.068414	0.031268	0.007656	-0.070896	0.134881	
0.482730	-0.319496	0.039272	-0.061070	0.190090	-0.230176	0.092422	1.000000	-0.839367	0.109416	-0.042322	0.025902	-0.055673	0.032136	0.133947	-0.108461	-0.074318	
-0.577224	0.347547	0.475441	-0.231956	-0.209542	0.363077	-0.288380	-0.839367	1.000000	-0.618759	-0.171193	-0.052225	0.108355	-0.073630	-0.096570	0.250390	-0.341250	
0.243952	-0.115649	-0.934519	0.518504	0.081565	-0.300457	0.390926	0.109416	-0.618759	1.000000	0.387641	0.049174	-0.098853	0.076271	-0.047420	-0.275024	0.745073	
0.051618	-0.131518	-0.410615	0.309881	-0.000591	-0.027804	0.056210	-0.042322	-0.171193	0.387641	1.000000	0.319771	0.252744	-0.839236	-0.056309	0.056593	-0.031252	
0.117971	0.135151	-0.048832	-0.002266	0.107633	-0.128586	0.046681	0.025902	-0.052225	0.049174	0.319771	1.000000	-0.766244	-0.136583	0.103854	-0.076550	-0.052777	
-0.210411	-0.131102	0.106778	-0.029001	-0.147320	0.179924	-0.068414	-0.055673	0.108355	-0.098853	0.252744	-0.766244	1.000000	-0.522366	-0.142184	0.250819	-0.276909	
0.119527	0.013411	-0.086842	0.046964	0.058021	-0.074736	0.031268	0.032136	-0.073630	0.076271	-0.839236	-0.136583	-0.522366	1.000000	0.072844	-0.271068	0.493192	
0.207255	-0.145289	0.030934	-0.025184	0.036678	-0.042615	0.007656	0.133947	-0.096570	-0.047420	-0.056309	0.103854	-0.142184	0.072844	1.000000	-0.895790	0.281686	
-0.302654	0.181560	0.310758	-0.214705	-0.081178	0.119462	-0.070896	-0.108461	0.250390	-0.275024	0.056593	-0.076550	0.250819	-0.271068	-0.895790	1.000000	-0.654771	
0.189071	-0.081208	-0.790166	0.563020	0.095898	-0.163241	0.134881	-0.074318	-0.341250	0.745073	-0.031252	-0.052777	-0.276909	0.493192	0.281686	-0.654771	1.000000	

Time taken for mcmc chain: 45.116667 minutes
