Number of steps: 4982907
Number of accepted steps: 2000000
Burn-in number of steps: 10000
Accepted fraction of steps: 0.401372
Convergence Status
R[0]= 1.000213	R[1]= 1.000305	R[2]= 1.002036	R[3]= 1.002524	R[4]= 1.000231	R[5]= 1.000377	R[6]= 1.001493	R[7]= 1.000294	R[8]= 1.000195	R[9]= 1.000897	R[10]= 1.000603	R[11]= 1.000068	R[12]= 1.000113	R[13]= 1.000170	R[14]= 1.000296	R[15]= 1.000207	R[16]= 1.000791	
<R>= 1.000636

Mean parameters
A[0]= 1.062649 pm 0.039594
A[1]= 1.022819 pm 0.018279
A[2]= 0.192259 pm 0.137945
A[3]= 5.821539 pm 0.754498
A[4]= 2846.739251 pm 3149.204071
A[5]= 120.733699 pm 896.793953
A[6]= -68.841957 pm 217.100760
A[7]= -1989.364423 pm 7079.816457
A[8]= -1477.216364 pm 2004.359615
A[9]= 309.488173 pm 347.476713
A[10]= 4.972366 pm 1.082152
A[11]= 2872.536735 pm 4844.839935
A[12]= -309.590977 pm 1317.387379
A[13]= 190.658767 pm 337.302394
A[14]= -1588.747966 pm 9029.903196
A[15]= -965.435529 pm 2534.285842
A[16]= 254.102578 pm 330.088560

Best-fitting parameters
A[0]= 1.066442
A[1]= 1.018359
A[2]= 0.183821
A[3]= 5.850168
A[4]= 2608.970000
A[5]= 269.087500
A[6]= -88.604370
A[7]= -3268.367000
A[8]= -1052.943000
A[9]= 267.710000
A[10]= 4.461453
A[11]= 1620.717000
A[12]= -450.243900
A[13]= 359.683800
A[14]= -678.512800
A[15]= -1518.968000
A[16]= 333.591100
chi2_min= 42.285990


Cross-Covariance parameters
1.000000	-0.410550	-0.156075	0.007828	0.166344	-0.239331	0.109454	0.366028	-0.407098	0.100897	0.041419	0.115352	-0.135588	0.022760	0.196941	-0.226804	0.057286	
-0.410550	1.000000	0.114471	-0.124361	0.202575	-0.200569	0.019040	-0.256749	0.271881	-0.056374	-0.185320	0.092080	-0.172294	0.132913	-0.145879	0.147258	-0.000766	
-0.156075	0.114471	1.000000	-0.558524	-0.008529	0.079287	-0.119710	0.124752	0.293618	-0.915027	-0.397430	-0.037390	0.026417	0.009424	0.074138	0.191958	-0.784028	
0.007828	-0.124361	-0.558524	1.000000	0.208889	0.268593	-0.727670	-0.089972	-0.088833	0.374112	0.245155	0.001763	0.019407	-0.027870	-0.046052	-0.100054	0.435721	
0.166344	0.202575	-0.008529	0.208889	1.000000	-0.787837	-0.062944	0.167925	-0.157186	0.014903	-0.039956	0.067312	-0.093891	0.040870	0.012588	-0.019618	0.012539	
-0.239331	-0.200569	0.079287	0.268593	-0.787837	1.000000	-0.555452	-0.184604	0.251971	-0.196918	0.022485	-0.077178	0.111263	-0.052022	-0.013732	0.041284	-0.068836	
0.109454	0.019040	-0.119710	-0.727670	-0.062944	-0.555452	1.000000	0.052228	-0.175136	0.300417	0.028987	0.018615	-0.031380	0.019078	-0.001659	-0.033510	0.097109	
0.366028	-0.256749	0.124752	-0.089972	0.167925	-0.184604	0.052228	1.000000	-0.895193	0.138200	-0.039707	0.014841	-0.016092	-0.005781	0.104356	-0.063820	-0.129398	
-0.407098	0.271881	0.293618	-0.088833	-0.157186	0.251971	-0.175136	-0.895193	1.000000	-0.550148	-0.122023	-0.030493	0.030658	0.004249	-0.065978	0.138683	-0.204497	
0.100897	-0.056374	-0.915027	0.374112	0.014903	-0.196918	0.300417	0.138200	-0.550148	1.000000	0.356516	0.030400	-0.026886	0.000699	-0.079590	-0.167569	0.728972	
0.041419	-0.185320	-0.397430	0.245155	-0.039956	0.022485	0.028987	-0.039707	-0.122023	0.356516	1.000000	0.303925	0.302355	-0.891731	-0.025123	0.000211	0.048302	
0.115352	0.092080	-0.037390	0.001763	0.067312	-0.077178	0.018615	0.014841	-0.030493	0.030400	0.303925	1.000000	-0.768978	-0.122216	0.141177	-0.136455	0.011552	
-0.135588	-0.172294	0.026417	0.019407	-0.093891	0.111263	-0.031380	-0.016092	0.030658	-0.026886	0.302355	-0.768978	1.000000	-0.531387	-0.146067	0.206286	-0.214101	
0.022760	0.132913	0.009424	-0.027870	0.040870	-0.052022	0.019078	-0.005781	0.004249	0.000699	-0.891731	-0.122216	-0.531387	1.000000	0.031449	-0.128092	0.316621	
0.196941	-0.145879	0.074138	-0.046052	0.012588	-0.013732	-0.001659	0.104356	-0.065978	-0.079590	-0.025123	0.141177	-0.146067	0.031449	1.000000	-0.937394	0.344102	
-0.226804	0.147258	0.191958	-0.100054	-0.019618	0.041284	-0.033510	-0.063820	0.138683	-0.167569	0.000211	-0.136455	0.206286	-0.128092	-0.937394	1.000000	-0.625301	
0.057286	-0.000766	-0.784028	0.435721	0.012539	-0.068836	0.097109	-0.129398	-0.204497	0.728972	0.048302	0.011552	-0.214101	0.316621	0.344102	-0.625301	1.000000	

Time taken for mcmc chain: 1.753333 hours
