Number of steps: 5599587
Number of accepted steps: 1250000
Burn-in number of steps: 10000
Accepted fraction of steps: 0.223231
Convergence Status
R[0]= 1.000374	R[1]= 1.000599	R[2]= 1.000886	R[3]= 1.000311	R[4]= 1.000206	R[5]= 1.000276	R[6]= 1.000207	R[7]= 1.000745	R[8]= 1.000789	R[9]= 1.000735	R[10]= 1.000246	R[11]= 1.000159	R[12]= 1.000157	R[13]= 1.000029	R[14]= 1.000259	R[15]= 1.000273	R[16]= 1.000379	
<R>= 1.000390

Mean parameters
A[0]= 0.968705 pm 0.042764
A[1]= 0.995388 pm 0.024999
A[2]= 0.608453 pm 0.243378
A[3]= 5.196144 pm 0.901185
A[4]= 894.313664 pm 3077.571597
A[5]= 1418.002900 pm 1043.968234
A[6]= -310.586935 pm 247.599160
A[7]= -5750.668471 pm 6904.584739
A[8]= 2650.274206 pm 2420.032590
A[9]= -765.380399 pm 543.740076
A[10]= 3.808354 pm 1.033900
A[11]= -9833.566632 pm 4483.453081
A[12]= 3129.997963 pm 1380.352933
A[13]= 57.553961 pm 367.642402
A[14]= 3243.497408 pm 8847.474742
A[15]= -580.324392 pm 2703.851771
A[16]= -308.293833 pm 467.651243

Best-fitting parameters
A[0]= 0.985438
A[1]= 0.997952
A[2]= 0.618650
A[3]= 4.959344
A[4]= 2740.141000
A[5]= 775.001000
A[6]= -231.346600
A[7]= -3430.569000
A[8]= 2229.736000
A[9]= -806.155800
A[10]= 4.036981
A[11]= -8009.109000
A[12]= 2983.766000
A[13]= -66.306300
A[14]= 3282.325000
A[15]= -126.072900
A[16]= -488.148300
chi2_min= 54.846880


Cross-Covariance parameters
1.000000	-0.437053	-0.336694	0.157312	0.206175	-0.339345	0.248034	0.432938	-0.537406	0.294019	0.274695	0.152858	-0.088459	-0.082019	0.208509	-0.270517	0.129330	
-0.437053	1.000000	0.269827	-0.331526	0.196143	-0.188852	0.054412	-0.265967	0.308905	-0.152275	-0.242100	0.105373	-0.130474	0.062423	-0.136039	0.180291	-0.105529	
-0.336694	0.269827	1.000000	-0.772453	-0.087567	0.160042	-0.142731	-0.048547	0.585607	-0.916391	-0.557942	-0.060276	0.047746	0.010291	-0.017667	0.350328	-0.726519	
0.157312	-0.331526	-0.772453	1.000000	0.085962	0.239139	-0.486985	-0.011939	-0.309047	0.531633	0.431302	-0.001401	0.001623	-0.000353	-0.000484	-0.258509	0.568976	
0.206175	0.196143	-0.087567	0.085962	1.000000	-0.775629	0.128711	0.190541	-0.197480	0.096287	0.034773	0.094964	-0.088939	0.004777	0.029604	-0.057545	0.060836	
-0.339345	-0.188852	0.160042	0.239139	-0.775629	1.000000	-0.717696	-0.240961	0.390404	-0.349047	-0.086968	-0.124307	0.110544	0.003967	-0.051126	0.102757	-0.108647	
0.248034	0.054412	-0.142731	-0.486985	0.128711	-0.717696	1.000000	0.146175	-0.372255	0.436472	0.089878	0.069845	-0.059900	-0.007102	0.039097	-0.087579	0.101297	
0.432938	-0.265967	-0.048547	-0.011939	0.190541	-0.240961	0.146175	1.000000	-0.803033	0.200482	0.067038	0.047049	-0.022266	-0.034929	0.101353	-0.090318	-0.026936	
-0.537406	0.308905	0.585607	-0.309047	-0.197480	0.390404	-0.372255	-0.803033	1.000000	-0.734880	-0.356274	-0.081627	0.058188	0.027257	-0.088032	0.266761	-0.386510	
0.294019	-0.152275	-0.916391	0.531633	0.096287	-0.349047	0.436472	0.200482	-0.734880	1.000000	0.504215	0.069317	-0.065957	0.004650	0.005562	-0.321922	0.688350	
0.274695	-0.242100	-0.557942	0.431302	0.034773	-0.086968	0.089878	0.067038	-0.356274	0.504215	1.000000	0.194198	0.391829	-0.803960	0.014583	-0.008995	-0.019987	
0.152858	0.105373	-0.060276	-0.001401	0.094964	-0.124307	0.069845	0.047049	-0.081627	0.069317	0.194198	1.000000	-0.725953	-0.028798	0.148064	-0.118873	-0.016532	
-0.088459	-0.130474	0.047746	0.001623	-0.088939	0.110544	-0.059900	-0.022266	0.058188	-0.065957	0.391829	-0.725953	1.000000	-0.658547	-0.139377	0.287285	-0.367472	
-0.082019	0.062423	0.010291	-0.000353	0.004777	0.003967	-0.007102	-0.034929	0.027257	0.004650	-0.803960	-0.028798	-0.658547	1.000000	0.031016	-0.274206	0.548532	
0.208509	-0.136039	-0.017667	-0.000484	0.029604	-0.051126	0.039097	0.101353	-0.088032	0.005562	0.014583	0.148064	-0.139377	0.031016	1.000000	-0.884445	0.285925	
-0.270517	0.180291	0.350328	-0.258509	-0.057545	0.102757	-0.087579	-0.090318	0.266761	-0.321922	-0.008995	-0.118873	0.287285	-0.274206	-0.884445	1.000000	-0.683260	
0.129330	-0.105529	-0.726519	0.568976	0.060836	-0.108647	0.101297	-0.026936	-0.386510	0.688350	-0.019987	-0.016532	-0.367472	0.548532	0.285925	-0.683260	1.000000	

Time taken for mcmc chain: 1.702222 hours
