Number of steps: 8937473
Number of accepted steps: 2000000
Burn-in number of steps: 10000
Accepted fraction of steps: 0.223777
Convergence Status
R[0]= 1.000260	R[1]= 1.000266	R[2]= 1.001136	R[3]= 1.000973	R[4]= 1.000287	R[5]= 1.000452	R[6]= 1.000785	R[7]= 1.000341	R[8]= 1.000545	R[9]= 1.000971	R[10]= 1.000492	R[11]= 1.000286	R[12]= 1.000104	R[13]= 1.000085	R[14]= 1.000162	R[15]= 1.000483	R[16]= 1.000614	
<R>= 1.000485

Mean parameters
A[0]= 1.109045 pm 0.080466
A[1]= 0.975325 pm 0.037175
A[2]= 0.259951 pm 0.217017
A[3]= 5.691352 pm 1.335422
A[4]= 6602.099633 pm 4882.725489
A[5]= -1205.130132 pm 1509.591480
A[6]= 183.642580 pm 387.638591
A[7]= 11546.694244 pm 6642.015798
A[8]= -4010.736506 pm 2168.644352
A[9]= 142.125871 pm 488.671211
A[10]= 4.547822 pm 1.753717
A[11]= 4100.463133 pm 6745.376782
A[12]= -1651.224195 pm 2160.791532
A[13]= 573.941938 pm 578.530275
A[14]= -12383.934356 pm 6565.220974
A[15]= 139.054419 pm 2195.823498
A[16]= 271.594789 pm 486.568850

Best-fitting parameters
A[0]= 1.145104
A[1]= 0.969341
A[2]= 0.065826
A[3]= 7.346378
A[4]= 7476.755000
A[5]= -545.231400
A[6]= -159.572900
A[7]= 14690.430000
A[8]= -5632.835000
A[9]= 486.676700
A[10]= 5.497572
A[11]= 3555.523000
A[12]= -1105.094000
A[13]= 393.851200
A[14]= -17732.730000
A[15]= 727.999100
A[16]= 489.676800
chi2_min= 53.589860


Cross-Covariance parameters
1.000000	-0.331869	-0.211774	0.032201	0.183002	-0.240610	0.090290	0.261039	-0.339150	0.050939	-0.064989	0.069947	-0.168779	0.137208	0.097036	-0.204188	0.070343	
-0.331869	1.000000	0.147589	-0.151771	0.271900	-0.256776	0.021812	-0.148416	0.189515	-0.021522	-0.282170	0.100405	-0.231569	0.208438	-0.079101	0.064679	0.094918	
-0.211774	0.147589	1.000000	-0.561219	-0.034283	-0.017335	0.066744	0.039566	0.475684	-0.865901	-0.306219	0.003602	0.005613	-0.012860	0.018536	0.410464	-0.747899	
0.032201	-0.151771	-0.561219	1.000000	0.156429	0.420528	-0.834006	0.020920	-0.181667	0.255877	0.220164	-0.023901	0.049625	-0.040314	-0.015013	-0.216985	0.408375	
0.183002	0.271900	-0.034283	0.156429	1.000000	-0.754453	-0.032251	0.127274	-0.112065	-0.014521	-0.117144	0.057374	-0.134124	0.115656	-0.002893	-0.043619	0.068898	
-0.240610	-0.256776	-0.017335	0.420528	-0.754453	1.000000	-0.621729	-0.094024	0.173045	-0.149462	0.145084	-0.064134	0.150990	-0.130952	-0.005750	0.032027	-0.027322	
0.090290	0.021812	0.066744	-0.834006	-0.032251	-0.621729	1.000000	-0.022690	-0.117494	0.254297	-0.053348	0.016541	-0.039774	0.035518	0.009373	0.012566	-0.047267	
0.261039	-0.148416	0.039566	0.020920	0.127274	-0.094024	-0.022690	1.000000	-0.803969	0.104306	-0.027748	0.011670	-0.024797	0.016658	0.038600	-0.017646	-0.070260	
-0.339150	0.189515	0.475684	-0.181667	-0.112065	0.173045	-0.117494	-0.803969	1.000000	-0.643592	-0.126703	-0.011760	0.032523	-0.028519	-0.022850	0.226996	-0.326548	
0.050939	-0.021522	-0.865901	0.255877	-0.014521	-0.149462	0.254297	0.104306	-0.643592	1.000000	0.263637	-0.002095	-0.005707	0.013929	-0.034302	-0.343532	0.677702	
-0.064989	-0.282170	-0.306219	0.220164	-0.117144	0.145084	-0.053348	-0.027748	-0.126703	0.263637	1.000000	0.164763	0.501471	-0.918140	0.042115	0.032630	-0.186353	
0.069947	0.100405	0.003602	-0.023901	0.057374	-0.064134	0.016541	0.011670	-0.011760	-0.002095	0.164763	1.000000	-0.724726	-0.002698	0.081967	-0.051505	-0.061144	
-0.168779	-0.231569	0.005613	0.049625	-0.134124	0.150990	-0.039774	-0.024797	0.032523	-0.005707	0.501471	-0.724726	1.000000	-0.679300	-0.037092	0.184874	-0.281159	
0.137208	0.208438	-0.012860	-0.040314	0.115656	-0.130952	0.035518	0.016658	-0.028519	0.013929	-0.918140	-0.002698	-0.679300	1.000000	-0.036852	-0.207995	0.481136	
0.097036	-0.079101	0.018536	-0.015013	-0.002893	-0.005750	0.009373	0.038600	-0.022850	-0.034302	0.042115	0.081967	-0.037092	-0.036852	1.000000	-0.789011	0.153178	
-0.204188	0.064679	0.410464	-0.216985	-0.043619	0.032027	0.012566	-0.017646	0.226996	-0.343532	0.032630	-0.051505	0.184874	-0.207995	-0.789011	1.000000	-0.677816	
0.070343	0.094918	-0.747899	0.408375	0.068898	-0.027322	-0.047267	-0.070260	-0.326548	0.677702	-0.186353	-0.061144	-0.281159	0.481136	0.153178	-0.677816	1.000000	

Time taken for mcmc chain: 2.861111 hours
