Number of steps: 15902557
Number of accepted steps: 2000000
Burn-in number of steps: 10000
Accepted fraction of steps: 0.125766
Convergence Status
R[0]= 1.001770	R[1]= 1.002245	R[2]= 1.007124	R[3]= 1.000557	R[4]= 1.000719	R[5]= 1.001019	R[6]= 1.000724	R[7]= 1.000114	R[8]= 1.001250	R[9]= 1.002632	R[10]= 1.001520	R[11]= 1.000300	R[12]= 1.000461	R[13]= 1.000665	R[14]= 1.000357	R[15]= 1.000675	R[16]= 1.000873	
<R>= 1.001353

Mean parameters
A[0]= 1.090961 pm 0.110196
A[1]= 1.035392 pm 0.092161
A[2]= 0.400269 pm 0.355758
A[3]= 4.886528 pm 1.490281
A[4]= 2608.757804 pm 5567.022761
A[5]= -849.280245 pm 1848.586026
A[6]= 277.336607 pm 415.796633
A[7]= -10223.631704 pm 7617.612486
A[8]= 1667.857493 pm 2612.326252
A[9]= -151.360978 pm 626.803066
A[10]= 3.434158 pm 1.606121
A[11]= -2063.889434 pm 7406.182735
A[12]= -838.409696 pm 2066.781032
A[13]= 764.842196 pm 537.307608
A[14]= 9062.788990 pm 8483.363147
A[15]= -3701.199294 pm 2687.767597
A[16]= 333.905906 pm 484.987094

Best-fitting parameters
A[0]= 1.154464
A[1]= 1.035870
A[2]= 0.293387
A[3]= 4.655128
A[4]= 3688.732000
A[5]= -1462.085000
A[6]= 398.411900
A[7]= -16741.950000
A[8]= 2881.422000
A[9]= -130.490500
A[10]= 3.348325
A[11]= -963.204400
A[12]= -1320.013000
A[13]= 837.156600
A[14]= 19211.410000
A[15]= -6203.135000
A[16]= 478.713500
chi2_min= 58.519580


Cross-Covariance parameters
1.000000	-0.385732	-0.346381	0.199141	0.180395	-0.192191	0.042082	0.343665	-0.463515	0.125637	0.056248	0.051085	-0.130026	0.098583	0.160188	-0.283200	0.134978	
-0.385732	1.000000	0.347721	-0.561540	0.353888	-0.514132	0.362714	-0.224809	0.270247	-0.014019	-0.091536	0.283431	-0.213784	-0.106156	-0.134578	0.250474	-0.179012	
-0.346381	0.347721	1.000000	-0.621911	-0.005135	-0.005938	0.015168	0.008589	0.541113	-0.827121	-0.483506	-0.032481	-0.050175	0.122491	-0.015893	0.342845	-0.650985	
0.199141	-0.561540	-0.621911	1.000000	-0.016911	0.457590	-0.745997	0.094393	-0.293600	0.281685	0.300691	-0.118407	0.149785	-0.041211	0.042669	-0.248640	0.403558	
0.180395	0.353888	-0.005135	-0.016911	1.000000	-0.805524	0.092533	0.093229	-0.090192	0.020114	0.031618	0.189371	-0.148282	-0.065979	0.005118	0.006214	-0.035562	
-0.192191	-0.514132	-0.005938	0.457590	-0.805524	1.000000	-0.653899	-0.030258	0.153381	-0.219456	-0.018118	-0.242285	0.207202	0.061106	0.012990	-0.016820	0.014754	
0.042082	0.362714	0.015168	-0.745997	0.092533	-0.653899	1.000000	-0.076416	-0.137707	0.353348	-0.007909	0.136781	-0.131543	-0.015124	-0.030843	0.021475	0.030110	
0.343665	-0.224809	0.008589	0.094393	0.093229	-0.030258	-0.076416	1.000000	-0.768269	0.044306	-0.065405	-0.044789	-0.016066	0.082535	0.074347	-0.074398	-0.042506	
-0.463515	0.270247	0.541113	-0.293600	-0.090192	0.153381	-0.137707	-0.768269	1.000000	-0.642459	-0.223466	-0.009389	0.011310	0.004511	-0.055112	0.249715	-0.359941	
0.125637	-0.014019	-0.827121	0.281685	0.020114	-0.219456	0.353348	0.044306	-0.642459	1.000000	0.441754	0.086953	0.008395	-0.140953	-0.042195	-0.252331	0.620565	
0.056248	-0.091536	-0.483506	0.300691	0.031618	-0.018118	-0.007909	-0.065405	-0.223466	0.441754	1.000000	0.271531	0.331034	-0.882005	0.015434	-0.020728	-0.041111	
0.051085	0.283431	-0.032481	-0.118407	0.189371	-0.242285	0.136781	-0.044789	-0.009389	0.086953	0.271531	1.000000	-0.764995	-0.142580	0.065919	-0.018199	-0.094765	
-0.130026	-0.213784	-0.050175	0.149785	-0.148282	0.207202	-0.131543	-0.016066	0.011310	0.008395	0.331034	-0.764995	1.000000	-0.517089	-0.068012	0.141208	-0.180167	
0.098583	-0.106156	0.122491	-0.041211	-0.065979	0.061106	-0.015124	0.082535	0.004511	-0.140953	-0.882005	-0.142580	-0.517089	1.000000	0.018180	-0.191691	0.407651	
0.160188	-0.134578	-0.015893	0.042669	0.005118	0.012990	-0.030843	0.074347	-0.055112	-0.042195	0.015434	0.065919	-0.068012	0.018180	1.000000	-0.857047	0.237740	
-0.283200	0.250474	0.342845	-0.248640	0.006214	-0.016820	0.021475	-0.074398	0.249715	-0.252331	-0.020728	-0.018199	0.141208	-0.191691	-0.857047	1.000000	-0.660921	
0.134978	-0.179012	-0.650985	0.403558	-0.035562	0.014754	0.030110	-0.042506	-0.359941	0.620565	-0.041111	-0.094765	-0.180167	0.407651	0.237740	-0.660921	1.000000	

Time taken for mcmc chain: 4.938611 hours
