Number of steps: 8781162
Number of accepted steps: 1300000
Burn-in number of steps: 10000
Accepted fraction of steps: 0.148044
Convergence Status
R[0]= 1.000686	R[1]= 1.000353	R[2]= 1.000842	R[3]= 1.000970	R[4]= 1.000205	R[5]= 1.000388	R[6]= 1.000621	R[7]= 1.000428	R[8]= 1.000436	R[9]= 1.000597	R[10]= 1.000927	R[11]= 1.000368	R[12]= 1.000996	R[13]= 1.000886	R[14]= 1.000191	R[15]= 1.000487	R[16]= 1.000562	
<R>= 1.000585

Mean parameters
A[0]= 0.945438 pm 0.048283
A[1]= 1.029891 pm 0.029570
A[2]= 0.591931 pm 0.306402
A[3]= 4.080964 pm 0.860399
A[4]= 1205.334104 pm 3125.980185
A[5]= 191.767639 pm 1004.922538
A[6]= 162.894226 pm 241.451753
A[7]= -9685.032392 pm 6129.328203
A[8]= 2150.389685 pm 2195.011484
A[9]= -306.216045 pm 525.784185
A[10]= 2.892458 pm 0.995062
A[11]= -7815.610306 pm 4653.537849
A[12]= 991.055171 pm 1382.808544
A[13]= 592.782507 pm 363.808415
A[14]= -7766.835849 pm 7878.024656
A[15]= 770.508169 pm 2462.680143
A[16]= 81.551426 pm 442.231192

Best-fitting parameters
A[0]= 0.949441
A[1]= 1.016816
A[2]= 0.555742
A[3]= 4.233180
A[4]= 521.626900
A[5]= 496.498500
A[6]= 108.023100
A[7]= -11893.750000
A[8]= 2844.881000
A[9]= -391.765400
A[10]= 2.707800
A[11]= -10696.190000
A[12]= 1471.287000
A[13]= 646.417500
A[14]= -8751.722000
A[15]= 797.897000
A[16]= 134.942500
chi2_min= 38.269030


Cross-Covariance parameters
1.000000	-0.440748	-0.309711	0.150743	0.188136	-0.317401	0.219672	0.374463	-0.474907	0.245817	0.199505	0.126565	-0.109235	-0.023351	0.176696	-0.242722	0.132460	
-0.440748	1.000000	0.225254	-0.263664	0.189707	-0.164417	0.015013	-0.251673	0.283165	-0.120860	-0.212312	0.097786	-0.132522	0.075558	-0.122239	0.146376	-0.059735	
-0.309711	0.225254	1.000000	-0.765108	-0.144720	0.234574	-0.178355	-0.010103	0.592877	-0.915966	-0.521081	-0.072350	0.075730	-0.011492	-0.005421	0.349782	-0.724405	
0.150743	-0.263664	-0.765108	1.000000	0.185432	0.138320	-0.456776	-0.053663	-0.307505	0.546976	0.413863	0.023059	-0.020722	-0.001016	-0.002804	-0.260542	0.558716	
0.188136	0.189707	-0.144720	0.185432	1.000000	-0.770783	0.061441	0.139432	-0.179466	0.121567	0.042886	0.080941	-0.093881	0.028769	0.000449	-0.058798	0.109632	
-0.317401	-0.164417	0.234574	0.138320	-0.770783	1.000000	-0.674903	-0.209118	0.405205	-0.385969	-0.090195	-0.101349	0.121010	-0.038367	-0.017139	0.109759	-0.179591	
0.219672	0.015013	-0.178355	-0.456776	0.061441	-0.674903	1.000000	0.150204	-0.403044	0.450503	0.082858	0.046104	-0.061930	0.024612	0.018530	-0.089489	0.141394	
0.374463	-0.251673	-0.010103	-0.053663	0.139432	-0.209118	0.150204	1.000000	-0.768796	0.162843	0.023100	0.010863	-0.009029	-0.010892	0.080395	-0.066460	-0.031316	
-0.474907	0.283165	0.592877	-0.307505	-0.179466	0.405205	-0.403044	-0.768796	1.000000	-0.745502	-0.321298	-0.056251	0.063246	-0.008156	-0.062050	0.261085	-0.416209	
0.245817	-0.120860	-0.915966	0.546976	0.121567	-0.385969	0.450503	0.162843	-0.745502	1.000000	0.471676	0.066243	-0.082751	0.029648	-0.008699	-0.323373	0.697273	
0.199505	-0.212312	-0.521081	0.413863	0.042886	-0.090195	0.082858	0.023100	-0.321298	0.471676	1.000000	0.233951	0.347807	-0.807288	-0.033802	0.045758	-0.029344	
0.126565	0.097786	-0.072350	0.023059	0.080941	-0.101349	0.046104	0.010863	-0.056251	0.066243	0.233951	1.000000	-0.736852	-0.051487	0.103296	-0.076871	-0.024469	
-0.109235	-0.132522	0.075730	-0.020722	-0.093881	0.121010	-0.061930	-0.009029	0.063246	-0.082751	0.347807	-0.736852	1.000000	-0.629341	-0.132948	0.290023	-0.358214	
-0.023351	0.075558	-0.011492	-0.001016	0.028769	-0.038367	0.024612	-0.010892	-0.008156	0.029648	-0.807288	-0.051487	-0.629341	1.000000	0.071195	-0.328371	0.550855	
0.176696	-0.122239	-0.005421	-0.002804	0.000449	-0.017139	0.018530	0.080395	-0.062050	-0.008699	-0.033802	0.103296	-0.132948	0.071195	1.000000	-0.870396	0.286053	
-0.242722	0.146376	0.349782	-0.260542	-0.058798	0.109759	-0.089489	-0.066460	0.261085	-0.323373	0.045758	-0.076871	0.290023	-0.328371	-0.870396	1.000000	-0.703043	
0.132460	-0.059735	-0.724405	0.558716	0.109632	-0.179591	0.141394	-0.031316	-0.416209	0.697273	-0.029344	-0.024469	-0.358214	0.550855	0.286053	-0.703043	1.000000	

Time taken for mcmc chain: 2.647500 hours
