Number of steps: 2187984
Number of accepted steps: 830000
Burn-in number of steps: 10000
Accepted fraction of steps: 0.379345
Convergence Status
R[0]= 1.000280	R[1]= 1.000540	R[2]= 1.000988	R[3]= 1.000569	R[4]= 1.000280	R[5]= 1.000096	R[6]= 1.000201	R[7]= 1.000261	R[8]= 1.000386	R[9]= 1.000890	R[10]= 1.000642	R[11]= 1.000510	R[12]= 1.000632	R[13]= 1.000552	R[14]= 1.000508	R[15]= 1.000381	R[16]= 1.000321	
<R>= 1.000473

Mean parameters
A[0]= 1.028778 pm 0.063799
A[1]= 1.014582 pm 0.024065
A[2]= 0.169886 pm 0.138451
A[3]= 5.096627 pm 0.767114
A[4]= 2290.929919 pm 3173.545811
A[5]= -647.690669 pm 954.886151
A[6]= 275.266281 pm 223.154370
A[7]= 3413.107178 pm 7236.854828
A[8]= -2958.007939 pm 2063.067234
A[9]= 547.478366 pm 304.278898
A[10]= 3.687643 pm 1.077189
A[11]= -1612.112636 pm 4860.103789
A[12]= -198.691664 pm 1347.840870
A[13]= 613.707090 pm 340.825090
A[14]= 709.147833 pm 9091.020774
A[15]= -3128.374941 pm 2542.018258
A[16]= 675.904436 pm 271.163705

Best-fitting parameters
A[0]= 1.050841
A[1]= 1.004818
A[2]= 0.008866
A[3]= 5.877019
A[4]= 2090.838000
A[5]= -410.011800
A[6]= 198.837600
A[7]= 6160.303000
A[8]= -4372.712000
A[9]= 885.088700
A[10]= 4.187625
A[11]= -3228.544000
A[12]= 373.000200
A[13]= 539.578200
A[14]= -814.771200
A[15]= -3019.926000
A[16]= 818.449200
chi2_min= 58.768370


Cross-Covariance parameters
1.000000	-0.442387	-0.171951	-0.045189	0.246986	-0.329327	0.144401	0.455220	-0.477534	0.058116	0.046514	0.135870	-0.137729	-0.006650	0.229720	-0.242631	0.002144	
-0.442387	1.000000	0.116939	-0.160057	0.147664	-0.168647	0.069045	-0.309515	0.303540	-0.005050	-0.095460	0.082770	-0.104842	0.048592	-0.153304	0.156132	0.009371	
-0.171951	0.116939	1.000000	-0.496008	-0.053506	0.105794	-0.095185	0.034990	0.312549	-0.891400	-0.309183	-0.032846	0.018057	0.021926	0.023657	0.169205	-0.680737	
-0.045189	-0.160057	-0.496008	1.000000	0.167440	0.338090	-0.788060	-0.070864	-0.052671	0.304672	0.162575	-0.025866	0.036271	-0.014169	-0.032386	-0.065333	0.347517	
0.246986	0.147664	-0.053506	0.167440	1.000000	-0.792886	0.009084	0.204034	-0.209953	0.060042	0.008443	0.087041	-0.084939	-0.000266	0.044178	-0.051014	0.017371	
-0.329327	-0.168647	0.105794	0.338090	-0.792886	1.000000	-0.606683	-0.234847	0.300010	-0.215960	-0.020661	-0.104913	0.104027	-0.000055	-0.056024	0.071610	-0.046926	
0.144401	0.069045	-0.095185	-0.788060	0.009084	-0.606683	1.000000	0.088619	-0.184853	0.272929	0.025580	0.040956	-0.040352	-0.002520	0.020948	-0.036894	0.055311	
0.455220	-0.309515	0.034990	-0.070864	0.204034	-0.234847	0.088619	1.000000	-0.922798	0.212496	0.003757	0.049972	-0.042246	-0.014896	0.124690	-0.103977	-0.086628	
-0.477534	0.303540	0.312549	-0.052671	-0.209953	0.300010	-0.184853	-0.922798	1.000000	-0.552632	-0.109153	-0.061862	0.049699	0.020412	-0.105403	0.153271	-0.156885	
0.058116	-0.005050	-0.891400	0.304672	0.060042	-0.215960	0.272929	0.212496	-0.552632	1.000000	0.275941	0.029337	-0.014637	-0.018934	-0.045701	-0.128487	0.622655	
0.046514	-0.095460	-0.309183	0.162575	0.008443	-0.020661	0.025580	0.003757	-0.109153	0.275941	1.000000	0.287954	0.339681	-0.926348	-0.023924	0.035836	-0.068974	
0.135870	0.082770	-0.032846	-0.025866	0.087041	-0.104913	0.040956	0.049972	-0.061862	0.029337	0.287954	1.000000	-0.769491	-0.095836	0.144586	-0.142079	0.021601	
-0.137729	-0.104842	0.018057	0.036271	-0.084939	0.104027	-0.040352	-0.042246	0.049699	-0.014637	0.339681	-0.769491	1.000000	-0.552978	-0.161511	0.214841	-0.230042	
-0.006650	0.048592	0.021926	-0.014169	-0.000266	-0.000055	-0.002520	-0.014896	0.020412	-0.018934	-0.926348	-0.095836	-0.552978	1.000000	0.050867	-0.133340	0.325916	
0.229720	-0.153304	0.023657	-0.032386	0.044178	-0.056024	0.020948	0.124690	-0.105403	-0.045701	-0.023924	0.144586	-0.161511	0.050867	1.000000	-0.955720	0.470119	
-0.242631	0.156132	0.169205	-0.065333	-0.051014	0.071610	-0.036894	-0.103977	0.153271	-0.128487	0.035836	-0.142079	0.214841	-0.133340	-0.955720	1.000000	-0.681743	
0.002144	0.009371	-0.680737	0.347517	0.017371	-0.046926	0.055311	-0.086628	-0.156885	0.622655	-0.068974	0.021601	-0.230042	0.325916	0.470119	-0.681743	1.000000	

Time taken for mcmc chain: 41.200000 minutes
