Number of steps: 5762383
Number of accepted steps: 1220000
Burn-in number of steps: 10000
Accepted fraction of steps: 0.211718
Convergence Status
R[0]= 1.000253	R[1]= 1.000176	R[2]= 1.000457	R[3]= 1.000439	R[4]= 1.000455	R[5]= 1.000111	R[6]= 1.000421	R[7]= 1.000335	R[8]= 1.000184	R[9]= 1.000043	R[10]= 1.000548	R[11]= 1.000139	R[12]= 1.000605	R[13]= 1.000768	R[14]= 1.000428	R[15]= 1.000608	R[16]= 1.000344	
<R>= 1.000371

Mean parameters
A[0]= 1.046025 pm 0.036854
A[1]= 0.995434 pm 0.025159
A[2]= 0.786651 pm 0.269033
A[3]= 3.574651 pm 0.720005
A[4]= 1180.126766 pm 3062.441138
A[5]= 16.189644 pm 903.947605
A[6]= 213.280461 pm 225.855451
A[7]= 12084.844415 pm 5293.540001
A[8]= -2253.921728 pm 1775.704728
A[9]= -537.721073 pm 439.796242
A[10]= 5.115205 pm 1.135046
A[11]= 4447.316566 pm 4825.491743
A[12]= 1246.956052 pm 1459.350488
A[13]= -557.900517 pm 365.396604
A[14]= -3111.420999 pm 9157.364103
A[15]= 2629.262949 pm 2851.255988
A[16]= -1312.282460 pm 630.876975

Best-fitting parameters
A[0]= 1.050559
A[1]= 0.984345
A[2]= 0.891225
A[3]= 3.428759
A[4]= 1106.865000
A[5]= 179.543700
A[6]= 167.091500
A[7]= 14616.640000
A[8]= -2481.569000
A[9]= -736.442300
A[10]= 4.811085
A[11]= 2832.939000
A[12]= 1697.043000
A[13]= -592.562800
A[14]= -5861.982000
A[15]= 4125.223000
A[16]= -1674.947000
chi2_min= 62.205920


Cross-Covariance parameters
1.000000	-0.423428	-0.298492	0.227185	0.139529	-0.185330	0.068248	0.281357	-0.402713	0.209123	0.154334	0.111406	-0.201915	0.139325	0.285977	-0.428354	0.264191	
-0.423428	1.000000	0.226717	-0.238772	0.211349	-0.186859	-0.009817	-0.162555	0.238066	-0.137661	-0.320997	0.177858	-0.247917	0.148233	-0.188937	0.213349	-0.066528	
-0.298492	0.226717	1.000000	-0.759225	-0.048810	0.047472	-0.012317	0.043124	0.506950	-0.842356	-0.723200	-0.040617	0.010483	0.036503	0.068511	0.407660	-0.807849	
0.227185	-0.238772	-0.759225	1.000000	0.169271	0.244997	-0.603912	0.004129	-0.249004	0.367135	0.568753	0.019240	0.012938	-0.042048	-0.040657	-0.316639	0.610545	
0.139529	0.211349	-0.048810	0.169271	1.000000	-0.768907	-0.038802	0.152818	-0.103483	-0.032505	-0.038240	0.092013	-0.141940	0.090443	0.011028	-0.062625	0.085125	
-0.185330	-0.186859	0.047472	0.244997	-0.768907	1.000000	-0.600021	-0.131291	0.275370	-0.270732	0.036456	-0.088276	0.143343	-0.095014	-0.021100	0.075167	-0.087180	
0.068248	-0.009817	-0.012317	-0.603912	-0.038802	-0.600021	1.000000	-0.003457	-0.286454	0.469076	0.006176	0.000996	-0.013313	0.014707	0.009226	-0.023734	0.020610	
0.281357	-0.162555	0.043124	0.004129	0.152818	-0.131291	-0.003457	1.000000	-0.766982	0.097043	-0.029745	0.017813	-0.033393	0.019557	0.107808	-0.074581	-0.049049	
-0.402713	0.238066	0.506950	-0.249004	-0.103483	0.275370	-0.286454	-0.766982	1.000000	-0.699107	-0.369127	-0.040256	0.042047	-0.004146	-0.048092	0.287416	-0.410101	
0.209123	-0.137661	-0.842356	0.367135	-0.032505	-0.270732	0.469076	0.097043	-0.699107	1.000000	0.617602	0.034401	-0.008456	-0.031902	-0.082717	-0.330282	0.696096	
0.154334	-0.320997	-0.723200	0.568753	-0.038240	0.036456	0.006176	-0.029745	-0.369127	0.617602	1.000000	0.142821	0.321457	-0.682984	-0.002189	-0.156623	0.264919	
0.111406	0.177858	-0.040617	0.019240	0.092013	-0.088276	0.000996	0.017813	-0.040256	0.034401	0.142821	1.000000	-0.764102	-0.003850	0.145452	-0.115416	-0.020166	
-0.201915	-0.247917	0.010483	0.012938	-0.141940	0.143343	-0.013313	-0.033393	0.042047	-0.008456	0.321457	-0.764102	1.000000	-0.633908	-0.110046	0.260466	-0.286604	
0.139325	0.148233	0.036503	-0.042048	0.090443	-0.095014	0.014707	0.019557	-0.004146	-0.031902	-0.682984	-0.003850	-0.633908	1.000000	-0.017158	-0.252633	0.472220	
0.285977	-0.188937	0.068511	-0.040657	0.011028	-0.021100	0.009226	0.107808	-0.048092	-0.082717	-0.002189	0.145452	-0.110046	-0.017158	1.000000	-0.814539	0.101934	
-0.428354	0.213349	0.407660	-0.316639	-0.062625	0.075167	-0.023734	-0.074581	0.287416	-0.330282	-0.156623	-0.115416	0.260466	-0.252633	-0.814539	1.000000	-0.645436	
0.264191	-0.066528	-0.807849	0.610545	0.085125	-0.087180	0.020610	-0.049049	-0.410101	0.696096	0.264919	-0.020166	-0.286604	0.472220	0.101934	-0.645436	1.000000	

Time taken for mcmc chain: 1.740556 hours
