Number of steps: 8585438
Number of accepted steps: 2000000
Burn-in number of steps: 10000
Accepted fraction of steps: 0.232953
Convergence Status
R[0]= 1.000057	R[1]= 1.000369	R[2]= 1.002108	R[3]= 1.001032	R[4]= 1.000183	R[5]= 1.000392	R[6]= 1.000509	R[7]= 1.000198	R[8]= 1.000054	R[9]= 1.000652	R[10]= 1.000551	R[11]= 1.000075	R[12]= 1.000150	R[13]= 1.000121	R[14]= 1.000327	R[15]= 1.000509	R[16]= 1.001141	
<R>= 1.000496

Mean parameters
A[0]= 0.934614 pm 0.071505
A[1]= 0.945410 pm 0.033787
A[2]= 0.242419 pm 0.198210
A[3]= 5.743648 pm 1.446887
A[4]= -3694.712123 pm 4705.289211
A[5]= 1578.819190 pm 1661.403231
A[6]= 142.927852 pm 432.823211
A[7]= 3612.023832 pm 9109.630039
A[8]= -1786.880730 pm 2820.785131
A[9]= 261.686529 pm 455.274065
A[10]= 11.073100 pm 2.421517
A[11]= -5278.387639 pm 6914.025746
A[12]= 7059.396404 pm 2772.776210
A[13]= -1692.328448 pm 690.671650
A[14]= 2500.017787 pm 10532.593554
A[15]= 232.645972 pm 3760.103102
A[16]= -326.315621 pm 853.071037

Best-fitting parameters
A[0]= 1.000570
A[1]= 0.925264
A[2]= 0.135502
A[3]= 6.042077
A[4]= -5535.935000
A[5]= 2017.947000
A[6]= 116.627400
A[7]= 9661.179000
A[8]= -3888.257000
A[9]= 435.164000
A[10]= 11.633980
A[11]= -2756.913000
A[12]= 6186.378000
A[13]= -1625.768000
A[14]= 9800.102000
A[15]= -2741.015000
A[16]= 11.133430
chi2_min= 58.053310


Cross-Covariance parameters
1.000000	-0.360303	-0.230070	0.059915	0.231651	-0.214074	0.032390	0.296963	-0.310638	0.022330	-0.004434	0.264563	-0.281030	0.122523	0.314910	-0.333069	0.014183	
-0.360303	1.000000	0.169758	-0.011970	0.186838	-0.060092	-0.128603	-0.189889	0.225638	-0.067609	-0.418236	0.163937	-0.323893	0.309535	-0.188782	0.155227	0.065512	
-0.230070	0.169758	1.000000	-0.471624	-0.062490	0.046146	0.003679	-0.056663	0.416943	-0.832559	-0.470091	-0.051392	0.100734	-0.092773	-0.063025	0.603433	-0.889628	
0.059915	-0.011970	-0.471624	1.000000	0.069281	0.534889	-0.856574	-0.027266	-0.053486	0.173705	0.217878	0.030278	-0.052734	0.044850	0.011473	-0.274323	0.434195	
0.231651	0.186838	-0.062490	0.069281	1.000000	-0.728104	0.087748	0.161026	-0.168160	0.067656	-0.114022	0.142296	-0.198888	0.140150	0.046817	-0.083296	0.056119	
-0.214074	-0.060092	0.046146	0.534889	-0.728104	1.000000	-0.739553	-0.178012	0.263554	-0.247165	0.071756	-0.096479	0.136213	-0.097361	-0.053281	0.073539	-0.029485	
0.032390	-0.128603	0.003679	-0.856574	0.087748	-0.739553	1.000000	0.088907	-0.204845	0.291496	0.031496	-0.028675	0.037322	-0.023626	0.019254	-0.008573	-0.019204	
0.296963	-0.189889	-0.056663	-0.027266	0.161026	-0.178012	0.088907	1.000000	-0.898610	0.311678	0.033822	0.054335	-0.039419	-0.002936	0.100433	-0.091239	-0.021447	
-0.310638	0.225638	0.416943	-0.053486	-0.168160	0.263554	-0.204845	-0.898610	1.000000	-0.676959	-0.209326	-0.056637	0.061868	-0.028867	-0.100168	0.296916	-0.318591	
0.022330	-0.067609	-0.832559	0.173705	0.067656	-0.247165	0.291496	0.311678	-0.676959	1.000000	0.401535	0.005552	-0.054766	0.077741	-0.004810	-0.474169	0.790838	
-0.004434	-0.418236	-0.470091	0.217878	-0.114022	0.071756	0.031496	0.033822	-0.209326	0.401535	1.000000	-0.070021	0.591081	-0.810250	0.000382	-0.143886	0.224563	
0.264563	0.163937	-0.051392	0.030278	0.142296	-0.096479	-0.028675	0.054335	-0.056637	0.005552	-0.070021	1.000000	-0.742971	0.225249	0.156355	-0.166023	0.057875	
-0.281030	-0.323893	0.100734	-0.052734	-0.198888	0.136213	0.037322	-0.039419	0.061868	-0.054766	0.591081	-0.742971	1.000000	-0.812925	-0.139164	0.276147	-0.260322	
0.122523	0.309535	-0.092773	0.044850	0.140150	-0.097361	-0.023626	-0.002936	-0.028867	0.077741	-0.810250	0.225249	-0.812925	1.000000	0.055783	-0.246027	0.332206	
0.314910	-0.188782	-0.063025	0.011473	0.046817	-0.053281	0.019254	0.100433	-0.100168	-0.004810	0.000382	0.156355	-0.139164	0.055783	1.000000	-0.782700	0.170804	
-0.333069	0.155227	0.603433	-0.274323	-0.083296	0.073539	-0.008573	-0.091239	0.296916	-0.474169	-0.143886	-0.166023	0.276147	-0.246027	-0.782700	1.000000	-0.722911	
0.014183	0.065512	-0.889628	0.434195	0.056119	-0.029485	-0.019204	-0.021447	-0.318591	0.790838	0.224563	0.057875	-0.260322	0.332206	0.170804	-0.722911	1.000000	

Time taken for mcmc chain: 2.896944 hours
