Number of steps: 18494687
Number of accepted steps: 2000000
Burn-in number of steps: 10000
Accepted fraction of steps: 0.108139
Convergence Status
R[0]= 1.002964	R[1]= 1.013573	R[2]= 1.025537	R[3]= 1.005861	R[4]= 1.001010	R[5]= 1.000739	R[6]= 1.000363	R[7]= 1.000232	R[8]= 1.001175	R[9]= 1.003562	R[10]= 1.006895	R[11]= 1.000252	R[12]= 1.000274	R[13]= 1.001549	R[14]= 1.000340	R[15]= 1.002986	R[16]= 1.004176	
<R>= 1.004205

Mean parameters
A[0]= 1.061983 pm 0.116713
A[1]= 1.048713 pm 0.074143
A[2]= 0.451853 pm 0.406177
A[3]= 3.265293 pm 1.109852
A[4]= 3058.113850 pm 5144.334923
A[5]= -2021.225879 pm 1512.420872
A[6]= 814.761361 pm 383.363709
A[7]= -4884.559885 pm 9091.750775
A[8]= -93.459181 pm 2832.292456
A[9]= 84.325076 pm 532.340958
A[10]= 5.796553 pm 2.059566
A[11]= 6134.481057 pm 7108.854260
A[12]= 512.181115 pm 2358.136773
A[13]= -299.869890 pm 597.266353
A[14]= -3136.531307 pm 10477.392882
A[15]= 1486.258003 pm 3586.478827
A[16]= -455.673001 pm 772.703947

Best-fitting parameters
A[0]= 1.022067
A[1]= 1.060809
A[2]= 0.397275
A[3]= 3.604029
A[4]= 3711.714000
A[5]= -1927.532000
A[6]= 701.535200
A[7]= -4624.611000
A[8]= 0.596072
A[9]= 69.345080
A[10]= 5.925879
A[11]= 5230.672000
A[12]= 1118.697000
A[13]= -433.740500
A[14]= -11244.940000
A[15]= 4035.624000
A[16]= -617.221400
chi2_min= 62.213750


Cross-Covariance parameters
1.000000	-0.394371	-0.333990	0.137654	0.191506	-0.274368	0.119186	0.326868	-0.433292	0.182593	0.098856	0.201694	-0.287402	0.143685	0.318566	-0.454762	0.175446	
-0.394371	1.000000	0.415335	-0.289479	0.248538	-0.221701	-0.014613	-0.166784	0.279281	-0.197780	-0.470651	0.171161	-0.320985	0.266258	-0.207589	0.281333	-0.107152	
-0.333990	0.415335	1.000000	-0.506057	0.013468	0.075309	-0.131891	0.030764	0.379965	-0.789259	-0.649165	-0.082854	-0.024514	0.146832	-0.053524	0.497745	-0.771489	
0.137654	-0.289479	-0.506057	1.000000	0.200810	0.293767	-0.728505	0.014507	-0.096681	0.144676	0.374349	0.018367	0.065959	-0.121953	0.020689	-0.237915	0.376476	
0.191506	0.248538	0.013468	0.200810	1.000000	-0.768095	-0.086619	0.161784	-0.115318	-0.060392	-0.137682	0.160883	-0.242326	0.149940	0.023384	-0.048492	0.027085	
-0.274368	-0.221701	0.075309	0.293767	-0.768095	1.000000	-0.560546	-0.156203	0.275207	-0.267120	0.083812	-0.165777	0.262496	-0.170543	-0.046835	0.134528	-0.135111	
0.119186	-0.014613	-0.131891	-0.728505	-0.086619	-0.560546	1.000000	0.016228	-0.262341	0.499986	0.074857	0.016568	-0.042076	0.037075	0.030141	-0.127529	0.168406	
0.326868	-0.166784	0.030764	0.014507	0.161784	-0.156203	0.016228	1.000000	-0.860769	0.165587	-0.042227	0.034852	-0.078418	0.063732	0.129857	-0.106647	-0.062937	
-0.433292	0.279281	0.379965	-0.096681	-0.115318	0.275207	-0.262341	-0.860769	1.000000	-0.622228	-0.236742	-0.064656	0.071771	-0.014338	-0.133704	0.323271	-0.310957	
0.182593	-0.197780	-0.789259	0.144676	-0.060392	-0.267120	0.499986	0.165587	-0.622228	1.000000	0.536784	0.051688	0.014418	-0.089478	-0.000900	-0.417257	0.737885	
0.098856	-0.470651	-0.649165	0.374349	-0.137682	0.083812	0.074857	-0.042227	-0.236742	0.536784	1.000000	0.115651	0.428280	-0.791874	0.047829	-0.225721	0.304569	
0.201694	0.171161	-0.082854	0.018367	0.160883	-0.165777	0.016568	0.034852	-0.064656	0.051688	0.115651	1.000000	-0.748543	0.025220	0.131600	-0.132577	0.021661	
-0.287402	-0.320985	-0.024514	0.065959	-0.242326	0.262496	-0.042076	-0.078418	0.071771	0.014418	0.428280	-0.748543	1.000000	-0.671224	-0.109127	0.213508	-0.193256	
0.143685	0.266258	0.146832	-0.121953	0.149940	-0.170543	0.037075	0.063732	-0.014338	-0.089478	-0.791874	0.025220	-0.671224	1.000000	0.004765	-0.154238	0.265915	
0.318566	-0.207589	-0.053524	0.020689	0.023384	-0.046835	0.030141	0.129857	-0.133704	-0.000900	0.047829	0.131600	-0.109127	0.004765	1.000000	-0.807329	0.149876	
-0.454762	0.281333	0.497745	-0.237915	-0.048492	0.134528	-0.127529	-0.106647	0.323271	-0.417257	-0.225721	-0.132577	0.213508	-0.154238	-0.807329	1.000000	-0.671756	
0.175446	-0.107152	-0.771489	0.376476	0.027085	-0.135111	0.168406	-0.062937	-0.310957	0.737885	0.304569	0.021661	-0.193256	0.265915	0.149876	-0.671756	1.000000	

Time taken for mcmc chain: 5.698056 hours
