Number of steps: 3983042
Number of accepted steps: 1030000
Burn-in number of steps: 10000
Accepted fraction of steps: 0.258596
Convergence Status
R[0]= 1.000916	R[1]= 1.000185	R[2]= 1.000462	R[3]= 1.000472	R[4]= 1.000453	R[5]= 1.000308	R[6]= 1.000818	R[7]= 1.000512	R[8]= 1.000385	R[9]= 1.000582	R[10]= 1.000273	R[11]= 1.000523	R[12]= 1.000228	R[13]= 1.000570	R[14]= 1.000721	R[15]= 1.000835	R[16]= 1.000891	
<R>= 1.000537

Mean parameters
A[0]= 1.133760 pm 0.076126
A[1]= 1.024520 pm 0.040427
A[2]= 0.227416 pm 0.186856
A[3]= 4.373047 pm 1.169316
A[4]= 754.644825 pm 4939.145663
A[5]= -512.956480 pm 1397.871927
A[6]= 463.125258 pm 378.427319
A[7]= 14618.757239 pm 4633.286701
A[8]= -5575.681439 pm 1600.177349
A[9]= 511.673620 pm 374.150820
A[10]= 7.309834 pm 1.764004
A[11]= 8248.812439 pm 6576.077310
A[12]= -405.905052 pm 2005.273770
A[13]= -407.264129 pm 541.190286
A[14]= -1816.897676 pm 10494.182841
A[15]= -960.835079 pm 3161.941265
A[16]= -53.258443 pm 592.811926

Best-fitting parameters
A[0]= 1.154190
A[1]= 1.030136
A[2]= 0.223738
A[3]= 4.250940
A[4]= 805.158400
A[5]= -467.430400
A[6]= 465.864600
A[7]= 19810.960000
A[8]= -6777.147000
A[9]= 540.883100
A[10]= 7.092577
A[11]= 7818.893000
A[12]= -363.148500
A[13]= -393.452400
A[14]= -3962.945000
A[15]= -783.096500
A[16]= -51.614560
chi2_min= 62.648120


Cross-Covariance parameters
1.000000	-0.380709	-0.238342	-0.122603	0.017714	-0.198470	0.234050	0.128610	-0.265881	0.099846	0.116355	0.140399	-0.140478	-0.012257	0.242087	-0.323354	0.047487	
-0.380709	1.000000	0.199020	-0.109297	0.274661	-0.253106	-0.011480	-0.104706	0.171115	-0.039775	-0.341599	0.175808	-0.321459	0.228017	-0.192637	0.208345	0.018222	
-0.238342	0.199020	1.000000	-0.392826	-0.003584	0.016818	-0.020379	0.031354	0.475810	-0.833081	-0.482184	-0.013351	-0.018562	0.041346	0.055550	0.355722	-0.834943	
-0.122603	-0.109297	-0.392826	1.000000	0.275680	0.355827	-0.882395	0.001421	-0.031665	0.034260	0.233010	-0.046442	0.089198	-0.056665	-0.069538	-0.087972	0.344157	
0.017714	0.274661	-0.003584	0.275680	1.000000	-0.742684	-0.143173	0.059253	-0.020444	-0.067797	-0.073377	0.089688	-0.128767	0.062962	-0.039844	0.018913	0.037158	
-0.198470	-0.253106	0.016818	0.355827	-0.742684	1.000000	-0.546680	-0.054997	0.168880	-0.187548	0.087298	-0.120873	0.176445	-0.083434	-0.004963	0.032773	-0.030369	
0.234050	-0.011480	-0.020379	-0.882395	-0.143173	-0.546680	1.000000	0.003714	-0.217914	0.366916	-0.022637	0.045031	-0.069879	0.031928	0.054387	-0.066209	-0.003589	
0.128610	-0.104706	0.031354	0.001421	0.059253	-0.054997	0.003714	1.000000	-0.772691	0.139980	0.005515	0.007908	0.004100	-0.017994	0.039250	-0.017982	-0.061948	
-0.265881	0.171115	0.475810	-0.031665	-0.020444	0.168880	-0.217914	-0.772691	1.000000	-0.693158	-0.238019	-0.027892	0.009437	0.024696	-0.014024	0.206472	-0.370794	
0.099846	-0.039775	-0.833081	0.034260	-0.067797	-0.187548	0.366916	0.139980	-0.693158	1.000000	0.373787	0.018074	-0.011066	-0.003936	-0.084329	-0.270090	0.733556	
0.116355	-0.341599	-0.482184	0.233010	-0.073377	0.087298	-0.022637	0.005515	-0.238019	0.373787	1.000000	0.196535	0.426042	-0.867089	0.048227	-0.136405	0.133016	
0.140399	0.175808	-0.013351	-0.046442	0.089688	-0.120873	0.045031	0.007908	-0.027892	0.018074	0.196535	1.000000	-0.734031	-0.073339	0.111984	-0.096869	-0.033832	
-0.140478	-0.321459	-0.018562	0.089198	-0.128767	0.176445	-0.069879	0.004100	0.009437	-0.011066	0.426042	-0.734031	1.000000	-0.611864	-0.054402	0.127200	-0.172057	
-0.012257	0.228017	0.041346	-0.056665	0.062962	-0.083434	0.031928	-0.017994	0.024696	-0.003936	-0.867089	-0.073339	-0.611864	1.000000	-0.056483	-0.064669	0.300557	
0.242087	-0.192637	0.055550	-0.069538	-0.039844	-0.004963	0.054387	0.039250	-0.014024	-0.084329	0.048227	0.111984	-0.054402	-0.056483	1.000000	-0.867055	0.142776	
-0.323354	0.208345	0.355722	-0.087972	0.018913	0.032773	-0.066209	-0.017982	0.206472	-0.270090	-0.136405	-0.096869	0.127200	-0.064669	-0.867055	1.000000	-0.578452	
0.047487	0.018222	-0.834943	0.344157	0.037158	-0.030369	-0.003589	-0.061948	-0.370794	0.733556	0.133016	-0.033832	-0.172057	0.300557	0.142776	-0.578452	1.000000	

Time taken for mcmc chain: 1.218611 hours
