Number of steps: 2794489
Number of accepted steps: 1010000
Burn-in number of steps: 10000
Accepted fraction of steps: 0.361426
Convergence Status
R[0]= 1.000503	R[1]= 1.000953	R[2]= 1.000453	R[3]= 1.000776	R[4]= 1.000135	R[5]= 1.000463	R[6]= 1.000809	R[7]= 1.000427	R[8]= 1.000552	R[9]= 1.000541	R[10]= 1.000632	R[11]= 1.000487	R[12]= 1.000230	R[13]= 1.000224	R[14]= 1.000616	R[15]= 1.000535	R[16]= 1.000254	
<R>= 1.000505

Mean parameters
A[0]= 1.052257 pm 0.046500
A[1]= 0.963730 pm 0.023395
A[2]= 0.203272 pm 0.142553
A[3]= 5.976079 pm 0.848855
A[4]= 3413.585083 pm 3038.690739
A[5]= -74.212513 pm 953.920193
A[6]= -3.913915 pm 228.888759
A[7]= 12096.252014 pm 5320.840722
A[8]= -4704.674181 pm 1674.727427
A[9]= 391.173904 pm 345.270028
A[10]= 5.658150 pm 1.171835
A[11]= -3764.067449 pm 4710.912023
A[12]= 2037.142267 pm 1443.267799
A[13]= -80.519730 pm 369.918583
A[14]= -7065.680346 pm 8210.482602
A[15]= 541.385745 pm 2385.421564
A[16]= 111.231243 pm 378.208544

Best-fitting parameters
A[0]= 1.053291
A[1]= 0.964674
A[2]= 0.137623
A[3]= 6.379485
A[4]= 3149.357000
A[5]= 196.802800
A[6]= -81.267610
A[7]= 11944.670000
A[8]= -5097.620000
A[9]= 535.726600
A[10]= 6.038156
A[11]= -3840.638000
A[12]= 2082.461000
A[13]= -117.397200
A[14]= -5816.029000
A[15]= -155.345800
A[16]= 275.530800
chi2_min= 69.694230


Cross-Covariance parameters
1.000000	-0.412204	-0.226119	0.018178	0.132114	-0.216836	0.138902	0.309243	-0.373756	0.103410	0.157014	0.124044	-0.076020	-0.062803	0.219279	-0.264089	0.058535	
-0.412204	1.000000	0.172156	-0.205780	0.245292	-0.252383	0.056651	-0.199629	0.229868	-0.041423	-0.320548	0.136113	-0.264746	0.219849	-0.148204	0.156380	0.012490	
-0.226119	0.172156	1.000000	-0.587061	-0.021518	0.027708	-0.024308	0.017803	0.479801	-0.918583	-0.318627	0.021578	0.049906	-0.105115	0.037751	0.310679	-0.826193	
0.018178	-0.205780	-0.587061	1.000000	0.103827	0.404833	-0.767923	-0.013497	-0.204174	0.385783	0.224938	-0.063377	0.039557	0.027415	-0.043186	-0.157884	0.477718	
0.132114	0.245292	-0.021518	0.103827	1.000000	-0.775311	0.042840	0.139876	-0.133568	0.033437	-0.061598	0.080760	-0.112339	0.058618	0.002465	-0.018840	0.034855	
-0.216836	-0.252383	0.027708	0.404833	-0.775311	1.000000	-0.655113	-0.138372	0.202050	-0.167362	0.069700	-0.103441	0.141122	-0.070743	-0.024077	0.042603	-0.039098	
0.138902	0.056651	-0.024308	-0.767923	0.042840	-0.655113	1.000000	0.038079	-0.148563	0.231804	-0.020582	0.045007	-0.061636	0.030914	0.029024	-0.039887	0.024170	
0.309243	-0.199629	0.017803	-0.013497	0.139876	-0.138372	0.038079	1.000000	-0.840495	0.161407	0.052426	0.032297	0.007850	-0.057747	0.070475	-0.048900	-0.073849	
-0.373756	0.229868	0.479801	-0.204174	-0.133568	0.202050	-0.148563	-0.840495	1.000000	-0.649952	-0.195073	-0.023754	0.029703	-0.011227	-0.040603	0.196687	-0.352162	
0.103410	-0.041423	-0.918583	0.385783	0.033437	-0.167362	0.231804	0.161407	-0.649952	1.000000	0.260721	-0.014809	-0.071124	0.129297	-0.066173	-0.262840	0.787007	
0.157014	-0.320548	-0.318627	0.224938	-0.061598	0.069700	-0.020582	0.052426	-0.195073	0.260721	1.000000	0.155771	0.457771	-0.882564	0.056045	-0.054076	-0.038544	
0.124044	0.136113	0.021578	-0.063377	0.080760	-0.103441	0.045007	0.032297	-0.023754	-0.014809	0.155771	1.000000	-0.749483	-0.002022	0.137275	-0.121141	-0.019529	
-0.076020	-0.264746	0.049906	0.039557	-0.112339	0.141122	-0.061636	0.007850	0.029703	-0.071124	0.457771	-0.749483	1.000000	-0.652652	-0.081181	0.178364	-0.265688	
-0.062803	0.219849	-0.105115	0.027415	0.058618	-0.070743	0.030914	-0.057747	-0.011227	0.129297	-0.882564	-0.002022	-0.652652	1.000000	-0.044521	-0.120375	0.428988	
0.219279	-0.148204	0.037751	-0.043186	0.002465	-0.024077	0.029024	0.070475	-0.040603	-0.066173	0.056045	0.137275	-0.081181	-0.044521	1.000000	-0.903644	0.252009	
-0.264089	0.156380	0.310679	-0.157884	-0.018840	0.042603	-0.039887	-0.048900	0.196687	-0.262840	-0.054076	-0.121141	0.178364	-0.120375	-0.903644	1.000000	-0.616564	
0.058535	0.012490	-0.826193	0.477718	0.034855	-0.039098	0.024170	-0.073849	-0.352162	0.787007	-0.038544	-0.019529	-0.265688	0.428988	0.252009	-0.616564	1.000000	

Time taken for mcmc chain: 52.366667 minutes
