Number of steps: 10895078
Number of accepted steps: 2000000
Burn-in number of steps: 10000
Accepted fraction of steps: 0.183569
Convergence Status
R[0]= 1.000677	R[1]= 1.000832	R[2]= 1.001930	R[3]= 1.000779	R[4]= 1.000058	R[5]= 1.000093	R[6]= 1.000058	R[7]= 1.000348	R[8]= 1.000728	R[9]= 1.001369	R[10]= 1.001223	R[11]= 1.000818	R[12]= 1.000477	R[13]= 1.000536	R[14]= 1.000448	R[15]= 1.000548	R[16]= 1.000578	
<R>= 1.000677

Mean parameters
A[0]= 1.067129 pm 0.059882
A[1]= 1.006879 pm 0.031746
A[2]= 0.533486 pm 0.289259
A[3]= 5.494209 pm 1.284353
A[4]= 4026.353794 pm 4893.741334
A[5]= 101.756176 pm 1513.081545
A[6]= -176.739268 pm 398.770097
A[7]= 7687.433517 pm 8265.344819
A[8]= -1039.553874 pm 2871.554781
A[9]= -650.066838 pm 690.927494
A[10]= 8.178632 pm 1.933730
A[11]= 538.166353 pm 7293.125834
A[12]= 4261.044127 pm 2262.516083
A[13]= -1399.621469 pm 577.422225
A[14]= 905.792287 pm 10622.292629
A[15]= 1835.403934 pm 3812.569281
A[16]= -1405.172147 pm 993.269643

Best-fitting parameters
A[0]= 1.059136
A[1]= 1.012778
A[2]= 0.486333
A[3]= 5.894418
A[4]= 4631.262000
A[5]= 429.514800
A[6]= -348.267900
A[7]= 15759.480000
A[8]= -3251.864000
A[9]= -524.450700
A[10]= 7.984363
A[11]= 1230.679000
A[12]= 3845.334000
A[13]= -1287.311000
A[14]= 3582.330000
A[15]= 598.047500
A[16]= -1162.953000
chi2_min= 52.821560


Cross-Covariance parameters
1.000000	-0.401478	-0.395680	0.136431	0.164859	-0.316397	0.229696	0.289171	-0.486598	0.336605	0.238009	0.190554	-0.248450	0.093325	0.259226	-0.459898	0.283087	
-0.401478	1.000000	0.277891	-0.228685	0.227007	-0.171164	-0.038702	-0.166198	0.278123	-0.190393	-0.364470	0.168505	-0.252005	0.160058	-0.166228	0.232755	-0.103498	
-0.395680	0.277891	1.000000	-0.661985	-0.060655	0.107208	-0.081219	0.014666	0.548717	-0.884432	-0.687749	-0.049914	0.055713	-0.013368	0.029738	0.574343	-0.867141	
0.136431	-0.228685	-0.661985	1.000000	0.186239	0.290083	-0.660042	0.000303	-0.224261	0.346785	0.484950	-0.020699	0.033384	-0.021561	-0.049761	-0.351927	0.580252	
0.164859	0.227007	-0.060655	0.186239	1.000000	-0.739806	-0.046110	0.146182	-0.119252	-0.000927	-0.029546	0.123122	-0.167559	0.081164	0.020613	-0.076956	0.077590	
-0.316397	-0.171164	0.107208	0.290083	-0.739806	1.000000	-0.629139	-0.140730	0.297439	-0.288199	0.004745	-0.151284	0.207925	-0.100397	-0.057753	0.140100	-0.112263	
0.229696	-0.038702	-0.081219	-0.660042	-0.046110	-0.629139	1.000000	0.024114	-0.287208	0.428385	0.034637	0.056958	-0.081174	0.039731	0.051403	-0.101641	0.068047	
0.289171	-0.166198	0.014666	0.000303	0.146182	-0.140730	0.024114	1.000000	-0.771470	0.126185	-0.002210	0.045217	-0.049484	0.005324	0.105596	-0.070574	-0.051410	
-0.486598	0.278123	0.548717	-0.224261	-0.119252	0.297439	-0.287208	-0.771470	1.000000	-0.713374	-0.378435	-0.072436	0.089505	-0.027466	-0.073468	0.392304	-0.455735	
0.336605	-0.190393	-0.884432	0.346785	-0.000927	-0.288199	0.428385	0.126185	-0.713374	1.000000	0.601011	0.048918	-0.067048	0.032036	-0.041586	-0.510880	0.791500	
0.238009	-0.364470	-0.687749	0.484950	-0.029546	0.004745	0.034637	-0.002210	-0.378435	0.601011	1.000000	0.159002	0.311547	-0.678903	0.033364	-0.280246	0.350520	
0.190554	0.168505	-0.049914	-0.020699	0.123122	-0.151284	0.056958	0.045217	-0.072436	0.048918	0.159002	1.000000	-0.752529	-0.022171	0.151458	-0.112273	-0.020704	
-0.248450	-0.252005	0.055713	0.033384	-0.167559	0.207925	-0.081174	-0.049484	0.089505	-0.067048	0.311547	-0.752529	1.000000	-0.632248	-0.102530	0.250761	-0.246886	
0.093325	0.160058	-0.013368	-0.021561	0.081164	-0.100397	0.039731	0.005324	-0.027466	0.032036	-0.678903	-0.022171	-0.632248	1.000000	-0.034482	-0.231358	0.397389	
0.259226	-0.166228	0.029738	-0.049761	0.020613	-0.057753	0.051403	0.105596	-0.073468	-0.041586	0.033364	0.151458	-0.102530	-0.034482	1.000000	-0.724175	0.074322	
-0.459898	0.232755	0.574343	-0.351927	-0.076956	0.140100	-0.101641	-0.070574	0.392304	-0.510880	-0.280246	-0.112273	0.250761	-0.231358	-0.724175	1.000000	-0.721745	
0.283087	-0.103498	-0.867141	0.580252	0.077590	-0.112263	0.068047	-0.051410	-0.455735	0.791500	0.350520	-0.020704	-0.246886	0.397389	0.074322	-0.721745	1.000000	

Time taken for mcmc chain: 3.406389 hours
