Number of steps: 5995317
Number of accepted steps: 1530000
Burn-in number of steps: 10000
Accepted fraction of steps: 0.255199
Convergence Status
R[0]= 1.000372	R[1]= 1.000113	R[2]= 1.000810	R[3]= 1.000997	R[4]= 1.000613	R[5]= 1.000833	R[6]= 1.000689	R[7]= 1.000176	R[8]= 1.000191	R[9]= 1.000400	R[10]= 1.000922	R[11]= 1.000280	R[12]= 1.000225	R[13]= 1.000441	R[14]= 1.000160	R[15]= 1.000238	R[16]= 1.000374	
<R>= 1.000461

Mean parameters
A[0]= 1.034320 pm 0.067833
A[1]= 0.982881 pm 0.033928
A[2]= 0.305532 pm 0.214881
A[3]= 6.320588 pm 1.350010
A[4]= 3668.877554 pm 4838.954848
A[5]= 102.987503 pm 1590.961830
A[6]= -94.369636 pm 405.855189
A[7]= 4835.993609 pm 8995.921254
A[8]= -1823.703967 pm 2866.258547
A[9]= -61.263852 pm 575.366537
A[10]= 8.017174 pm 1.928861
A[11]= 2410.232212 pm 7080.558570
A[12]= 3040.210609 pm 2335.866059
A[13]= -913.097494 pm 594.367802
A[14]= -1861.626058 pm 10456.454802
A[15]= 2535.565603 pm 3451.781074
A[16]= -677.013708 pm 736.200882

Best-fitting parameters
A[0]= 1.042001
A[1]= 0.995737
A[2]= 0.221763
A[3]= 6.411651
A[4]= 4241.446000
A[5]= -239.542000
A[6]= -45.171000
A[7]= 8595.924000
A[8]= -3471.331000
A[9]= 223.366000
A[10]= 8.148681
A[11]= 5338.607000
A[12]= 1977.615000
A[13]= -816.520800
A[14]= -9238.857000
A[15]= 3636.028000
A[16]= -501.508200
chi2_min= 46.729920


Cross-Covariance parameters
1.000000	-0.364174	-0.277517	0.086649	0.208039	-0.252832	0.099442	0.328546	-0.407304	0.149691	-0.010608	0.141688	-0.257729	0.184929	0.242663	-0.357011	0.159396	
-0.364174	1.000000	0.192608	-0.266635	0.231584	-0.265517	0.107826	-0.200382	0.231372	-0.054232	-0.225137	0.204616	-0.222072	0.077955	-0.162781	0.197385	-0.044105	
-0.277517	0.192608	1.000000	-0.541938	-0.040067	0.084646	-0.078089	-0.004288	0.475703	-0.888563	-0.497422	-0.027584	0.057545	-0.050568	0.004261	0.491825	-0.875211	
0.086649	-0.266635	-0.541938	1.000000	0.108362	0.422737	-0.767476	0.028331	-0.168248	0.259840	0.328238	-0.050059	0.059946	-0.025827	0.002173	-0.260510	0.458924	
0.208039	0.231584	-0.040067	0.108362	1.000000	-0.748597	0.034709	0.158798	-0.151067	0.029171	-0.074998	0.124600	-0.168637	0.089332	0.027519	-0.059401	0.050008	
-0.252832	-0.265517	0.084646	0.422737	-0.748597	1.000000	-0.680063	-0.127489	0.245520	-0.261126	0.073450	-0.147973	0.204674	-0.113810	-0.028278	0.087210	-0.095609	
0.099442	0.107826	-0.078089	-0.767476	0.034709	-0.680063	1.000000	0.003196	-0.189196	0.362514	-0.012192	0.061061	-0.089048	0.055419	0.003159	-0.052456	0.083221	
0.328546	-0.200382	-0.004288	0.028331	0.158798	-0.127489	0.003196	1.000000	-0.847005	0.176986	-0.035895	0.025473	-0.060532	0.051291	0.103176	-0.089877	-0.035227	
-0.407304	0.231372	0.475703	-0.168248	-0.151067	0.245520	-0.189196	-0.847005	1.000000	-0.654553	-0.199877	-0.044078	0.090088	-0.073196	-0.082347	0.308928	-0.389981	
0.149691	-0.054232	-0.888563	0.259840	0.029171	-0.261126	0.362514	0.176986	-0.654553	1.000000	0.441351	0.037953	-0.060139	0.044307	-0.036014	-0.415281	0.801827	
-0.010608	-0.225137	-0.497422	0.328238	-0.074998	0.073450	-0.012192	-0.035895	-0.199877	0.441351	1.000000	0.106678	0.456049	-0.811910	0.003593	-0.116610	0.192305	
0.141688	0.204616	-0.027584	-0.050059	0.124600	-0.147973	0.061061	0.025473	-0.044078	0.037953	0.106678	1.000000	-0.745191	0.045732	0.122562	-0.111705	0.013140	
-0.257729	-0.222072	0.057545	0.059946	-0.168637	0.204674	-0.089048	-0.060532	0.090088	-0.060139	0.456049	-0.745191	1.000000	-0.691999	-0.107063	0.229968	-0.244290	
0.184929	0.077955	-0.050568	-0.025827	0.089332	-0.113810	0.055419	0.051291	-0.073196	0.044307	-0.811910	0.045732	-0.691999	1.000000	0.020872	-0.213731	0.353473	
0.242663	-0.162781	0.004261	0.002173	0.027519	-0.028278	0.003159	0.103176	-0.082347	-0.036014	0.003593	0.122562	-0.107063	0.020872	1.000000	-0.815634	0.169868	
-0.357011	0.197385	0.491825	-0.260510	-0.059401	0.087210	-0.052456	-0.089877	0.308928	-0.415281	-0.116610	-0.111705	0.229968	-0.213731	-0.815634	1.000000	-0.683627	
0.159396	-0.044105	-0.875211	0.458924	0.050008	-0.095609	0.083221	-0.035227	-0.389981	0.801827	0.192305	0.013140	-0.244290	0.353473	0.169868	-0.683627	1.000000	

Time taken for mcmc chain: 1.890833 hours
