Number of steps: 16879291
Number of accepted steps: 2000000
Burn-in number of steps: 10000
Accepted fraction of steps: 0.118488
Convergence Status
R[0]= 1.002382	R[1]= 1.006936	R[2]= 1.007167	R[3]= 1.002650	R[4]= 1.000324	R[5]= 1.000435	R[6]= 1.000293	R[7]= 1.000336	R[8]= 1.001928	R[9]= 1.002371	R[10]= 1.001844	R[11]= 1.000840	R[12]= 1.000946	R[13]= 1.000762	R[14]= 1.000038	R[15]= 1.000631	R[16]= 1.001131	
<R>= 1.001824

Mean parameters
A[0]= 0.951228 pm 0.051495
A[1]= 1.082804 pm 0.042513
A[2]= 0.578351 pm 0.367391
A[3]= 5.819904 pm 1.435009
A[4]= 4429.341538 pm 5059.513181
A[5]= 1119.161683 pm 1600.423993
A[6]= -498.378564 pm 407.317900
A[7]= -4533.162002 pm 9172.711386
A[8]= 2263.653881 pm 3319.688772
A[9]= -622.356527 pm 857.725970
A[10]= 4.242459 pm 1.564305
A[11]= -5101.940473 pm 6888.303044
A[12]= 2348.154253 pm 2081.243985
A[13]= -15.459715 pm 570.049609
A[14]= -3433.316356 pm 10139.631774
A[15]= 924.283799 pm 3350.321868
A[16]= -248.656831 pm 697.349020

Best-fitting parameters
A[0]= 0.961066
A[1]= 1.073206
A[2]= 0.466437
A[3]= 6.474271
A[4]= 6870.279000
A[5]= 934.999300
A[6]= -633.736900
A[7]= -1914.063000
A[8]= 1273.779000
A[9]= -492.138400
A[10]= 5.171933
A[11]= -7018.562000
A[12]= 3724.296000
A[13]= -380.085500
A[14]= -16366.740000
A[15]= 4321.215000
A[16]= -491.843700
chi2_min= 46.303400


Cross-Covariance parameters
1.000000	-0.423106	-0.300602	0.188428	0.196749	-0.279701	0.143527	0.331370	-0.429268	0.205258	0.143036	0.105312	-0.136798	0.043236	0.141961	-0.238491	0.146783	
-0.423106	1.000000	0.329561	-0.357482	0.215601	-0.231412	0.067738	-0.221346	0.306239	-0.166257	-0.285857	0.085772	-0.166770	0.122599	-0.099033	0.143541	-0.071021	
-0.300602	0.329561	1.000000	-0.755227	-0.127413	0.218759	-0.167984	0.037860	0.589344	-0.902561	-0.547229	-0.084511	0.077653	-0.001073	0.026613	0.385524	-0.738521	
0.188428	-0.357482	-0.755227	1.000000	0.210382	0.132333	-0.466650	-0.069266	-0.315921	0.544592	0.450083	0.035508	-0.017324	-0.018343	-0.016212	-0.298086	0.567989	
0.196749	0.215601	-0.127413	0.210382	1.000000	-0.752482	-0.012093	0.090350	-0.128673	0.093866	0.014476	0.093822	-0.135066	0.065649	0.003636	-0.081132	0.134465	
-0.279701	-0.231412	0.218759	0.132333	-0.752482	1.000000	-0.640537	-0.136008	0.360264	-0.371265	-0.052096	-0.110199	0.171555	-0.093032	-0.003680	0.133963	-0.226021	
0.143527	0.067738	-0.167984	-0.466650	-0.012093	-0.640537	1.000000	0.093656	-0.382151	0.443897	0.062182	0.041909	-0.080722	0.055135	-0.002435	-0.095942	0.171503	
0.331370	-0.221346	0.037860	-0.069266	0.090350	-0.136008	0.093656	1.000000	-0.728010	0.089652	-0.011655	0.010888	-0.011309	-0.002866	0.077057	-0.036273	-0.077427	
-0.429268	0.306239	0.589344	-0.315921	-0.128673	0.360264	-0.382151	-0.728010	1.000000	-0.736956	-0.329439	-0.062321	0.077522	-0.024413	-0.035940	0.284886	-0.444177	
0.205258	-0.166257	-0.902561	0.544592	0.093866	-0.371265	0.443897	0.089652	-0.736956	1.000000	0.494539	0.078049	-0.099450	0.039124	-0.041633	-0.370838	0.743895	
0.143036	-0.285857	-0.547229	0.450083	0.014476	-0.052096	0.062182	-0.011655	-0.329439	0.494539	1.000000	0.258934	0.328048	-0.781434	-0.059755	0.010886	0.080148	
0.105312	0.085772	-0.084511	0.035508	0.093822	-0.110199	0.041909	0.010888	-0.062321	0.078049	0.258934	1.000000	-0.716832	-0.081994	0.079334	-0.049978	-0.020490	
-0.136798	-0.166770	0.077653	-0.017324	-0.135066	0.171555	-0.080722	-0.011309	0.077522	-0.099450	0.328048	-0.716832	1.000000	-0.627791	-0.116708	0.285762	-0.337119	
0.043236	0.122599	-0.001073	-0.018343	0.065649	-0.093032	0.055135	-0.002866	-0.024413	0.039124	-0.781434	-0.081994	-0.627791	1.000000	0.078326	-0.345703	0.497735	
0.141961	-0.099033	0.026613	-0.016212	0.003636	-0.003680	-0.002435	0.077057	-0.035940	-0.041633	-0.059755	0.079334	-0.116708	0.078326	1.000000	-0.821182	0.218066	
-0.238491	0.143541	0.385524	-0.298086	-0.081132	0.133963	-0.095942	-0.036273	0.284886	-0.370838	0.010886	-0.049978	0.285762	-0.345703	-0.821182	1.000000	-0.716123	
0.146783	-0.071021	-0.738521	0.567989	0.134465	-0.226021	0.171503	-0.077427	-0.444177	0.743895	0.080148	-0.020490	-0.337119	0.497735	0.218066	-0.716123	1.000000	

Time taken for mcmc chain: 5.207222 hours
