Number of steps: 16504743
Number of accepted steps: 2000000
Burn-in number of steps: 10000
Accepted fraction of steps: 0.121177
Convergence Status
R[0]= 1.001491	R[1]= 1.003728	R[2]= 1.013008	R[3]= 1.005272	R[4]= 1.000961	R[5]= 1.000596	R[6]= 1.000489	R[7]= 1.000603	R[8]= 1.002310	R[9]= 1.003417	R[10]= 1.002408	R[11]= 1.000875	R[12]= 1.001341	R[13]= 1.001264	R[14]= 1.000704	R[15]= 1.002361	R[16]= 1.004574	
<R>= 1.002671

Mean parameters
A[0]= 1.022247 pm 0.120653
A[1]= 1.019360 pm 0.066523
A[2]= 0.618785 pm 0.479672
A[3]= 4.248809 pm 1.394841
A[4]= 4900.911633 pm 5244.989238
A[5]= -1126.190728 pm 1757.743634
A[6]= 348.105288 pm 419.635031
A[7]= 6865.111336 pm 9068.059904
A[8]= -1481.754329 pm 3279.718898
A[9]= -305.100829 pm 759.540313
A[10]= 2.720213 pm 1.464040
A[11]= -2918.762000 pm 7064.570332
A[12]= -871.076346 pm 2128.593390
A[13]= 906.256303 pm 545.197506
A[14]= 8468.377558 pm 8710.917593
A[15]= -2207.770129 pm 2921.199194
A[16]= 47.606881 pm 585.498127

Best-fitting parameters
A[0]= 1.069810
A[1]= 1.021208
A[2]= 0.553472
A[3]= 4.896724
A[4]= 6419.175000
A[5]= -782.906200
A[6]= 37.413550
A[7]= 10842.790000
A[8]= -1889.547000
A[9]= -564.208200
A[10]= 2.804594
A[11]= 1521.251000
A[12]= -2005.672000
A[13]= 925.751500
A[14]= 17408.480000
A[15]= -4700.021000
A[16]= 135.240300
chi2_min= 57.709510


Cross-Covariance parameters
1.000000	-0.440551	-0.337304	0.182075	0.290241	-0.361751	0.163519	0.468653	-0.543186	0.192152	0.030853	0.109907	-0.228737	0.167336	0.178875	-0.312838	0.175002	
-0.440551	1.000000	0.218187	-0.345097	0.218252	-0.243946	0.111177	-0.302513	0.298408	-0.040870	-0.024630	0.154928	-0.037137	-0.149630	-0.116772	0.202374	-0.131547	
-0.337304	0.218187	1.000000	-0.683765	-0.124536	0.154149	-0.077430	-0.085623	0.592631	-0.847118	-0.464029	-0.091472	0.073148	0.015460	-0.009547	0.364499	-0.649637	
0.182075	-0.345097	-0.683765	1.000000	0.122333	0.278936	-0.608446	0.065453	-0.293159	0.379031	0.338034	-0.003797	0.012020	-0.012259	0.006411	-0.252131	0.452514	
0.290241	0.218252	-0.124536	0.122333	1.000000	-0.778826	0.072246	0.195280	-0.205254	0.073562	0.043322	0.125506	-0.125463	0.004375	0.036419	-0.082074	0.060710	
-0.361751	-0.243946	0.154149	0.278936	-0.778826	1.000000	-0.672077	-0.200397	0.369199	-0.332645	-0.048238	-0.148949	0.162875	-0.027447	-0.047440	0.120175	-0.108026	
0.163519	0.111177	-0.077430	-0.608446	0.072246	-0.672077	1.000000	0.060344	-0.315921	0.438763	0.022680	0.064520	-0.083906	0.032633	0.021120	-0.076459	0.093952	
0.468653	-0.302513	-0.085623	0.065453	0.195280	-0.200397	0.060344	1.000000	-0.786230	0.134982	-0.032871	0.016109	-0.092377	0.101224	0.112354	-0.143336	0.029555	
-0.543186	0.298408	0.592631	-0.293159	-0.205254	0.369199	-0.315921	-0.786230	1.000000	-0.699710	-0.234605	-0.066373	0.116138	-0.070119	-0.087008	0.316762	-0.399662	
0.192152	-0.040870	-0.847118	0.379031	0.073562	-0.332645	0.438763	0.134982	-0.699710	1.000000	0.434531	0.081137	-0.050328	-0.035511	-0.017838	-0.311469	0.613297	
0.030853	-0.024630	-0.464029	0.338034	0.043322	-0.048238	0.022680	-0.032871	-0.234605	0.434531	1.000000	0.231828	0.350157	-0.833644	-0.011997	0.048475	-0.087475	
0.109907	0.154928	-0.091472	-0.003797	0.125506	-0.148949	0.064520	0.016109	-0.066373	0.081137	0.231828	1.000000	-0.752694	-0.041137	0.096288	-0.059229	-0.050265	
-0.228737	-0.037137	0.073148	0.012020	-0.125463	0.162875	-0.083906	-0.092377	0.116138	-0.050328	0.350157	-0.752694	1.000000	-0.617575	-0.117049	0.275753	-0.316807	
0.167336	-0.149630	0.015460	-0.012259	0.004375	-0.027447	0.032633	0.101224	-0.070119	-0.035511	-0.833644	-0.041137	-0.617575	1.000000	0.054262	-0.333230	0.539583	
0.178875	-0.116772	-0.009547	0.006411	0.036419	-0.047440	0.021120	0.112354	-0.087008	-0.017838	-0.011997	0.096288	-0.117049	0.054262	1.000000	-0.823593	0.226118	
-0.312838	0.202374	0.364499	-0.252131	-0.082074	0.120175	-0.076459	-0.143336	0.316762	-0.311469	0.048475	-0.059229	0.275753	-0.333230	-0.823593	1.000000	-0.706681	
0.175002	-0.131547	-0.649637	0.452514	0.060710	-0.108026	0.093952	0.029555	-0.399662	0.613297	-0.087475	-0.050265	-0.316807	0.539583	0.226118	-0.706681	1.000000	

Time taken for mcmc chain: 5.123889 hours
