Number of steps: 1310404
Number of accepted steps: 500004
Burn-in number of steps: 60000
Accepted fraction of steps: 0.381565
Convergence Status
R[0]= 1.002477	R[1]= 1.002769	R[2]= 1.007317	R[3]= 1.008675	R[4]= 1.089212	R[5]= 1.062360	R[6]= 1.031187	R[7]= 1.001433	R[8]= 1.011504	R[9]= 1.009902	R[10]= 1.011750	
<R>= 1.021690

Mean parameters
A[0]= 0.966379 pm 0.039785
A[1]= 0.965230 pm 0.020450
A[2]= 0.652494 pm 0.088565
A[3]= 1.998313 pm 0.050943
A[4]= -1.085741 pm 0.924032
A[5]= 1.244440 pm 0.198528
A[6]= 4.126195 pm 0.601694
A[7]= 2.047526 pm 0.053113
A[8]= -0.072706 pm 1.031758
A[9]= 1.025853 pm 0.164491
A[10]= 3.967511 pm 0.494555

Best-fitting parameters
A[0]= 0.953093
A[1]= 0.967428
A[2]= 0.668760
A[3]= 1.990276
A[4]= -1.118978
A[5]= 1.215060
A[6]= 4.015537
A[7]= 2.035588
A[8]= -0.236199
A[9]= 1.012783
A[10]= 3.859890
chi2_min= 38.781390


Cross-Covariance parameters
1.000000	-0.443410	-0.566433	0.611645	-0.206404	0.356639	0.438179	0.669064	-0.141615	0.288786	0.412465	
-0.443410	1.000000	0.642691	-0.089517	-0.030369	0.100226	-0.100867	-0.076002	0.024521	0.080412	-0.096787	
-0.566433	0.642691	1.000000	-0.665851	-0.314033	0.307545	0.344976	-0.566652	-0.106665	0.168559	0.306535	
0.611645	-0.089517	-0.665851	1.000000	0.464411	-0.338025	-0.314650	0.708830	0.065520	0.016807	-0.150730	
-0.206404	-0.030369	-0.314033	0.464411	1.000000	-0.951369	-0.777898	0.059042	0.233791	-0.313057	-0.494557	
0.356639	0.100226	0.307545	-0.338025	-0.951369	1.000000	0.865087	0.074193	-0.239955	0.381635	0.578115	
0.438179	-0.100867	0.344976	-0.314650	-0.777898	0.865087	1.000000	-0.012084	-0.270304	0.420597	0.755726	
0.669064	-0.076002	-0.566652	0.708830	0.059042	0.074193	-0.012084	1.000000	0.266775	-0.221824	-0.165394	
-0.141615	0.024521	-0.106665	0.065520	0.233791	-0.239955	-0.270304	0.266775	1.000000	-0.910288	-0.608085	
0.288786	0.080412	0.168559	0.016807	-0.313057	0.381635	0.420597	-0.221824	-0.910288	1.000000	0.765938	
0.412465	-0.096787	0.306535	-0.150730	-0.494557	0.578115	0.755726	-0.165394	-0.608085	0.765938	1.000000	

Time taken for mcmc chain: 13.720278 hours
