Number of steps: 1419355
Number of accepted steps: 500004
Burn-in number of steps: 60000
Accepted fraction of steps: 0.352276
Convergence Status
R[0]= 1.003559	R[1]= 1.000621	R[2]= 1.000361	R[3]= 1.002053	R[4]= 1.002385	R[5]= 1.001784	R[6]= 1.002327	R[7]= 1.000795	R[8]= 1.034769	R[9]= 1.019209	R[10]= 1.009975	
<R>= 1.007076

Mean parameters
A[0]= 1.046117 pm 0.078736
A[1]= 0.926512 pm 0.041780
A[2]= 0.533481 pm 0.160145
A[3]= 2.142038 pm 0.079211
A[4]= -0.673950 pm 1.064559
A[5]= 1.448573 pm 0.347589
A[6]= 4.807882 pm 0.980192
A[7]= 2.119333 pm 0.084357
A[8]= -0.540059 pm 1.302579
A[9]= 1.435978 pm 0.394675
A[10]= 4.995884 pm 1.072641

Best-fitting parameters
A[0]= 1.026118
A[1]= 0.933214
A[2]= 0.589444
A[3]= 2.129617
A[4]= -0.921233
A[5]= 1.468506
A[6]= 4.777359
A[7]= 2.096404
A[8]= -1.121506
A[9]= 1.557941
A[10]= 5.087686
chi2_min= 45.266890


Cross-Covariance parameters
1.000000	-0.527740	-0.652010	0.711335	-0.201404	0.353972	0.550745	0.682078	-0.127194	0.277728	0.513951	
-0.527740	1.000000	0.690026	-0.030716	-0.023880	0.102314	-0.248784	-0.041097	0.000632	0.081504	-0.239518	
-0.652010	0.690026	1.000000	-0.576883	-0.217692	0.224389	0.118939	-0.536037	-0.136810	0.166830	0.085154	
0.711335	-0.030716	-0.576883	1.000000	0.150521	0.003351	0.024123	0.810464	0.004162	0.145221	0.105761	
-0.201404	-0.023880	-0.217692	0.150521	1.000000	-0.926655	-0.709063	-0.024057	0.168107	-0.271163	-0.390082	
0.353972	0.102314	0.224389	0.003351	-0.926655	1.000000	0.821090	0.183294	-0.218867	0.381736	0.506460	
0.550745	-0.248784	0.118939	0.024123	-0.709063	0.821090	1.000000	0.122489	-0.281167	0.432585	0.741014	
0.682078	-0.041097	-0.536037	0.810464	-0.024057	0.183294	0.122489	1.000000	0.176040	-0.079754	0.013389	
-0.127194	0.000632	-0.136810	0.004162	0.168107	-0.218867	-0.281167	0.176040	1.000000	-0.914866	-0.661754	
0.277728	0.081504	0.166830	0.145221	-0.271163	0.381736	0.432585	-0.079754	-0.914866	1.000000	0.801354	
0.513951	-0.239518	0.085154	0.105761	-0.390082	0.506460	0.741014	0.013389	-0.661754	0.801354	1.000000	

Time taken for mcmc chain: 19.943333 hours
