Number of steps: 9457021
Number of accepted steps: 2000004
Burn-in number of steps: 60000
Accepted fraction of steps: 0.211484
Convergence Status
R[0]= 1.000215	R[1]= 1.000079	R[2]= 1.029909	R[3]= 1.001245	R[4]= 1.007601	R[5]= 1.014100	R[6]= 1.002276	R[7]= 1.010978	R[8]= 1.017450	R[9]= 1.007102	R[10]= 1.002961	R[11]= 1.007202	R[12]= 1.015584	R[13]= 1.004950	R[14]= 1.002095	R[15]= 1.009297	R[16]= 1.000173	
<R>= 1.007836

Mean parameters
A[0]= 1.032351 pm 0.025557
A[1]= 0.955165 pm 0.014852
A[2]= 0.193389 pm 0.136917
A[3]= 3.734330 pm 0.494698
A[4]= 460.491097 pm 2855.082601
A[5]= -758.580645 pm 956.431916
A[6]= 336.650500 pm 149.573569
A[7]= 1440.401618 pm 5937.206681
A[8]= -866.601638 pm 1923.786153
A[9]= -191.112553 pm 94.278768
A[10]= 5.462726 pm 0.801940
A[11]= 6376.823994 pm 4188.176101
A[12]= -863.164593 pm 1428.713864
A[13]= -148.220445 pm 242.227849
A[14]= 12406.706472 pm 5691.771183
A[15]= -3481.451290 pm 1898.274067
A[16]= -155.137656 pm 107.736015

Best-fitting parameters
A[0]= 1.026945
A[1]= 0.963042
A[2]= 0.119499
A[3]= 4.006970
A[4]= 607.357400
A[5]= -505.194700
A[6]= 255.463400
A[7]= 4.325570
A[8]= -219.596100
A[9]= -202.298300
A[10]= 5.800757
A[11]= 5798.651000
A[12]= -283.961600
A[13]= -263.764500
A[14]= 17075.830000
A[15]= -4405.910000
A[16]= -56.775890
chi2_min= 33.794990


Cross-Covariance parameters
1.000000	-0.421169	-0.089330	-0.001198	0.018819	0.014651	-0.014334	0.156835	-0.095013	-0.092887	0.037345	0.032518	0.016462	-0.046018	0.120022	-0.054911	-0.206903	
-0.421169	1.000000	0.039002	-0.090098	0.130673	-0.149276	0.071801	-0.084940	0.051580	0.136216	-0.099715	0.147787	-0.157887	0.080933	-0.082079	0.047054	0.198024	
-0.089330	0.039002	1.000000	-0.129065	0.557366	-0.726010	0.250438	0.520043	-0.691992	0.425767	-0.300643	0.491051	-0.722952	0.394750	0.296704	-0.599212	0.153693	
-0.001198	-0.090098	-0.129065	1.000000	0.092450	0.305516	-0.957837	0.114593	-0.094987	-0.017985	0.058028	-0.083644	0.115925	-0.068194	-0.041231	0.079343	-0.034107	
0.018819	0.130673	0.557366	0.092450	1.000000	-0.893567	0.166664	0.304408	-0.407176	0.219747	-0.179288	0.310860	-0.435213	0.229224	0.170086	-0.338057	0.090875	
0.014651	-0.149276	-0.726010	0.305516	-0.893567	1.000000	-0.535310	-0.324673	0.454942	-0.281508	0.235672	-0.392270	0.558379	-0.301265	-0.218091	0.437372	-0.122379	
-0.014334	0.071801	0.250438	-0.957837	0.166664	-0.535310	1.000000	-0.054749	0.011837	0.051633	-0.092198	0.139140	-0.200063	0.114900	0.076522	-0.151750	0.049900	
0.156835	-0.084940	0.520043	0.114593	0.304408	-0.324673	-0.054749	1.000000	-0.966557	0.870862	-0.150007	0.272314	-0.385542	0.200497	0.186754	-0.335231	0.036022	
-0.095013	0.051580	-0.691992	-0.094987	-0.407176	0.454942	0.011837	-0.966557	1.000000	-0.876836	0.204466	-0.353415	0.508560	-0.270772	-0.228489	0.431488	-0.072202	
-0.092887	0.136216	0.425767	-0.017985	0.219747	-0.281508	0.051633	0.870862	-0.876836	1.000000	-0.139620	0.229530	-0.327948	0.178499	0.112049	-0.244135	0.086307	
0.037345	-0.099715	-0.300643	0.058028	-0.179288	0.235672	-0.092198	-0.150007	0.204466	-0.139620	1.000000	0.058477	0.400241	-0.964806	0.001232	0.047630	-0.134317	
0.032518	0.147787	0.491051	-0.083644	0.310860	-0.392270	0.139140	0.272314	-0.353415	0.229530	0.058477	1.000000	-0.864620	0.173369	0.130278	-0.296195	0.008557	
0.016462	-0.157887	-0.722952	0.115925	-0.435213	0.558379	-0.200063	-0.385542	0.508560	-0.327948	0.400241	-0.864620	1.000000	-0.599695	-0.167276	0.385058	-0.090397	
-0.046018	0.080933	0.394750	-0.068194	0.229224	-0.301265	0.114900	0.200497	-0.270772	0.178499	-0.964806	0.173369	-0.599695	1.000000	0.019379	-0.101372	0.121926	
0.120022	-0.082079	0.296704	-0.041231	0.170086	-0.218091	0.076522	0.186754	-0.228489	0.112049	0.001232	0.130278	-0.167276	0.019379	1.000000	-0.914331	0.747076	
-0.054911	0.047054	-0.599212	0.079343	-0.338057	0.437372	-0.151750	-0.335231	0.431488	-0.244135	0.047630	-0.296195	0.385058	-0.101372	-0.914331	1.000000	-0.754238	
-0.206903	0.198024	0.153693	-0.034107	0.090875	-0.122379	0.049900	0.036022	-0.072202	0.086307	-0.134317	0.008557	-0.090397	0.121926	0.747076	-0.754238	1.000000	

Time taken for mcmc chain: 2.320556 hours
