Number of steps: 3905929
Number of accepted steps: 769754
Burn-in number of steps: 60000
Accepted fraction of steps: 0.197073
Convergence Status
R[0]= 1.000532	R[1]= 1.000768	R[2]= 1.023540	R[3]= 1.001091	R[4]= 1.004346	R[5]= 1.007400	R[6]= 1.001270	R[7]= 1.000851	R[8]= 1.005533	R[9]= 1.000241	R[10]= 1.004607	R[11]= 1.003204	R[12]= 1.002067	R[13]= 1.004089	R[14]= 1.000495	R[15]= 1.001703	R[16]= 1.000137	
<R>= 1.003640

Mean parameters
A[0]= 1.004769 pm 0.028324
A[1]= 0.992975 pm 0.017198
A[2]= 0.114224 pm 0.090803
A[3]= 4.215405 pm 0.496002
A[4]= 129.587056 pm 2748.308919
A[5]= -260.376355 pm 893.660666
A[6]= 184.278225 pm 152.240875
A[7]= 15490.658506 pm 3407.609444
A[8]= -4275.187290 pm 1072.624434
A[9]= 67.940586 pm 66.958199
A[10]= 3.255773 pm 0.770560
A[11]= 1704.038446 pm 3774.960156
A[12]= -1406.112960 pm 1060.226380
A[13]= 463.350733 pm 228.406936
A[14]= 2799.157662 pm 7679.055240
A[15]= -834.653426 pm 2165.135741
A[16]= -148.623417 pm 133.332906

Best-fitting parameters
A[0]= 1.023940
A[1]= 0.984499
A[2]= 0.019057
A[3]= 4.640007
A[4]= -793.589900
A[5]= 439.518600
A[6]= 53.915640
A[7]= 14912.800000
A[8]= -3715.089000
A[9]= 37.138580
A[10]= 3.194302
A[11]= 946.535100
A[12]= -1097.252000
A[13]= 472.923300
A[14]= 1568.532000
A[15]= -222.209700
A[16]= -172.577800
chi2_min= 58.936760


Cross-Covariance parameters
1.000000	-0.399644	-0.038632	-0.087611	0.076372	-0.080260	0.069853	0.189769	-0.119574	-0.316764	0.048652	0.046318	-0.009102	-0.057464	0.132470	-0.114040	-0.062092	
-0.399644	1.000000	0.065160	-0.044764	0.241808	-0.222793	0.038985	-0.127484	0.059148	0.299136	-0.069732	0.158581	-0.182990	0.069459	-0.100411	0.078474	0.063592	
-0.038632	0.065160	1.000000	-0.232608	0.455077	-0.650439	0.319299	0.264045	-0.540974	0.077830	-0.018347	0.269636	-0.388822	0.066024	0.203596	-0.317096	0.119795	
-0.087611	-0.044764	-0.232608	1.000000	0.053219	0.391631	-0.963011	-0.011019	0.044713	-0.010735	0.008170	-0.086571	0.113416	-0.019723	-0.057397	0.082735	-0.024690	
0.076372	0.241808	0.455077	0.053219	1.000000	-0.876276	0.178173	0.115441	-0.255119	0.028113	-0.022065	0.182065	-0.236654	0.043617	0.086524	-0.138635	0.055712	
-0.080260	-0.222793	-0.650439	0.391631	-0.876276	1.000000	-0.592798	-0.146134	0.325246	-0.039318	0.023539	-0.230995	0.308245	-0.054683	-0.132136	0.205662	-0.078631	
0.069853	0.038985	0.319299	-0.963011	0.178173	-0.592798	1.000000	0.028059	-0.088049	0.004895	-0.009508	0.107402	-0.145266	0.026153	0.075007	-0.109735	0.035141	
0.189769	-0.127484	0.264045	-0.011019	0.115441	-0.146134	0.028059	1.000000	-0.925871	0.653705	0.014117	0.072818	-0.093361	-0.002764	0.083049	-0.108759	0.011773	
-0.119574	0.059148	-0.540974	0.044713	-0.255119	0.325246	-0.088049	-0.925871	1.000000	-0.697696	-0.002912	-0.146299	0.203387	-0.021468	-0.129440	0.188102	-0.050845	
-0.316764	0.299136	0.077830	-0.010735	0.028113	-0.039318	0.004895	0.653705	-0.697696	1.000000	-0.024243	0.033246	-0.052465	0.027997	-0.042555	0.027393	0.031383	
0.048652	-0.069732	-0.018347	0.008170	-0.022065	0.023539	-0.009508	0.014117	-0.002912	-0.024243	1.000000	0.260105	0.275517	-0.966502	0.041609	-0.071496	-0.005603	
0.046318	0.158581	0.269636	-0.086571	0.182065	-0.230995	0.107402	0.072818	-0.146299	0.033246	0.260105	1.000000	-0.836545	-0.034386	-0.011042	-0.029053	-0.051030	
-0.009102	-0.182990	-0.388822	0.113416	-0.236654	0.308245	-0.145266	-0.093361	0.203387	-0.052465	0.275517	-0.836545	1.000000	-0.492218	0.007113	0.029575	0.033577	
-0.057464	0.069459	0.066024	-0.019723	0.043617	-0.054683	0.026153	-0.002764	-0.021468	0.027997	-0.966502	-0.034386	-0.492218	1.000000	-0.053518	0.077550	-0.016008	
0.132470	-0.100411	0.203596	-0.057397	0.086524	-0.132136	0.075007	0.083049	-0.129440	-0.042555	0.041609	-0.011042	0.007113	-0.053518	1.000000	-0.976408	0.873122	
-0.114040	0.078474	-0.317096	0.082735	-0.138635	0.205662	-0.109735	-0.108759	0.188102	0.027393	-0.071496	-0.029053	0.029575	0.077550	-0.976408	1.000000	-0.918341	
-0.062092	0.063592	0.119795	-0.024690	0.055712	-0.078631	0.035141	0.011773	-0.050845	0.031383	-0.005603	-0.051030	0.033577	-0.016008	0.873122	-0.918341	1.000000	

Time taken for mcmc chain: 29.833333 minutes
