Number of steps: 8085077
Number of accepted steps: 2000004
Burn-in number of steps: 60000
Accepted fraction of steps: 0.247370
Convergence Status
R[0]= 1.000113	R[1]= 1.000038	R[2]= 1.018325	R[3]= 1.002034	R[4]= 1.006465	R[5]= 1.012357	R[6]= 1.004190	R[7]= 1.007630	R[8]= 1.011772	R[9]= 1.005646	R[10]= 1.000196	R[11]= 1.005004	R[12]= 1.009865	R[13]= 1.000809	R[14]= 1.004241	R[15]= 1.008308	R[16]= 1.002820	
<R>= 1.005871

Mean parameters
A[0]= 1.039689 pm 0.023396
A[1]= 1.002330 pm 0.014947
A[2]= 0.235065 pm 0.152845
A[3]= 4.496316 pm 0.491279
A[4]= 2420.401962 pm 3276.214542
A[5]= -723.474127 pm 1165.841889
A[6]= 77.849766 pm 154.601268
A[7]= 364.760798 pm 6653.805422
A[8]= -937.104728 pm 2306.703866
A[9]= -203.211346 pm 102.238786
A[10]= 4.424312 pm 0.748456
A[11]= 2696.967096 pm 4390.921742
A[12]= -897.206159 pm 1322.068760
A[13]= 98.921276 pm 222.062489
A[14]= 2803.450745 pm 8275.288131
A[15]= -2093.417748 pm 2654.379987
A[16]= -117.357049 pm 137.276170

Best-fitting parameters
A[0]= 1.032265
A[1]= 1.008182
A[2]= 0.202843
A[3]= 4.585178
A[4]= 2683.794000
A[5]= -668.794800
A[6]= 54.226510
A[7]= -2157.310000
A[8]= -74.626020
A[9]= -237.149300
A[10]= 4.416063
A[11]= 3263.300000
A[12]= -981.620100
A[13]= 109.802800
A[14]= -1191.261000
A[15]= -1143.889000
A[16]= -132.481700
chi2_min= 59.224030


Cross-Covariance parameters
1.000000	-0.433683	-0.112789	0.036132	-0.006980	0.056918	-0.058633	0.181780	-0.094823	-0.079503	-0.010059	-0.010082	0.038899	-0.003677	0.128269	-0.069104	-0.061631	
-0.433683	1.000000	0.039351	-0.085005	0.219167	-0.200155	0.088445	-0.164696	0.103221	0.082824	0.007717	0.190715	-0.169903	-0.002456	-0.123530	0.083094	0.047322	
-0.112789	0.039351	1.000000	-0.262920	0.618533	-0.822425	0.418604	0.614103	-0.780855	0.546526	-0.065549	0.465224	-0.686331	0.178722	0.429356	-0.628407	0.335959	
0.036132	-0.085005	-0.262920	1.000000	0.073891	0.296302	-0.953073	0.005229	0.037952	-0.065009	0.022104	-0.137578	0.194971	-0.051489	-0.101032	0.155847	-0.085651	
-0.006980	0.219167	0.618533	0.073891	1.000000	-0.902963	0.202184	0.398635	-0.513185	0.350546	-0.037662	0.345288	-0.471738	0.108207	0.256392	-0.381550	0.207564	
0.056918	-0.200155	-0.822425	0.296302	-0.902963	1.000000	-0.542165	-0.472216	0.618600	-0.436700	0.053267	-0.428663	0.602881	-0.146609	-0.341678	0.507953	-0.275915	
-0.058633	0.088445	0.418604	-0.953073	0.202184	-0.542165	1.000000	0.094954	-0.167143	0.144384	-0.031314	0.209221	-0.300846	0.078451	0.166315	-0.252271	0.136420	
0.181780	-0.164696	0.614103	0.005229	0.398635	-0.472216	0.094954	1.000000	-0.964386	0.883277	-0.037080	0.279206	-0.414290	0.106541	0.324470	-0.434234	0.206208	
-0.094823	0.103221	-0.780855	0.037952	-0.513185	0.618600	-0.167143	-0.964386	1.000000	-0.888099	0.049061	-0.359083	0.531347	-0.137360	-0.378763	0.525477	-0.262295	
-0.079503	0.082824	0.546526	-0.065009	0.350546	-0.436700	0.144384	0.883277	-0.888099	1.000000	-0.029691	0.266504	-0.383982	0.091756	0.232733	-0.343131	0.191304	
-0.010059	0.007717	-0.065549	0.022104	-0.037662	0.053267	-0.031314	-0.037080	0.049061	-0.029691	1.000000	0.323242	0.108198	-0.958321	0.084163	-0.113126	0.014299	
-0.010082	0.190715	0.465224	-0.137578	0.345288	-0.428663	0.209221	0.279206	-0.359083	0.266504	0.323242	1.000000	-0.874773	-0.069288	0.180452	-0.299092	0.106300	
0.038899	-0.169903	-0.686331	0.194971	-0.471738	0.602881	-0.300846	-0.414290	0.531347	-0.383982	0.108198	-0.874773	1.000000	-0.357867	-0.236583	0.382026	-0.172884	
-0.003677	-0.002456	0.178722	-0.051489	0.108207	-0.146609	0.078451	0.106541	-0.137360	0.091756	-0.958321	-0.069288	-0.357867	1.000000	-0.049234	0.050883	0.000922	
0.128269	-0.123530	0.429356	-0.101032	0.256392	-0.341678	0.166315	0.324470	-0.378763	0.232733	0.084163	0.180452	-0.236583	-0.049234	1.000000	-0.957001	0.876502	
-0.069104	0.083094	-0.628407	0.155847	-0.381550	0.507953	-0.252271	-0.434234	0.525477	-0.343131	-0.113126	-0.299092	0.382026	0.050883	-0.957001	1.000000	-0.883483	
-0.061631	0.047322	0.335959	-0.085651	0.207564	-0.275915	0.136420	0.206208	-0.262295	0.191304	0.014299	0.106300	-0.172884	0.000922	0.876502	-0.883483	1.000000	

Time taken for mcmc chain: 2.323056 hours
