Number of steps: 8225683
Number of accepted steps: 2000004
Burn-in number of steps: 60000
Accepted fraction of steps: 0.243141
Convergence Status
R[0]= 1.000286	R[1]= 1.000643	R[2]= 1.022419	R[3]= 1.000763	R[4]= 1.008525	R[5]= 1.014278	R[6]= 1.002315	R[7]= 1.004959	R[8]= 1.010429	R[9]= 1.002573	R[10]= 1.000154	R[11]= 1.006892	R[12]= 1.011993	R[13]= 1.000431	R[14]= 1.004461	R[15]= 1.009538	R[16]= 1.001881	
<R>= 1.006032

Mean parameters
A[0]= 1.041277 pm 0.027172
A[1]= 1.022759 pm 0.014768
A[2]= 0.208874 pm 0.139824
A[3]= 4.165224 pm 0.481973
A[4]= 2293.758717 pm 3118.030700
A[5]= -1103.114526 pm 1051.409524
A[6]= 189.810206 pm 150.980502
A[7]= 9453.732728 pm 5630.986742
A[8]= -3428.081630 pm 1896.462227
A[9]= 17.360108 pm 88.555026
A[10]= 4.496311 pm 0.738661
A[11]= 5822.028793 pm 4355.442372
A[12]= -1622.973156 pm 1295.389216
A[13]= 91.469179 pm 220.996100
A[14]= 6244.949076 pm 7725.410193
A[15]= -2512.267894 pm 2431.973298
A[16]= -99.851123 pm 130.767199

Best-fitting parameters
A[0]= 1.040401
A[1]= 1.023384
A[2]= 0.266952
A[3]= 4.304728
A[4]= 4445.856000
A[5]= -1688.706000
A[6]= 169.323000
A[7]= 10981.420000
A[8]= -4208.781000
A[9]= 51.463590
A[10]= 4.701385
A[11]= 8994.111000
A[12]= -2440.267000
A[13]= 67.031510
A[14]= 8230.939000
A[15]= -3343.492000
A[16]= -77.005620
chi2_min= 47.549930


Cross-Covariance parameters
1.000000	-0.442623	-0.081751	0.025206	0.051416	-0.000062	-0.042794	0.255208	-0.163325	-0.075804	-0.054950	0.019221	-0.011168	0.041946	0.175939	-0.115519	-0.061950	
-0.442623	1.000000	0.056318	-0.028292	0.233032	-0.208240	0.044648	-0.196911	0.119022	0.095548	-0.035410	0.170492	-0.175150	0.042020	-0.139473	0.092303	0.067162	
-0.081751	0.056318	1.000000	-0.273727	0.538146	-0.780045	0.408875	0.511216	-0.717744	0.430796	-0.107531	0.435498	-0.671846	0.215978	0.363452	-0.579572	0.271036	
0.025206	-0.028292	-0.273727	1.000000	0.148114	0.264389	-0.955051	-0.003408	0.044440	-0.043016	0.029645	-0.122377	0.186795	-0.060070	-0.094036	0.153981	-0.070493	
0.051416	0.233032	0.538146	0.148114	1.000000	-0.886581	0.121088	0.299581	-0.426848	0.244079	-0.085126	0.292893	-0.421430	0.143108	0.198514	-0.314676	0.155545	
-0.000062	-0.208240	-0.780045	0.264389	-0.886581	1.000000	-0.508407	-0.373534	0.543627	-0.320332	0.104183	-0.385901	0.570948	-0.188846	-0.283430	0.452500	-0.219411	
-0.042794	0.044648	0.408875	-0.955051	0.121088	-0.508407	1.000000	0.071526	-0.145015	0.094066	-0.045590	0.182616	-0.279455	0.090924	0.142975	-0.232366	0.109373	
0.255208	-0.196911	0.511216	-0.003408	0.299581	-0.373534	0.071526	1.000000	-0.953970	0.839057	-0.062196	0.220579	-0.343197	0.116281	0.263440	-0.356614	0.124579	
-0.163325	0.119022	-0.717744	0.044440	-0.426848	0.543627	-0.145015	-0.953970	1.000000	-0.852445	0.083403	-0.312805	0.483870	-0.160169	-0.317901	0.460322	-0.184270	
-0.075804	0.095548	0.430796	-0.043016	0.244079	-0.320332	0.094066	0.839057	-0.852445	1.000000	-0.044629	0.196992	-0.297422	0.091422	0.146471	-0.240735	0.118956	
-0.054950	-0.035410	-0.107531	0.029645	-0.085126	0.104183	-0.045590	-0.062196	0.083403	-0.044629	1.000000	0.324305	0.124384	-0.958396	0.034074	-0.058592	-0.001070	
0.019221	0.170492	0.435498	-0.122377	0.292893	-0.385901	0.182616	0.220579	-0.312805	0.196992	0.324305	1.000000	-0.868332	-0.071485	0.133902	-0.254259	0.066429	
-0.011168	-0.175150	-0.671846	0.186795	-0.421430	0.570948	-0.279455	-0.343197	0.483870	-0.297422	0.124384	-0.868332	1.000000	-0.373242	-0.193269	0.344850	-0.123311	
0.041946	0.042020	0.215978	-0.060070	0.143108	-0.188846	0.090924	0.116281	-0.160169	0.091422	-0.958396	-0.071485	-0.373242	1.000000	-0.011341	0.007743	0.006075	
0.175939	-0.139473	0.363452	-0.094036	0.198514	-0.283430	0.142975	0.263440	-0.317901	0.146471	0.034074	0.133902	-0.193269	-0.011341	1.000000	-0.952938	0.857532	
-0.115519	0.092303	-0.579572	0.153981	-0.314676	0.452500	-0.232366	-0.356614	0.460322	-0.240735	-0.058592	-0.254259	0.344850	0.007743	-0.952938	1.000000	-0.872039	
-0.061950	0.067162	0.271036	-0.070493	0.155545	-0.219411	0.109373	0.124579	-0.184270	0.118956	-0.001070	0.066429	-0.123311	0.006075	0.857532	-0.872039	1.000000	

Time taken for mcmc chain: 2.284722 hours
