Number of steps: 2288259
Number of accepted steps: 684587
Burn-in number of steps: 60000
Accepted fraction of steps: 0.299174
Convergence Status
R[0]= 1.000842	R[1]= 1.000668	R[2]= 1.007712	R[3]= 1.000741	R[4]= 1.002060	R[5]= 1.004577	R[6]= 1.000952	R[7]= 1.001297	R[8]= 1.003015	R[9]= 1.000616	R[10]= 1.005273	R[11]= 1.001908	R[12]= 1.007652	R[13]= 1.005926	R[14]= 1.001550	R[15]= 1.002245	R[16]= 1.000175	
<R>= 1.002777

Mean parameters
A[0]= 1.037615 pm 0.049191
A[1]= 1.009802 pm 0.027529
A[2]= 0.216548 pm 0.130186
A[3]= 6.291757 pm 0.987504
A[4]= 10328.696547 pm 4817.496193
A[5]= -2647.858769 pm 1530.874361
A[6]= -166.697578 pm 291.983169
A[7]= 8483.405576 pm 7635.480137
A[8]= -3721.053485 pm 2590.366133
A[9]= -21.999462 pm 137.176281
A[10]= 7.416315 pm 1.628114
A[11]= 10790.315576 pm 5543.882339
A[12]= -1837.712705 pm 1989.545462
A[13]= -554.744804 pm 490.629785
A[14]= 4552.485402 pm 9623.947932
A[15]= -3092.408828 pm 3150.177024
A[16]= -89.408535 pm 183.326235

Best-fitting parameters
A[0]= 1.031437
A[1]= 1.013969
A[2]= 0.407838
A[3]= 6.808154
A[4]= 16370.250000
A[5]= -4700.287000
A[6]= -235.035800
A[7]= 19935.060000
A[8]= -8432.827000
A[9]= 146.858500
A[10]= 7.145284
A[11]= 17923.160000
A[12]= -4634.710000
A[13]= -386.416900
A[14]= 16217.050000
A[15]= -7936.729000
A[16]= 125.844700
chi2_min= 52.501100


Cross-Covariance parameters
1.000000	-0.384040	-0.002179	-0.122903	0.008545	-0.054611	0.087089	0.197777	-0.153590	-0.320717	-0.090404	0.021825	-0.064108	0.068964	0.160200	-0.140046	-0.283267	
-0.384040	1.000000	0.028699	-0.053916	0.242696	-0.238118	0.029966	-0.169023	0.109449	0.295348	-0.204541	0.154689	-0.233145	0.173593	-0.170910	0.145778	0.245459	
-0.002179	0.028699	1.000000	-0.056556	0.529370	-0.722488	0.158728	0.450730	-0.675934	0.272738	-0.171069	0.400917	-0.615819	0.220870	0.355885	-0.579762	0.191349	
-0.122903	-0.053916	-0.056556	1.000000	0.299168	0.198198	-0.970733	0.092949	-0.125774	0.039792	0.060944	-0.030779	0.068138	-0.056349	-0.004462	0.019017	0.018292	
0.008545	0.242696	0.529370	0.299168	1.000000	-0.849828	-0.108101	0.225214	-0.380074	0.158166	-0.152687	0.269360	-0.402543	0.168198	0.174022	-0.292277	0.138522	
-0.054611	-0.238118	-0.722488	0.198198	-0.849828	1.000000	-0.381293	-0.262300	0.436641	-0.185582	0.199462	-0.340356	0.523869	-0.223018	-0.237315	0.399428	-0.158133	
0.087089	0.029966	0.158728	-0.970733	-0.108101	-0.381293	1.000000	-0.056286	0.062868	-0.020317	-0.066193	0.065278	-0.119656	0.069475	0.042424	-0.079394	0.005176	
0.197777	-0.169023	0.450730	0.092949	0.225214	-0.262300	-0.056286	1.000000	-0.944187	0.693160	-0.045773	0.179101	-0.259055	0.069357	0.227385	-0.318693	0.017857	
-0.153590	0.109449	-0.675934	-0.125774	-0.380074	0.436641	0.062868	-0.944187	1.000000	-0.706048	0.094172	-0.271988	0.404776	-0.127859	-0.292718	0.436761	-0.080412	
-0.320717	0.295348	0.272738	0.039792	0.158166	-0.185582	-0.020317	0.693160	-0.706048	1.000000	-0.048654	0.136593	-0.188135	0.060957	0.035596	-0.102799	0.175956	
-0.090404	-0.204541	-0.171069	0.060944	-0.152687	0.199462	-0.066193	-0.045773	0.094172	-0.048654	1.000000	0.137029	0.484558	-0.982319	0.021064	-0.059296	-0.088354	
0.021825	0.154689	0.400917	-0.030779	0.269360	-0.340356	0.065278	0.179101	-0.271988	0.136593	0.137029	1.000000	-0.768936	0.010624	0.153441	-0.270573	0.092843	
-0.064108	-0.233145	-0.615819	0.068138	-0.402543	0.523869	-0.119656	-0.259055	0.404776	-0.188135	0.484558	-0.768936	1.000000	-0.606230	-0.185617	0.303673	-0.160061	
0.068964	0.173593	0.220870	-0.056349	0.168198	-0.223018	0.069475	0.069357	-0.127859	0.060957	-0.982319	0.010624	-0.606230	1.000000	-0.003287	0.028887	0.092242	
0.160200	-0.170910	0.355885	-0.004462	0.174022	-0.237315	0.042424	0.227385	-0.292718	0.035596	0.021064	0.153441	-0.185617	-0.003287	1.000000	-0.941334	0.708103	
-0.140046	0.145778	-0.579762	0.019017	-0.292277	0.399428	-0.079394	-0.318693	0.436761	-0.102799	-0.059296	-0.270573	0.303673	0.028887	-0.941334	1.000000	-0.719275	
-0.283267	0.245459	0.191349	0.018292	0.138522	-0.158133	0.005176	0.017857	-0.080412	0.175956	-0.088354	0.092843	-0.160061	0.092242	0.708103	-0.719275	1.000000	

Time taken for mcmc chain: 20.183333 minutes
