Number of steps: 3038525
Number of accepted steps: 581926
Burn-in number of steps: 60000
Accepted fraction of steps: 0.191516
Convergence Status
R[0]= 1.001498	R[1]= 1.001872	R[2]= 1.007360	R[3]= 1.000904	R[4]= 1.000234	R[5]= 1.001228	R[6]= 1.001173	R[7]= 1.000804	R[8]= 1.001560	R[9]= 1.000064	R[10]= 1.000889	R[11]= 1.001303	R[12]= 1.002015	R[13]= 1.001041	R[14]= 1.002672	R[15]= 1.003171	R[16]= 1.000191	
<R>= 1.001646

Mean parameters
A[0]= 1.080292 pm 0.039984
A[1]= 0.981014 pm 0.017184
A[2]= 0.077568 pm 0.068571
A[3]= 3.662978 pm 0.486466
A[4]= -3222.264730 pm 2572.715945
A[5]= 607.698427 pm 751.255966
A[6]= 242.326414 pm 147.251712
A[7]= 8809.644431 pm 5199.584066
A[8]= -2531.623873 pm 1470.312880
A[9]= -46.909946 pm 84.075415
A[10]= 5.174653 pm 0.791758
A[11]= 2676.801525 pm 3976.040679
A[12]= -219.137984 pm 1124.777628
A[13]= -104.121415 pm 237.252083
A[14]= 12493.612795 pm 5588.304869
A[15]= -3679.411520 pm 1614.737332
A[16]= -40.269502 pm 109.715840

Best-fitting parameters
A[0]= 1.082369
A[1]= 0.982882
A[2]= 0.008757
A[3]= 3.751413
A[4]= -3859.477000
A[5]= 931.077100
A[6]= 208.676400
A[7]= 9524.075000
A[8]= -2459.398000
A[9]= -44.249180
A[10]= 5.069762
A[11]= 2245.423000
A[12]= -62.418900
A[13]= -70.345040
A[14]= 18331.270000
A[15]= -4956.100000
A[16]= 66.164490
chi2_min= 51.038990


Cross-Covariance parameters
1.000000	-0.516522	-0.046238	-0.149913	0.109943	-0.153751	0.139873	0.348862	-0.296266	-0.084837	0.197878	0.222367	-0.093358	-0.181221	0.259828	-0.211019	-0.292717	
-0.516522	1.000000	0.027315	0.040690	0.174803	-0.140928	-0.043163	-0.223842	0.182015	0.137131	-0.199448	0.088159	-0.176299	0.178966	-0.177227	0.140927	0.258286	
-0.046238	0.027315	1.000000	-0.118066	0.268786	-0.443264	0.174429	0.242778	-0.392774	0.210070	-0.169823	0.235682	-0.442092	0.221592	0.139925	-0.331141	0.095978	
-0.149913	0.040690	-0.118066	1.000000	0.184147	0.319114	-0.963674	0.078173	-0.067341	-0.013437	0.001127	-0.069937	0.079065	-0.008312	-0.062942	0.078724	0.024183	
0.109943	0.174803	0.268786	0.184147	1.000000	-0.853360	0.047835	0.110713	-0.154983	0.046980	-0.043771	0.167756	-0.209644	0.058983	0.043140	-0.092876	0.007334	
-0.153751	-0.140928	-0.443264	0.319114	-0.853360	1.000000	-0.533057	-0.094229	0.160861	-0.075651	0.065087	-0.213813	0.286675	-0.089460	-0.087380	0.167593	-0.011255	
0.139873	-0.043163	0.174429	-0.963674	0.047835	-0.533057	1.000000	-0.070902	0.050911	0.010825	-0.008995	0.081748	-0.101988	0.019686	0.065580	-0.092362	-0.022113	
0.348862	-0.223842	0.242778	0.078173	0.110713	-0.094229	-0.070902	1.000000	-0.973892	0.783433	0.058703	0.137079	-0.128421	-0.038338	0.132956	-0.163398	-0.094014	
-0.296266	0.182015	-0.392774	-0.067341	-0.154983	0.160861	0.050911	-0.973892	1.000000	-0.840719	-0.021157	-0.164924	0.193739	-0.005626	-0.139499	0.201366	0.064010	
-0.084837	0.137131	0.210070	-0.013437	0.046980	-0.075651	0.010825	0.783433	-0.840719	1.000000	-0.038568	0.062988	-0.103975	0.045728	0.000135	-0.045762	0.049153	
0.197878	-0.199448	-0.169823	0.001127	-0.043771	0.065087	-0.008995	0.058703	-0.021157	-0.038568	1.000000	0.258316	0.298899	-0.967737	0.110468	-0.083524	-0.181385	
0.222367	0.088159	0.235682	-0.069937	0.167756	-0.213813	0.081748	0.137079	-0.164924	0.062988	0.258316	1.000000	-0.825033	-0.043349	0.053701	-0.097964	-0.104724	
-0.093358	-0.176299	-0.442092	0.079065	-0.209644	0.286675	-0.101988	-0.128421	0.193739	-0.103975	0.298899	-0.825033	1.000000	-0.504371	-0.009673	0.091005	-0.005563	
-0.181221	0.178966	0.221592	-0.008312	0.058983	-0.089460	0.019686	-0.038338	-0.005626	0.045728	-0.967737	-0.043349	-0.504371	1.000000	-0.111160	0.074731	0.155859	
0.259828	-0.177227	0.139925	-0.062942	0.043140	-0.087380	0.065580	0.132956	-0.139499	0.000135	0.110468	0.053701	-0.009673	-0.111160	1.000000	-0.951079	0.656806	
-0.211019	0.140927	-0.331141	0.078724	-0.092876	0.167593	-0.092362	-0.163398	0.201366	-0.045762	-0.083524	-0.097964	0.091005	0.074731	-0.951079	1.000000	-0.750598	
-0.292717	0.258286	0.095978	0.024183	0.007334	-0.011255	-0.022113	-0.094014	0.064010	0.049153	-0.181385	-0.104724	-0.005563	0.155859	0.656806	-0.750598	1.000000	

Time taken for mcmc chain: 19.650000 minutes
