Number of steps: 8483031
Number of accepted steps: 1517000
Burn-in number of steps: 60000
Accepted fraction of steps: 0.178828
Convergence Status
R[0]= 1.000226	R[1]= 1.000198	R[2]= 1.001982	R[3]= 1.001097	R[4]= 1.002311	R[5]= 1.001719	R[6]= 1.000756	R[7]= 1.000923	R[8]= 1.001332	R[9]= 1.000098	R[10]= 1.001247	R[11]= 1.000668	R[12]= 1.000098	R[13]= 1.001133	R[14]= 1.000408	R[15]= 1.001182	R[16]= 1.000156	
<R>= 1.000914

Mean parameters
A[0]= 0.974107 pm 0.073200
A[1]= 1.030766 pm 0.038956
A[2]= 0.279333 pm 0.185282
A[3]= 5.273238 pm 1.040114
A[4]= 7528.912127 pm 5658.417598
A[5]= -2673.633434 pm 1853.198415
A[6]= 108.495566 pm 303.528645
A[7]= 2894.005117 pm 9511.758892
A[8]= -3030.079056 pm 3311.417800
A[9]= 111.971573 pm 154.115976
A[10]= 3.475710 pm 1.554612
A[11]= -3147.306984 pm 6476.707809
A[12]= -907.999136 pm 1928.060229
A[13]= 506.478934 pm 458.679523
A[14]= 10539.929363 pm 7297.882262
A[15]= -3395.840834 pm 2304.302052
A[16]= 13.089231 pm 156.287251

Best-fitting parameters
A[0]= 0.965313
A[1]= 1.034431
A[2]= 0.377441
A[3]= 5.705009
A[4]= 12286.860000
A[5]= -4052.982000
A[6]= 50.576730
A[7]= 10913.900000
A[8]= -5959.180000
A[9]= 247.612500
A[10]= 4.004967
A[11]= 269.298500
A[12]= -1680.709000
A[13]= 377.455000
A[14]= 16517.520000
A[15]= -5618.985000
A[16]= 111.687400
chi2_min= 73.031830


Cross-Covariance parameters
1.000000	-0.405387	0.095664	-0.092241	0.074419	-0.113275	0.047341	0.255834	-0.237889	-0.301481	-0.152126	-0.005935	-0.085974	0.129489	0.096254	-0.103712	-0.297564	
-0.405387	1.000000	0.018538	-0.118025	0.202625	-0.222393	0.104764	-0.202610	0.149113	0.264433	0.004978	0.157691	-0.148619	-0.009264	-0.078954	0.056161	0.235640	
0.095664	0.018538	1.000000	-0.065909	0.629466	-0.797530	0.192336	0.594619	-0.755975	0.365720	-0.191987	0.305034	-0.530175	0.243528	0.216946	-0.417695	0.006357	
-0.092241	-0.118025	-0.065909	1.000000	0.284684	0.145647	-0.967261	0.077279	-0.113954	0.104353	0.064750	-0.029959	0.071291	-0.064945	0.008816	0.003902	0.003740	
0.074419	0.202625	0.629466	0.284684	1.000000	-0.885866	-0.082938	0.373205	-0.509461	0.267894	-0.115708	0.235669	-0.372697	0.142897	0.134923	-0.266133	0.018642	
-0.113275	-0.222393	-0.797530	0.145647	-0.885866	1.000000	-0.339350	-0.432762	0.575383	-0.281048	0.167824	-0.283036	0.468384	-0.203424	-0.162158	0.326367	-0.018062	
0.047341	0.104764	0.192336	-0.967261	-0.082938	-0.339350	1.000000	-0.012380	0.024327	-0.051194	-0.077703	0.063334	-0.127718	0.086578	0.016569	-0.054824	0.008580	
0.255834	-0.202610	0.594619	0.077279	0.373205	-0.432762	-0.012380	1.000000	-0.960923	0.697533	-0.132037	0.161438	-0.307464	0.159617	0.161127	-0.275541	-0.085390	
-0.237889	0.149113	-0.755975	-0.113954	-0.509461	0.575383	0.024327	-0.960923	1.000000	-0.700507	0.160104	-0.214122	0.394272	-0.195977	-0.189526	0.338260	0.065144	
-0.301481	0.264433	0.365720	0.104353	0.267894	-0.281048	-0.051194	0.697533	-0.700507	1.000000	-0.033737	0.142061	-0.205079	0.059287	0.050621	-0.129653	0.118268	
-0.152126	0.004978	-0.191987	0.064750	-0.115708	0.167824	-0.077703	-0.132037	0.160104	-0.033737	1.000000	0.295581	0.277756	-0.975888	-0.021013	-0.096855	0.076745	
-0.005935	0.157691	0.305034	-0.029959	0.235669	-0.283036	0.063334	0.161438	-0.214122	0.142061	0.295581	1.000000	-0.816603	-0.108402	0.089129	-0.236539	0.067104	
-0.085974	-0.148619	-0.530175	0.071291	-0.372697	0.468384	-0.127718	-0.307464	0.394272	-0.205079	0.277756	-0.816603	1.000000	-0.454846	-0.132271	0.242605	-0.020618	
0.129489	-0.009264	0.243528	-0.064945	0.142897	-0.203424	0.086578	0.159617	-0.195977	0.059287	-0.975888	-0.108402	-0.454846	1.000000	0.031506	0.067641	-0.070506	
0.096254	-0.078954	0.216946	0.008816	0.134923	-0.162158	0.016569	0.161127	-0.189526	0.050621	-0.021013	0.089129	-0.132271	0.031506	1.000000	-0.920424	0.670356	
-0.103712	0.056161	-0.417695	0.003902	-0.266133	0.326367	-0.054824	-0.275541	0.338260	-0.129653	-0.096855	-0.236539	0.242605	0.067641	-0.920424	1.000000	-0.720700	
-0.297564	0.235640	0.006357	0.003740	0.018642	-0.018062	0.008580	-0.085390	0.065144	0.118268	0.076745	0.067104	-0.020618	-0.070506	0.670356	-0.720700	1.000000	

Time taken for mcmc chain: 1.584167 hours
