Number of steps: 2097016
Number of accepted steps: 474000
Burn-in number of steps: 60000
Accepted fraction of steps: 0.226035
Convergence Status
R[0]= 1.001884	R[1]= 1.002470	R[2]= 1.000508	R[3]= 1.001768	R[4]= 1.000931	R[5]= 1.000152	R[6]= 1.001819	R[7]= 1.000529	R[8]= 1.000413	R[9]= 1.000019	R[10]= 1.001604	R[11]= 1.002284	R[12]= 1.001874	R[13]= 1.001394	R[14]= 1.000335	R[15]= 1.000359	R[16]= 1.000849	
<R>= 1.001129

Mean parameters
A[0]= 1.080878 pm 0.071986
A[1]= 0.972792 pm 0.034383
A[2]= 0.308714 pm 0.181873
A[3]= 4.894395 pm 1.024962
A[4]= 6297.787729 pm 5104.255758
A[5]= -2576.569484 pm 1621.689938
A[6]= 213.242229 pm 296.077842
A[7]= 7830.640099 pm 7935.977249
A[8]= -3875.999280 pm 2835.651222
A[9]= -96.801041 pm 143.426234
A[10]= 6.240426 pm 1.655119
A[11]= 3749.887046 pm 6882.073006
A[12]= -888.576260 pm 2262.417949
A[13]= -262.271890 pm 490.289665
A[14]= 1810.563090 pm 10175.694508
A[15]= -3427.669815 pm 3553.968419
A[16]= -94.041229 pm 194.266462

Best-fitting parameters
A[0]= 1.032758
A[1]= 0.976191
A[2]= 0.488339
A[3]= 4.789232
A[4]= 8240.051000
A[5]= -3563.625000
A[6]= 272.000400
A[7]= 11971.210000
A[8]= -5801.893000
A[9]= -18.118830
A[10]= 6.224893
A[11]= 7673.657000
A[12]= -2492.877000
A[13]= -203.006200
A[14]= 6431.659000
A[15]= -5881.277000
A[16]= 2.698558
chi2_min= 75.795810


Cross-Covariance parameters
1.000000	-0.435753	-0.064656	-0.068387	-0.061172	0.043055	0.024263	0.138948	-0.100750	-0.326191	-0.152756	-0.087451	0.014611	0.118970	0.114933	-0.078916	-0.286674	
-0.435753	1.000000	0.057163	-0.171789	0.197446	-0.257647	0.150948	-0.155755	0.102102	0.301790	0.041510	0.255907	-0.206168	-0.056889	-0.107861	0.055092	0.260676	
-0.064656	0.057163	1.000000	-0.005839	0.565408	-0.736894	0.126781	0.442210	-0.687341	0.359316	-0.143668	0.473217	-0.685262	0.228966	0.372024	-0.617528	0.303451	
-0.068387	-0.171789	-0.005839	1.000000	0.318225	0.137165	-0.967360	0.230011	-0.266640	-0.021233	0.050645	-0.048091	0.063972	-0.042626	0.012779	-0.005362	-0.036706	
-0.061172	0.197446	0.565408	0.318225	1.000000	-0.870464	-0.108494	0.274632	-0.452568	0.204084	-0.064160	0.312689	-0.417635	0.105450	0.217284	-0.357284	0.203717	
0.043055	-0.257647	-0.736894	0.137165	-0.870464	1.000000	-0.341333	-0.252138	0.454343	-0.274742	0.112287	-0.405085	0.555225	-0.165373	-0.273316	0.458221	-0.267010	
0.024263	0.150948	0.126781	-0.967360	-0.108494	-0.341333	1.000000	-0.183850	0.186374	0.055567	-0.060997	0.096117	-0.135690	0.065824	0.034751	-0.069757	0.078786	
0.138948	-0.155755	0.442210	0.230011	0.274632	-0.252138	-0.183850	1.000000	-0.934333	0.715322	-0.074532	0.180990	-0.286340	0.112048	0.207200	-0.305414	0.062610	
-0.100750	0.102102	-0.687341	-0.266640	-0.452568	0.454343	0.186374	-0.934333	1.000000	-0.715353	0.105077	-0.301753	0.456189	-0.162362	-0.288951	0.451642	-0.148484	
-0.326191	0.301790	0.359316	-0.021233	0.204084	-0.274742	0.055567	0.715322	-0.715353	1.000000	0.001479	0.228422	-0.271001	0.032545	0.075786	-0.177903	0.212052	
-0.152756	0.041510	-0.143668	0.050645	-0.064160	0.112287	-0.060997	-0.074532	0.105077	0.001479	1.000000	0.237416	0.297538	-0.976355	0.105682	-0.162165	-0.089624	
-0.087451	0.255907	0.473217	-0.048091	0.312689	-0.405085	0.096117	0.180990	-0.301753	0.228422	0.237416	1.000000	-0.830796	-0.057780	0.228029	-0.390452	0.187332	
0.014611	-0.206168	-0.685262	0.063972	-0.417635	0.555225	-0.135690	-0.286340	0.456189	-0.271001	0.297538	-0.830796	1.000000	-0.462947	-0.231001	0.398872	-0.267332	
0.118970	-0.056889	0.228966	-0.042626	0.105450	-0.165373	0.065824	0.112048	-0.162362	0.032545	-0.976355	-0.057780	-0.462947	1.000000	-0.071482	0.102548	0.112674	
0.114933	-0.107861	0.372024	0.012779	0.217284	-0.273316	0.034751	0.207200	-0.288951	0.075786	0.105682	0.228029	-0.231001	-0.071482	1.000000	-0.929004	0.724396	
-0.078916	0.055092	-0.617528	-0.005362	-0.357284	0.458221	-0.069757	-0.305414	0.451642	-0.177903	-0.162165	-0.390452	0.398872	0.102548	-0.929004	1.000000	-0.725428	
-0.286674	0.260676	0.303451	-0.036706	0.203717	-0.267010	0.078786	0.062610	-0.148484	0.212052	-0.089624	0.187332	-0.267332	0.112674	0.724396	-0.725428	1.000000	

Time taken for mcmc chain: 13.150000 minutes
