Number of steps: 3912719
Number of accepted steps: 708461
Burn-in number of steps: 60000
Accepted fraction of steps: 0.181066
Convergence Status
R[0]= 1.000112	R[1]= 1.000406	R[2]= 1.015959	R[3]= 1.001217	R[4]= 1.005340	R[5]= 1.010080	R[6]= 1.002933	R[7]= 1.002989	R[8]= 1.006679	R[9]= 1.002765	R[10]= 1.002197	R[11]= 1.001134	R[12]= 1.005032	R[13]= 1.002908	R[14]= 1.000847	R[15]= 1.003542	R[16]= 1.000586	
<R>= 1.003807

Mean parameters
A[0]= 1.033413 pm 0.030405
A[1]= 0.975238 pm 0.020413
A[2]= 0.213545 pm 0.171388
A[3]= 3.206046 pm 0.492605
A[4]= -350.463582 pm 2885.387399
A[5]= -1120.654449 pm 992.480385
A[6]= 507.749774 pm 151.725414
A[7]= 6100.038215 pm 5769.423855
A[8]= -2031.212902 pm 1906.183451
A[9]= -125.309727 pm 93.275914
A[10]= 4.029605 pm 0.783752
A[11]= 2037.431172 pm 4206.687215
A[12]= -1134.699975 pm 1344.432381
A[13]= 239.484400 pm 234.621602
A[14]= 3891.852817 pm 8055.991734
A[15]= -1689.393997 pm 2537.608400
A[16]= -181.178189 pm 134.749733

Best-fitting parameters
A[0]= 1.038190
A[1]= 0.975175
A[2]= 0.029097
A[3]= 3.489385
A[4]= -1881.091000
A[5]= -207.991500
A[6]= 399.863100
A[7]= 1628.434000
A[8]= -314.067900
A[9]= -185.330900
A[10]= 4.684577
A[11]= -87.636170
A[12]= 287.520700
A[13]= 9.079128
A[14]= 84.964190
A[15]= -100.034800
A[16]= -220.107000
chi2_min= 45.989710


Cross-Covariance parameters
1.000000	-0.429974	-0.071598	-0.042961	0.001382	0.012542	0.023914	0.189790	-0.119348	-0.082922	0.097301	0.038705	0.026575	-0.099165	0.172676	-0.124526	-0.071669	
-0.429974	1.000000	0.040820	-0.055076	0.201729	-0.187455	0.045920	-0.126281	0.076545	0.133340	-0.125668	0.170233	-0.191328	0.111292	-0.115284	0.083704	0.108984	
-0.071598	0.040820	1.000000	-0.241227	0.538519	-0.749872	0.358229	0.492441	-0.689818	0.426343	-0.185782	0.441218	-0.673603	0.280063	0.366065	-0.578057	0.277526	
-0.042961	-0.055076	-0.241227	1.000000	0.066515	0.340613	-0.959156	0.051912	-0.013937	-0.034476	0.059070	-0.120121	0.178864	-0.079554	-0.089756	0.140755	-0.065198	
0.001382	0.201729	0.538519	0.066515	1.000000	-0.887258	0.185575	0.283763	-0.402546	0.237863	-0.117357	0.287402	-0.407740	0.165121	0.204039	-0.316402	0.173402	
0.012542	-0.187455	-0.749872	0.340613	-0.887258	1.000000	-0.561128	-0.325034	0.480985	-0.301365	0.158140	-0.372631	0.544531	-0.225665	-0.277667	0.435563	-0.225895	
0.023914	0.045920	0.358229	-0.959156	0.185575	-0.561128	1.000000	0.005795	-0.070166	0.072053	-0.079903	0.167469	-0.253927	0.112044	0.132858	-0.208434	0.098128	
0.189790	-0.126281	0.492441	0.051912	0.283763	-0.325034	0.005795	1.000000	-0.958690	0.863651	-0.069990	0.235277	-0.337194	0.121078	0.229311	-0.324216	0.120026	
-0.119348	0.076545	-0.689818	-0.013937	-0.402546	0.480985	-0.070166	-0.958690	1.000000	-0.873342	0.113990	-0.318992	0.470189	-0.182416	-0.288391	0.427456	-0.179172	
-0.082922	0.133340	0.426343	-0.034476	0.237863	-0.301365	0.072053	0.863651	-0.873342	1.000000	-0.100972	0.216292	-0.317486	0.141857	0.135907	-0.228532	0.125787	
0.097301	-0.125668	-0.185782	0.059070	-0.117357	0.158140	-0.079903	-0.069990	0.113990	-0.100972	1.000000	0.177959	0.285630	-0.963039	0.081830	-0.072273	-0.041540	
0.038705	0.170233	0.441218	-0.120121	0.287402	-0.372631	0.167469	0.235277	-0.318992	0.216292	0.177959	1.000000	-0.862210	0.060405	0.153566	-0.264757	0.076268	
0.026575	-0.191328	-0.673603	0.178864	-0.407740	0.544531	-0.253927	-0.337194	0.470189	-0.317486	0.285630	-0.862210	1.000000	-0.503407	-0.180950	0.328930	-0.141995	
-0.099165	0.111292	0.280063	-0.079554	0.165121	-0.225665	0.112044	0.121078	-0.182416	0.141857	-0.963039	0.060405	-0.503407	1.000000	-0.056737	0.023297	0.043283	
0.172676	-0.115284	0.366065	-0.089756	0.204039	-0.277667	0.132858	0.229311	-0.288391	0.135907	0.081830	0.153566	-0.180950	-0.056737	1.000000	-0.955172	0.855115	
-0.124526	0.083704	-0.578057	0.140755	-0.316402	0.435563	-0.208434	-0.324216	0.427456	-0.228532	-0.072273	-0.264757	0.328930	0.023297	-0.955172	1.000000	-0.863737	
-0.071669	0.108984	0.277526	-0.065198	0.173402	-0.225895	0.098128	0.120026	-0.179172	0.125787	-0.041540	0.076268	-0.141995	0.043283	0.855115	-0.863737	1.000000	

Time taken for mcmc chain: 27.066667 minutes
