Number of steps: 3961140
Number of accepted steps: 961599
Burn-in number of steps: 60000
Accepted fraction of steps: 0.242758
Convergence Status
R[0]= 1.000224	R[1]= 1.001043	R[2]= 1.002914	R[3]= 1.001979	R[4]= 1.000580	R[5]= 1.001604	R[6]= 1.002303	R[7]= 1.001952	R[8]= 1.002888	R[9]= 1.002943	R[10]= 1.002179	R[11]= 1.000173	R[12]= 1.000614	R[13]= 1.002067	R[14]= 1.000700	R[15]= 1.000983	R[16]= 1.000374	
<R>= 1.001501

Mean parameters
A[0]= 0.998234 pm 0.025552
A[1]= 1.012289 pm 0.019337
A[2]= 0.193994 pm 0.141366
A[3]= 4.682317 pm 0.494908
A[4]= 7601.801086 pm 3350.355284
A[5]= -2209.910059 pm 1182.437146
A[6]= 161.716196 pm 155.371425
A[7]= 4503.569279 pm 6490.044245
A[8]= -1630.870116 pm 2201.887378
A[9]= -109.716386 pm 98.108655
A[10]= 2.975401 pm 0.758484
A[11]= 1758.955154 pm 4023.766075
A[12]= -1895.776273 pm 1130.104347
A[13]= 575.259268 pm 224.689174
A[14]= -3594.690461 pm 7763.720501
A[15]= 206.710364 pm 2282.309085
A[16]= -168.387036 pm 133.350209

Best-fitting parameters
A[0]= 0.993707
A[1]= 1.018981
A[2]= 0.054540
A[3]= 4.772715
A[4]= 4828.695000
A[5]= -1123.964000
A[6]= 98.991910
A[7]= -704.032700
A[8]= 426.618800
A[9]= -174.862200
A[10]= 2.902077
A[11]= 297.096700
A[12]= -1331.291000
A[13]= 574.693000
A[14]= -8435.990000
A[15]= 1800.527000
A[16]= -213.431900
chi2_min= 79.884920


Cross-Covariance parameters
1.000000	-0.439713	-0.121244	-0.068545	-0.072071	0.074810	0.025502	0.171709	-0.083611	-0.150408	0.098011	-0.000168	0.070692	-0.110396	0.096652	-0.067024	-0.057217	
-0.439713	1.000000	0.058795	-0.033123	0.316345	-0.262644	0.046339	-0.196196	0.115884	0.134672	-0.040333	0.179631	-0.191703	0.046475	-0.106926	0.078748	0.047367	
-0.121244	0.058795	1.000000	-0.232240	0.629610	-0.809788	0.383909	0.610502	-0.775802	0.503424	-0.112930	0.312425	-0.523879	0.179036	0.292557	-0.445532	0.208786	
-0.068545	-0.033123	-0.232240	1.000000	0.036088	0.316609	-0.954777	-0.060258	0.081337	-0.038059	0.005910	-0.093473	0.131505	-0.022356	-0.074142	0.109926	-0.044856	
-0.072071	0.316345	0.629610	0.036088	1.000000	-0.910948	0.226487	0.344879	-0.472626	0.330478	-0.071465	0.263461	-0.388543	0.113220	0.162942	-0.263051	0.138182	
0.074810	-0.262644	-0.809788	0.316609	-0.910948	1.000000	-0.550151	-0.440695	0.588157	-0.394544	0.085653	-0.307871	0.469989	-0.139608	-0.222430	0.349237	-0.173540	
0.025502	0.046339	0.383909	-0.954777	0.226487	-0.550151	1.000000	0.146111	-0.196972	0.108507	-0.025238	0.139508	-0.210455	0.051747	0.116512	-0.175373	0.077521	
0.171709	-0.196196	0.610502	-0.060258	0.344879	-0.440695	0.146111	1.000000	-0.964888	0.845526	-0.049731	0.170359	-0.293073	0.088403	0.221186	-0.310050	0.116407	
-0.083611	0.115884	-0.775802	0.081337	-0.472626	0.588157	-0.196972	-0.964888	1.000000	-0.855791	0.075649	-0.228566	0.388795	-0.125691	-0.256050	0.371667	-0.153232	
-0.150408	0.134672	0.503424	-0.038059	0.330478	-0.394544	0.108507	0.845526	-0.855791	1.000000	-0.071780	0.165194	-0.278923	0.105398	0.124845	-0.204832	0.106281	
0.098011	-0.040333	-0.112930	0.005910	-0.071465	0.085653	-0.025238	-0.049731	0.075649	-0.071780	1.000000	0.318184	0.176470	-0.963166	0.035347	-0.072462	0.018621	
-0.000168	0.179631	0.312425	-0.093473	0.263461	-0.307871	0.139508	0.170359	-0.228566	0.165194	0.318184	1.000000	-0.852443	-0.081122	0.040598	-0.116427	0.009171	
0.070692	-0.191703	-0.523879	0.131505	-0.388543	0.469989	-0.210455	-0.293073	0.388795	-0.278923	0.176470	-0.852443	1.000000	-0.410403	-0.077757	0.160853	-0.037693	
-0.110396	0.046475	0.179036	-0.022356	0.113220	-0.139608	0.051747	0.088403	-0.125691	0.105398	-0.963166	-0.081122	-0.410403	1.000000	-0.033852	0.057307	-0.027914	
0.096652	-0.106926	0.292557	-0.074142	0.162942	-0.222430	0.116512	0.221186	-0.256050	0.124845	0.035347	0.040598	-0.077757	-0.033852	1.000000	-0.968641	0.879668	
-0.067024	0.078748	-0.445532	0.109926	-0.263051	0.349237	-0.175373	-0.310050	0.371667	-0.204832	-0.072462	-0.116427	0.160853	0.057307	-0.968641	1.000000	-0.912150	
-0.057217	0.047367	0.208786	-0.044856	0.138182	-0.173540	0.077521	0.116407	-0.153232	0.106281	0.018621	0.009171	-0.037693	-0.027914	0.879668	-0.912150	1.000000	

Time taken for mcmc chain: 39.733333 minutes
