Number of steps: 10113885
Number of accepted steps: 2000004
Burn-in number of steps: 60000
Accepted fraction of steps: 0.197748
Convergence Status
R[0]= 1.000244	R[1]= 1.001101	R[2]= 1.002466	R[3]= 1.001357	R[4]= 1.002679	R[5]= 1.002469	R[6]= 1.001190	R[7]= 1.002027	R[8]= 1.002648	R[9]= 1.001881	R[10]= 1.000640	R[11]= 1.002151	R[12]= 1.001773	R[13]= 1.000313	R[14]= 1.000549	R[15]= 1.001418	R[16]= 1.000492	
<R>= 1.001494

Mean parameters
A[0]= 1.051647 pm 0.026688
A[1]= 0.974443 pm 0.019477
A[2]= 0.373952 pm 0.221001
A[3]= 3.282311 pm 0.482195
A[4]= 1611.625153 pm 3296.437298
A[5]= -1672.733925 pm 1181.005423
A[6]= 469.333916 pm 147.938459
A[7]= 4171.148367 pm 6540.197782
A[8]= -2354.075868 pm 2403.420515
A[9]= -114.110793 pm 104.045604
A[10]= 3.807109 pm 0.795909
A[11]= 3511.212608 pm 4324.773781
A[12]= -1859.845562 pm 1449.724104
A[13]= 318.600540 pm 242.164250
A[14]= 9682.120125 pm 6851.309326
A[15]= -3881.465559 pm 2341.361335
A[16]= -81.105064 pm 121.316235

Best-fitting parameters
A[0]= 1.050353
A[1]= 0.971227
A[2]= 0.474866
A[3]= 3.234661
A[4]= 2739.381000
A[5]= -2109.062000
A[6]= 494.696100
A[7]= 6955.535000
A[8]= -3519.881000
A[9]= -61.590210
A[10]= 3.920850
A[11]= 4514.068000
A[12]= -2303.257000
A[13]= 299.869000
A[14]= 18476.740000
A[15]= -6554.877000
A[16]= 18.110440
chi2_min= 34.797890


Cross-Covariance parameters
1.000000	-0.448020	-0.170674	-0.002379	-0.097740	0.135354	-0.033368	0.070054	0.017183	-0.131980	0.145123	-0.023090	0.120998	-0.153304	0.097726	-0.021019	-0.125315	
-0.448020	1.000000	0.012925	-0.123154	0.155007	-0.158461	0.108289	-0.127797	0.083853	0.096691	-0.009670	0.183972	-0.153769	0.004023	-0.089179	0.054183	0.114265	
-0.170674	0.012925	1.000000	-0.162263	0.644226	-0.832097	0.350099	0.613143	-0.795032	0.577132	-0.409023	0.408301	-0.737182	0.503073	0.333962	-0.612510	0.297222	
-0.002379	-0.123154	-0.162263	1.000000	0.133871	0.195608	-0.944589	0.142529	-0.108332	0.003856	0.073551	-0.090054	0.138996	-0.086591	-0.046523	0.093288	-0.058708	
-0.097740	0.155007	0.644226	0.133871	1.000000	-0.915015	0.171833	0.438520	-0.566854	0.396740	-0.253257	0.302914	-0.502734	0.312575	0.218573	-0.400962	0.208525	
0.135354	-0.158461	-0.832097	0.195608	-0.915015	1.000000	-0.476889	-0.483009	0.645982	-0.475650	0.335692	-0.375336	0.639377	-0.412413	-0.276147	0.510868	-0.263450	
-0.033368	0.108289	0.350099	-0.944589	0.171833	-0.476889	1.000000	-0.015344	-0.056346	0.099445	-0.151178	0.160993	-0.273217	0.181577	0.109776	-0.208647	0.113708	
0.070054	-0.127797	0.613143	0.142529	0.438520	-0.483009	-0.015344	1.000000	-0.956450	0.896253	-0.225083	0.259702	-0.451590	0.287601	0.244815	-0.409654	0.165007	
0.017183	0.083853	-0.795032	-0.108332	-0.566854	0.645982	-0.056346	-0.956450	1.000000	-0.893771	0.307106	-0.330487	0.585366	-0.385395	-0.291819	0.509589	-0.224120	
-0.131980	0.096691	0.577132	0.003856	0.396740	-0.475650	0.099445	0.896253	-0.893771	1.000000	-0.226111	0.262407	-0.445150	0.282554	0.189879	-0.355013	0.182357	
0.145123	-0.009670	-0.409023	0.073551	-0.253257	0.335692	-0.151178	-0.225083	0.307106	-0.226111	1.000000	0.174466	0.304466	-0.963069	0.032384	0.017878	-0.121856	
-0.023090	0.183972	0.408301	-0.090054	0.302914	-0.375336	0.160993	0.259702	-0.330487	0.262407	0.174466	1.000000	-0.852269	0.068341	0.155754	-0.315046	0.075953	
0.120998	-0.153769	-0.737182	0.138996	-0.502734	0.639377	-0.273217	-0.451590	0.585366	-0.445150	0.304466	-0.852269	1.000000	-0.522815	-0.207458	0.432240	-0.183244	
-0.153304	0.004023	0.503073	-0.086591	0.312575	-0.412413	0.181577	0.287601	-0.385395	0.282554	-0.963069	0.068341	-0.522815	1.000000	-0.001476	-0.084925	0.127216	
0.097726	-0.089179	0.333962	-0.046523	0.218573	-0.276147	0.109776	0.244815	-0.291819	0.189879	0.032384	0.155754	-0.207458	-0.001476	1.000000	-0.922653	0.830245	
-0.021019	0.054183	-0.612510	0.093288	-0.400962	0.510868	-0.208647	-0.409654	0.509589	-0.355013	0.017878	-0.315046	0.432240	-0.084925	-0.922653	1.000000	-0.831545	
-0.125315	0.114265	0.297222	-0.058708	0.208525	-0.263450	0.113708	0.165007	-0.224120	0.182357	-0.121856	0.075953	-0.183244	0.127216	0.830245	-0.831545	1.000000	

Time taken for mcmc chain: 2.387778 hours
