Number of steps: 6708116
Number of accepted steps: 1375537
Burn-in number of steps: 60000
Accepted fraction of steps: 0.205056
Convergence Status
R[0]= 1.000271	R[1]= 1.000954	R[2]= 1.013857	R[3]= 1.000123	R[4]= 1.002312	R[5]= 1.004493	R[6]= 1.000339	R[7]= 1.002959	R[8]= 1.005582	R[9]= 1.001712	R[10]= 1.001022	R[11]= 1.001172	R[12]= 1.003127	R[13]= 1.001135	R[14]= 1.000699	R[15]= 1.001770	R[16]= 1.000280	
<R>= 1.002459

Mean parameters
A[0]= 1.021831 pm 0.037451
A[1]= 0.983667 pm 0.018021
A[2]= 0.135513 pm 0.114775
A[3]= 3.699269 pm 0.487220
A[4]= 5687.646782 pm 2791.432378
A[5]= -2093.996616 pm 901.719424
A[6]= 425.846100 pm 149.282910
A[7]= 522.397937 pm 5861.411306
A[8]= -539.207092 pm 1795.127956
A[9]= -159.941346 pm 91.098489
A[10]= 3.531630 pm 0.775261
A[11]= -1378.642724 pm 3831.713027
A[12]= -533.093831 pm 1135.185749
A[13]= 363.585843 pm 230.043831
A[14]= 6613.707605 pm 7344.248631
A[15]= -2825.352764 pm 2122.992898
A[16]= 24.681642 pm 127.278310

Best-fitting parameters
A[0]= 1.034483
A[1]= 0.988694
A[2]= 0.022401
A[3]= 3.709316
A[4]= 5230.538000
A[5]= -1790.728000
A[6]= 413.680200
A[7]= 364.050700
A[8]= -52.240010
A[9]= -159.166900
A[10]= 3.517713
A[11]= -1075.027000
A[12]= -401.116800
A[13]= 362.543500
A[14]= 1562.351000
A[15]= -1010.214000
A[16]= -68.182550
chi2_min= 37.444090


Cross-Covariance parameters
1.000000	-0.434487	-0.005705	-0.007046	0.131155	-0.097635	-0.005042	0.322264	-0.262491	-0.065576	-0.101321	0.054813	-0.087536	0.088237	0.180180	-0.152580	-0.080838	
-0.434487	1.000000	0.004404	-0.019740	0.172361	-0.151773	0.013657	-0.197341	0.153489	0.111837	-0.084731	0.127700	-0.149543	0.080142	-0.133431	0.117325	0.077892	
-0.005705	0.004404	1.000000	-0.201219	0.467374	-0.669621	0.298458	0.454719	-0.618973	0.362753	-0.153787	0.292993	-0.491633	0.210230	0.241709	-0.395584	0.147696	
-0.007046	-0.019740	-0.201219	1.000000	0.098070	0.338064	-0.960639	0.033286	-0.009332	-0.028608	0.044507	-0.067966	0.113076	-0.056771	-0.040700	0.071050	-0.022217	
0.131155	0.172361	0.467374	0.098070	1.000000	-0.879231	0.144493	0.239476	-0.321399	0.158512	-0.121623	0.181580	-0.289869	0.142158	0.123424	-0.193419	0.073363	
-0.097635	-0.151773	-0.669621	0.338064	-0.879231	1.000000	-0.553197	-0.275918	0.387418	-0.215022	0.147831	-0.234125	0.381544	-0.181130	-0.165683	0.267120	-0.100491	
-0.005042	0.013657	0.298458	-0.960639	0.144493	-0.553197	1.000000	0.003325	-0.045592	0.049183	-0.056928	0.091070	-0.155128	0.074434	0.063262	-0.108989	0.037950	
0.322264	-0.197341	0.454719	0.033286	0.239476	-0.275918	0.003325	1.000000	-0.970754	0.825266	-0.096925	0.134672	-0.235076	0.117310	0.173621	-0.234073	0.038393	
-0.262491	0.153489	-0.618973	-0.009332	-0.321399	0.387418	-0.045592	-0.970754	1.000000	-0.851859	0.117677	-0.183352	0.314438	-0.148078	-0.199440	0.287070	-0.066778	
-0.065576	0.111837	0.362753	-0.028608	0.158512	-0.215022	0.049183	0.825266	-0.851859	1.000000	-0.064846	0.111826	-0.186316	0.083280	0.063719	-0.121675	0.057746	
-0.101321	-0.084731	-0.153787	0.044507	-0.121623	0.147831	-0.056928	-0.096925	0.117677	-0.064846	1.000000	0.200464	0.321847	-0.965803	0.016728	-0.029218	-0.030871	
0.054813	0.127700	0.292993	-0.067966	0.181580	-0.234125	0.091070	0.134672	-0.183352	0.111826	0.200464	1.000000	-0.840172	0.027754	0.025479	-0.083612	-0.031964	
-0.087536	-0.149543	-0.491633	0.113076	-0.289869	0.381544	-0.155128	-0.235076	0.314438	-0.186316	0.321847	-0.840172	1.000000	-0.532925	-0.051490	0.122497	-0.007140	
0.088237	0.080142	0.210230	-0.056771	0.142158	-0.181130	0.074434	0.117310	-0.148078	0.083280	-0.965803	0.027754	-0.532925	1.000000	-0.021905	0.023503	0.015199	
0.180180	-0.133431	0.241709	-0.040700	0.123424	-0.165683	0.063262	0.173621	-0.199440	0.063719	0.016728	0.025479	-0.051490	-0.021905	1.000000	-0.968271	0.842761	
-0.152580	0.117325	-0.395584	0.071050	-0.193419	0.267120	-0.108989	-0.234073	0.287070	-0.121675	-0.029218	-0.083612	0.122497	0.023503	-0.968271	1.000000	-0.884588	
-0.080838	0.077892	0.147696	-0.022217	0.073363	-0.100491	0.037950	0.038393	-0.066778	0.057746	-0.030871	-0.031964	-0.007140	0.015199	0.842761	-0.884588	1.000000	

Time taken for mcmc chain: 1.255000 hours
