Number of steps: 7680454
Number of accepted steps: 1796000
Burn-in number of steps: 60000
Accepted fraction of steps: 0.233840
Convergence Status
R[0]= 1.003657	R[1]= 1.000613	R[2]= 1.001708	R[3]= 1.001388	R[4]= 1.001947	R[5]= 1.001204	R[6]= 1.000529	R[7]= 1.000948	R[8]= 1.000827	R[9]= 1.000989	R[10]= 1.000566	R[11]= 1.000507	R[12]= 1.000483	R[13]= 1.000600	R[14]= 1.000264	R[15]= 1.000326	R[16]= 1.000847	
<R>= 1.001024

Mean parameters
A[0]= 1.006231 pm 0.090468
A[1]= 0.978576 pm 0.030761
A[2]= 0.246932 pm 0.155168
A[3]= 5.430642 pm 1.097995
A[4]= 5492.050543 pm 5264.067315
A[5]= -2220.541320 pm 1656.571954
A[6]= 112.836737 pm 309.630139
A[7]= 5271.369093 pm 8628.857454
A[8]= -3467.989360 pm 2915.424957
A[9]= 36.275212 pm 157.633290
A[10]= 6.655002 pm 1.790033
A[11]= 10312.317323 pm 5667.055374
A[12]= -2527.216337 pm 2121.677143
A[13]= -216.592549 pm 525.531014
A[14]= 3820.915865 pm 9843.936887
A[15]= -2015.450329 pm 3242.765590
A[16]= -198.312787 pm 198.899316

Best-fitting parameters
A[0]= 1.020703
A[1]= 0.988265
A[2]= 0.410742
A[3]= 5.941353
A[4]= 10448.530000
A[5]= -3660.814000
A[6]= -9.173640
A[7]= 13918.100000
A[8]= -6916.511000
A[9]= 127.631700
A[10]= 6.541224
A[11]= 16811.310000
A[12]= -4926.071000
A[13]= -124.908700
A[14]= 7724.205000
A[15]= -4345.832000
A[16]= -165.477900
chi2_min= 50.629710


Cross-Covariance parameters
1.000000	-0.419989	0.008581	-0.233367	0.018232	-0.114587	0.146571	0.250222	-0.218213	-0.446887	-0.058893	0.079653	-0.091642	0.010028	0.188193	-0.188079	-0.438133	
-0.419989	1.000000	0.067312	0.062723	0.242416	-0.198870	-0.054294	-0.158887	0.098020	0.335155	-0.212306	0.120538	-0.216874	0.195170	-0.159510	0.138542	0.317819	
0.008581	0.067312	1.000000	-0.002404	0.595321	-0.736711	0.113328	0.502390	-0.690066	0.314979	-0.227357	0.421501	-0.633598	0.271509	0.373641	-0.576803	0.187538	
-0.233367	0.062723	-0.002404	1.000000	0.299899	0.180782	-0.967216	0.083330	-0.134440	0.161017	0.008050	-0.021447	0.019586	0.003627	-0.034739	0.037608	0.077230	
0.018232	0.242416	0.595321	0.299899	1.000000	-0.863966	-0.111101	0.310585	-0.452665	0.198231	-0.198209	0.293563	-0.442324	0.212235	0.208317	-0.326887	0.126342	
-0.114587	-0.198870	-0.736711	0.180782	-0.863966	1.000000	-0.361598	-0.342695	0.486828	-0.173198	0.225913	-0.354131	0.529940	-0.242969	-0.276272	0.424909	-0.118985	
0.146571	-0.054294	0.113328	-0.967216	-0.111101	-0.361598	1.000000	-0.054241	0.080207	-0.096964	-0.025546	0.054333	-0.075550	0.024904	0.064874	-0.089192	-0.024430	
0.250222	-0.158887	0.502390	0.083330	0.310585	-0.342695	-0.054241	1.000000	-0.955552	0.602278	-0.095164	0.243416	-0.330842	0.110715	0.264725	-0.359898	-0.032499	
-0.218213	0.098020	-0.690066	-0.134440	-0.452665	0.486828	0.080207	-0.955552	1.000000	-0.619397	0.146198	-0.315388	0.449297	-0.169459	-0.316692	0.453210	-0.024315	
-0.446887	0.335155	0.314979	0.161017	0.198231	-0.173198	-0.096964	0.602278	-0.619397	1.000000	-0.093793	0.120651	-0.202373	0.124402	0.022791	-0.085827	0.271447	
-0.058893	-0.212306	-0.227357	0.008050	-0.198209	0.225913	-0.025546	-0.095164	0.146198	-0.093793	1.000000	0.084482	0.538616	-0.983104	0.028227	-0.064244	-0.066022	
0.079653	0.120538	0.421501	-0.021447	0.293563	-0.354131	0.054333	0.243416	-0.315388	0.120651	0.084482	1.000000	-0.766508	0.049940	0.208801	-0.319604	0.072547	
-0.091642	-0.216874	-0.633598	0.019586	-0.442324	0.529940	-0.075550	-0.330842	0.449297	-0.202373	0.538616	-0.766508	1.000000	-0.643479	-0.216336	0.320453	-0.127331	
0.010028	0.195170	0.271509	0.003627	0.212235	-0.242969	0.024904	0.110715	-0.169459	0.124402	-0.983104	0.049940	-0.643479	1.000000	-0.016056	0.041650	0.089197	
0.188193	-0.159510	0.373641	-0.034739	0.208317	-0.276272	0.064874	0.264725	-0.316692	0.022791	0.028227	0.208801	-0.216336	-0.016056	1.000000	-0.944524	0.601133	
-0.188079	0.138542	-0.576803	0.037608	-0.326887	0.424909	-0.089192	-0.359898	0.453210	-0.085827	-0.064244	-0.319604	0.320453	0.041650	-0.944524	1.000000	-0.605246	
-0.438133	0.317819	0.187538	0.077230	0.126342	-0.118985	-0.024430	-0.032499	-0.024315	0.271447	-0.066022	0.072547	-0.127331	0.089197	0.601133	-0.605246	1.000000	

Time taken for mcmc chain: 1.847500 hours
