Number of steps: 9808936
Number of accepted steps: 2000004
Burn-in number of steps: 60000
Accepted fraction of steps: 0.203896
Convergence Status
R[0]= 1.000767	R[1]= 1.001295	R[2]= 1.024347	R[3]= 1.000775	R[4]= 1.012583	R[5]= 1.018732	R[6]= 1.003678	R[7]= 1.011704	R[8]= 1.017857	R[9]= 1.009710	R[10]= 1.000919	R[11]= 1.006902	R[12]= 1.014249	R[13]= 1.002394	R[14]= 1.004294	R[15]= 1.009361	R[16]= 1.003295	
<R>= 1.008404

Mean parameters
A[0]= 0.995126 pm 0.022117
A[1]= 1.027422 pm 0.017178
A[2]= 0.507397 pm 0.214498
A[3]= 3.709112 pm 0.475228
A[4]= 5204.604638 pm 3683.195654
A[5]= -2602.873617 pm 1367.833210
A[6]= 356.679094 pm 151.141344
A[7]= 8042.913191 pm 6427.561679
A[8]= -3792.688237 pm 2474.362251
A[9]= -50.611698 pm 101.713756
A[10]= 3.751228 pm 0.713738
A[11]= 10464.510223 pm 4453.083618
A[12]= -4396.992832 pm 1450.692311
A[13]= 468.232186 pm 214.036836
A[14]= -2132.370642 pm 8592.644337
A[15]= -1852.169043 pm 2959.995732
A[16]= -146.294187 pm 143.265608

Best-fitting parameters
A[0]= 0.990398
A[1]= 1.031285
A[2]= 0.673956
A[3]= 3.906714
A[4]= 8122.589000
A[5]= -3682.409000
A[6]= 328.213400
A[7]= 15601.890000
A[8]= -6798.643000
A[9]= 68.815580
A[10]= 3.426770
A[11]= 12975.460000
A[12]= -5647.032000
A[13]= 613.709500
A[14]= -1433.115000
A[15]= -2611.247000
A[16]= -137.148500
chi2_min= 60.777780


Cross-Covariance parameters
1.000000	-0.441582	-0.202207	0.008413	-0.174529	0.203279	-0.073892	0.000311	0.079857	-0.175263	0.066321	-0.109713	0.178225	-0.104091	0.001787	0.053881	-0.112150	
-0.441582	1.000000	0.081220	-0.012549	0.281751	-0.242103	0.049751	-0.091544	0.017523	0.121735	-0.058720	0.204252	-0.211253	0.073269	-0.084457	0.038458	0.060887	
-0.202207	0.081220	1.000000	-0.327535	0.658767	-0.867714	0.529256	0.653203	-0.824599	0.584323	-0.250404	0.455337	-0.754853	0.378560	0.475593	-0.673877	0.394132	
0.008413	-0.012549	-0.327535	1.000000	0.117383	0.203441	-0.937930	-0.027004	0.052087	-0.030225	0.087236	-0.143919	0.244293	-0.127145	-0.161033	0.226521	-0.133870	
-0.174529	0.281751	0.658767	0.117383	1.000000	-0.922295	0.210781	0.462526	-0.607268	0.440109	-0.171228	0.348103	-0.537913	0.256890	0.290009	-0.425058	0.260035	
0.203279	-0.242103	-0.867714	0.203441	-0.922295	1.000000	-0.503531	-0.555521	0.723844	-0.518043	0.224219	-0.429614	0.684981	-0.336089	-0.395361	0.570901	-0.343445	
-0.073892	0.049751	0.529256	-0.937930	0.210781	-0.503531	1.000000	0.171978	-0.241559	0.158628	-0.138717	0.239281	-0.399713	0.205116	0.253371	-0.358906	0.212603	
0.000311	-0.091544	0.653203	-0.027004	0.462526	-0.555521	0.171978	1.000000	-0.953744	0.902496	-0.144623	0.289416	-0.481148	0.228813	0.340637	-0.463956	0.251363	
0.079857	0.017523	-0.824599	0.052087	-0.607268	0.723844	-0.241559	-0.953744	1.000000	-0.891504	0.194754	-0.371566	0.615976	-0.300672	-0.409628	0.569315	-0.319142	
-0.175263	0.121735	0.584323	-0.030225	0.440109	-0.518043	0.158628	0.902496	-0.891504	1.000000	-0.139229	0.281870	-0.453028	0.215546	0.268193	-0.386048	0.227878	
0.066321	-0.058720	-0.250404	0.087236	-0.171228	0.224219	-0.138717	-0.144623	0.194754	-0.139229	1.000000	0.309129	0.085769	-0.953402	0.063752	-0.091169	0.044901	
-0.109713	0.204252	0.455337	-0.143919	0.348103	-0.429614	0.239281	0.289416	-0.371566	0.281870	0.309129	1.000000	-0.882401	-0.036953	0.237226	-0.379805	0.191964	
0.178225	-0.211253	-0.754853	0.244293	-0.537913	0.684981	-0.399713	-0.481148	0.615976	-0.453028	0.085769	-0.882401	1.000000	-0.349237	-0.333071	0.508002	-0.273891	
-0.104091	0.073269	0.378560	-0.127145	0.256890	-0.336089	0.205116	0.228813	-0.300672	0.215546	-0.953402	-0.036953	-0.349237	1.000000	-0.006631	-0.001764	-0.005527	
0.001787	-0.084457	0.475593	-0.161033	0.290009	-0.395361	0.253371	0.340637	-0.409628	0.268193	0.063752	0.237226	-0.333071	-0.006631	1.000000	-0.949745	0.898264	
0.053881	0.038458	-0.673877	0.226521	-0.425058	0.570901	-0.358906	-0.463956	0.569315	-0.386048	-0.091169	-0.379805	0.508002	-0.001764	-0.949745	1.000000	-0.890354	
-0.112150	0.060887	0.394132	-0.133870	0.260035	-0.343445	0.212603	0.251363	-0.319142	0.227878	0.044901	0.191964	-0.273891	-0.005527	0.898264	-0.890354	1.000000	

Time taken for mcmc chain: 2.346111 hours
