Number of steps: 3495601
Number of accepted steps: 823000
Burn-in number of steps: 60000
Accepted fraction of steps: 0.235439
Convergence Status
R[0]= 1.000616	R[1]= 1.000374	R[2]= 1.004183	R[3]= 1.001247	R[4]= 1.000709	R[5]= 1.002143	R[6]= 1.001432	R[7]= 1.000845	R[8]= 1.001818	R[9]= 1.000664	R[10]= 1.001981	R[11]= 1.000719	R[12]= 1.001547	R[13]= 1.001907	R[14]= 1.000567	R[15]= 1.000917	R[16]= 1.000483	
<R>= 1.001303

Mean parameters
A[0]= 1.051569 pm 0.043026
A[1]= 1.017475 pm 0.026188
A[2]= 0.514196 pm 0.202083
A[3]= 6.184156 pm 0.977703
A[4]= 12201.219583 pm 5026.309637
A[5]= -4333.625227 pm 1838.686011
A[6]= -116.862512 pm 294.388162
A[7]= 9707.966708 pm 7844.928777
A[8]= -6285.522301 pm 3277.146438
A[9]= -3.922818 pm 137.440187
A[10]= 4.478118 pm 1.528699
A[11]= 10327.369036 pm 5789.959820
A[12]= -4395.535781 pm 1767.485919
A[13]= 359.150117 pm 457.863574
A[14]= 6394.333342 pm 9015.951105
A[15]= -4468.440291 pm 3132.778638
A[16]= -44.837329 pm 171.405601

Best-fitting parameters
A[0]= 1.054274
A[1]= 1.015717
A[2]= 0.581497
A[3]= 6.727757
A[4]= 16110.450000
A[5]= -5377.738000
A[6]= -234.670600
A[7]= 19312.530000
A[8]= -9859.726000
A[9]= 152.940500
A[10]= 5.648199
A[11]= 16299.300000
A[12]= -5679.467000
A[13]= 74.458280
A[14]= 19659.150000
A[15]= -9382.958000
A[16]= 138.784600
chi2_min= 56.424150


Cross-Covariance parameters
1.000000	-0.427490	0.160631	-0.087574	-0.001260	-0.073988	0.076228	0.147127	-0.183966	-0.204625	-0.193133	-0.075264	-0.057746	0.183350	0.053455	-0.071579	-0.118866	
-0.427490	1.000000	-0.046311	-0.115047	0.144336	-0.143003	0.077524	-0.162910	0.134207	0.243626	0.071172	0.180094	-0.130847	-0.081735	-0.066043	0.041279	0.138596	
0.160631	-0.046311	1.000000	-0.254591	0.554003	-0.841239	0.388463	0.542638	-0.786367	0.422362	-0.322984	0.228596	-0.613952	0.372105	0.271569	-0.479185	0.223928	
-0.087574	-0.115047	-0.254591	1.000000	0.289055	0.167593	-0.967724	0.130200	-0.109491	-0.012423	0.120086	-0.047356	0.161974	-0.127465	-0.036408	0.085576	-0.064690	
-0.001260	0.144336	0.554003	0.289055	1.000000	-0.859421	-0.072532	0.398189	-0.567500	0.316251	-0.146240	0.188307	-0.388716	0.173630	0.173072	-0.300313	0.160662	
-0.073988	-0.143003	-0.841239	0.167593	-0.859421	1.000000	-0.372252	-0.450970	0.673240	-0.394225	0.258536	-0.239291	0.558952	-0.298565	-0.236183	0.419496	-0.221181	
0.076228	0.077524	0.388463	-0.967724	-0.072532	-0.372252	1.000000	-0.041697	-0.014080	0.069344	-0.155353	0.077631	-0.240420	0.170883	0.079775	-0.156883	0.098094	
0.147127	-0.162910	0.542638	0.130200	0.398189	-0.450970	-0.041697	1.000000	-0.918521	0.772239	-0.161142	0.129873	-0.337024	0.190846	0.187413	-0.299402	0.096974	
-0.183966	0.134207	-0.786367	-0.109491	-0.567500	0.673240	-0.014080	-0.918521	1.000000	-0.742001	0.244295	-0.185840	0.487467	-0.285124	-0.242584	0.405835	-0.157024	
-0.204625	0.243626	0.422362	-0.012423	0.316251	-0.394225	0.069344	0.772239	-0.742001	1.000000	-0.081414	0.167794	-0.303116	0.105351	0.115979	-0.213988	0.148172	
-0.193133	0.071172	-0.322984	0.120086	-0.146240	0.258536	-0.155353	-0.161142	0.244295	-0.081414	1.000000	0.368550	0.214188	-0.980148	0.119630	-0.233946	-0.014571	
-0.075264	0.180094	0.228596	-0.047356	0.188307	-0.239291	0.077631	0.129873	-0.185840	0.167794	0.368550	1.000000	-0.791264	-0.202600	0.173073	-0.326792	0.119314	
-0.057746	-0.130847	-0.613952	0.161974	-0.388716	0.558952	-0.240420	-0.337024	0.487467	-0.303116	0.214188	-0.791264	1.000000	-0.376675	-0.181054	0.328806	-0.174364	
0.183350	-0.081735	0.372105	-0.127465	0.173630	-0.298565	0.170883	0.190846	-0.285124	0.105351	-0.980148	-0.202600	-0.376675	1.000000	-0.099546	0.195454	0.023388	
0.053455	-0.066043	0.271569	-0.036408	0.173072	-0.236183	0.079775	0.187413	-0.242584	0.115979	0.119630	0.173073	-0.181054	-0.099546	1.000000	-0.916734	0.802636	
-0.071579	0.041279	-0.479185	0.085576	-0.300313	0.419496	-0.156883	-0.299402	0.405835	-0.213988	-0.233946	-0.326792	0.328806	0.195454	-0.916734	1.000000	-0.794252	
-0.118866	0.138596	0.223928	-0.064690	0.160662	-0.221181	0.098094	0.096974	-0.157024	0.148172	-0.014571	0.119314	-0.174364	0.023388	0.802636	-0.794252	1.000000	

Time taken for mcmc chain: 30.400000 minutes
