Number of steps: 1082961
Number of accepted steps: 306000
Burn-in number of steps: 60000
Accepted fraction of steps: 0.282559
Convergence Status
R[0]= 1.001395	R[1]= 1.000774	R[2]= 1.003609	R[3]= 1.002385	R[4]= 1.002913	R[5]= 1.002908	R[6]= 1.001856	R[7]= 1.000628	R[8]= 1.001125	R[9]= 1.001341	R[10]= 1.006296	R[11]= 1.002110	R[12]= 1.001955	R[13]= 1.005685	R[14]= 1.001943	R[15]= 1.002173	R[16]= 1.000416	
<R>= 1.002324

Mean parameters
A[0]= 1.075994 pm 0.055471
A[1]= 0.959538 pm 0.035540
A[2]= 0.181124 pm 0.122128
A[3]= 5.567276 pm 1.035887
A[4]= 10999.365042 pm 4326.580347
A[5]= -3448.748256 pm 1439.130934
A[6]= 156.069099 pm 304.784504
A[7]= 13748.988931 pm 5046.298060
A[8]= -4036.064932 pm 1704.017262
A[9]= -106.650011 pm 124.113863
A[10]= 6.915804 pm 1.702837
A[11]= 728.555250 pm 6616.031354
A[12]= 249.753776 pm 2098.205732
A[13]= -445.714480 pm 499.787741
A[14]= -860.381437 pm 9935.188187
A[15]= -335.996921 pm 3194.834832
A[16]= -419.591450 pm 193.148967

Best-fitting parameters
A[0]= 1.072191
A[1]= 0.984227
A[2]= 0.200941
A[3]= 5.485030
A[4]= 12238.800000
A[5]= -3818.733000
A[6]= 158.523300
A[7]= 18669.370000
A[8]= -5556.019000
A[9]= 19.106500
A[10]= 7.579975
A[11]= 1066.640000
A[12]= 471.316300
A[13]= -666.074800
A[14]= -4875.713000
A[15]= 447.415100
A[16]= -471.287700
chi2_min= 55.163020


Cross-Covariance parameters
1.000000	-0.435867	-0.107291	-0.014577	-0.053160	0.059313	-0.009248	0.120875	-0.052752	-0.475518	-0.159466	-0.087689	0.006677	0.138689	0.122903	-0.065363	-0.292664	
-0.435867	1.000000	0.099152	-0.194276	0.283836	-0.340527	0.149770	-0.120180	0.042657	0.488458	0.017731	0.282004	-0.243079	-0.045674	-0.143809	0.076419	0.278471	
-0.107291	0.099152	1.000000	-0.164174	0.430570	-0.631713	0.235604	0.233788	-0.570186	0.159476	0.044541	0.455179	-0.538269	0.024873	0.329547	-0.549750	0.230587	
-0.014577	-0.194276	-0.164174	1.000000	0.162341	0.398271	-0.974403	0.086970	-0.084894	-0.230058	-0.004084	-0.125687	0.129910	0.002821	-0.037703	0.080475	-0.073838	
-0.053160	0.283836	0.430570	0.162341	1.000000	-0.816460	0.007100	0.073262	-0.262409	0.076930	0.031228	0.267681	-0.283951	-0.013592	0.105487	-0.210933	0.125434	
0.059313	-0.340527	-0.631713	0.398271	-0.816460	1.000000	-0.546461	-0.064351	0.287805	-0.206654	-0.036721	-0.369871	0.401947	0.007295	-0.172450	0.323092	-0.185085	
-0.009248	0.149770	0.235604	-0.974403	0.007100	-0.546461	1.000000	-0.073192	0.044770	0.215776	0.017652	0.144402	-0.151141	-0.008119	0.065611	-0.122671	0.082045	
0.120875	-0.120180	0.233788	0.086970	0.073262	-0.064351	-0.073192	1.000000	-0.893624	0.512491	-0.015353	0.082472	-0.121177	0.034200	0.119119	-0.159581	0.006467	
-0.052752	0.042657	-0.570186	-0.084894	-0.262409	0.287805	0.044770	-0.893624	1.000000	-0.568270	-0.007208	-0.243156	0.303883	-0.033194	-0.215336	0.333583	-0.090613	
-0.475518	0.488458	0.159476	-0.230058	0.076930	-0.206654	0.215776	0.512491	-0.568270	1.000000	0.057041	0.163472	-0.133756	-0.054183	-0.063715	0.002933	0.205513	
-0.159466	0.017731	0.044541	-0.004084	0.031228	-0.036721	0.017652	-0.015353	-0.007208	0.057041	1.000000	0.224945	0.356741	-0.978227	0.124045	-0.196259	-0.101519	
-0.087689	0.282004	0.455179	-0.125687	0.267681	-0.369871	0.144402	0.082472	-0.243156	0.163472	0.224945	1.000000	-0.809454	-0.059051	0.152466	-0.281626	0.140921	
0.006677	-0.243079	-0.538269	0.129910	-0.283951	0.401947	-0.151141	-0.121177	0.303883	-0.133756	0.356741	-0.809454	1.000000	-0.507383	-0.122797	0.232466	-0.216659	
0.138689	-0.045674	0.024873	0.002821	-0.013592	0.007295	-0.008119	0.034200	-0.033194	-0.054183	-0.978227	-0.059051	-0.507383	1.000000	-0.097448	0.154075	0.109175	
0.122903	-0.143809	0.329547	-0.037703	0.105487	-0.172450	0.065611	0.119119	-0.215336	-0.063715	0.124045	0.152466	-0.122797	-0.097448	1.000000	-0.945989	0.703065	
-0.065363	0.076419	-0.549750	0.080475	-0.210933	0.323092	-0.122671	-0.159581	0.333583	0.002933	-0.196259	-0.281626	0.232466	0.154075	-0.945989	1.000000	-0.731338	
-0.292664	0.278471	0.230587	-0.073838	0.125434	-0.185085	0.082045	0.006467	-0.090613	0.205513	-0.101519	0.140921	-0.216659	0.109175	0.703065	-0.731338	1.000000	

Time taken for mcmc chain: 5.600000 minutes
