Number of steps: 1035767
Number of accepted steps: 305000
Burn-in number of steps: 60000
Accepted fraction of steps: 0.294468
Convergence Status
R[0]= 1.000167	R[1]= 1.000689	R[2]= 1.000979	R[3]= 1.000524	R[4]= 1.001395	R[5]= 1.000751	R[6]= 1.000448	R[7]= 1.000676	R[8]= 1.000047	R[9]= 1.000188	R[10]= 1.002649	R[11]= 1.002572	R[12]= 1.000938	R[13]= 1.002095	R[14]= 1.000423	R[15]= 1.000698	R[16]= 1.002093	
<R>= 1.001020

Mean parameters
A[0]= 1.006327 pm 0.041828
A[1]= 0.996863 pm 0.023527
A[2]= 0.152004 pm 0.102174
A[3]= 6.715205 pm 1.044094
A[4]= 10252.633288 pm 4461.415533
A[5]= -2254.519352 pm 1455.199171
A[6]= -234.982563 pm 308.888156
A[7]= 13049.476323 pm 5387.826556
A[8]= -4123.358490 pm 1782.534178
A[9]= 0.585389 pm 119.280234
A[10]= 8.103383 pm 1.659628
A[11]= 1018.911188 pm 6574.414677
A[12]= 1271.070562 pm 2141.516589
A[13]= -840.302169 pm 491.272056
A[14]= 6138.113163 pm 9034.795391
A[15]= -2108.090931 pm 2842.023775
A[16]= -163.424817 pm 178.727152

Best-fitting parameters
A[0]= 1.007651
A[1]= 1.006112
A[2]= 0.204490
A[3]= 6.780690
A[4]= 11990.480000
A[5]= -2744.242000
A[6]= -264.603700
A[7]= 17914.370000
A[8]= -5618.870000
A[9]= 40.220260
A[10]= 7.894667
A[11]= 1257.674000
A[12]= 955.134900
A[13]= -804.210700
A[14]= 9091.260000
A[15]= -3094.536000
A[16]= -141.285100
chi2_min= 49.949090


Cross-Covariance parameters
1.000000	-0.382251	-0.130604	-0.048154	-0.010943	0.018283	0.005615	0.116911	-0.044725	-0.448965	-0.144643	-0.044137	-0.016413	0.113900	0.090409	-0.039369	-0.332116	
-0.382251	1.000000	0.107885	-0.134621	0.222923	-0.272919	0.113605	-0.114491	0.044093	0.370357	-0.081498	0.206427	-0.228989	0.065258	-0.117440	0.070400	0.260145	
-0.130604	0.107885	1.000000	-0.098200	0.487360	-0.652941	0.176637	0.282999	-0.574673	0.115824	-0.067937	0.438207	-0.566642	0.135621	0.319877	-0.529443	0.175559	
-0.048154	-0.134621	-0.098200	1.000000	0.204412	0.353430	-0.974893	0.026048	-0.053947	-0.049599	0.049322	-0.055610	0.088116	-0.047570	-0.016771	0.038734	-0.021342	
-0.010943	0.222923	0.487360	0.204412	1.000000	-0.821509	-0.024111	0.114483	-0.288281	0.038662	-0.058733	0.261870	-0.329625	0.084329	0.166879	-0.269013	0.113844	
0.018283	-0.272919	-0.652941	0.353430	-0.821509	1.000000	-0.514050	-0.138523	0.327642	-0.081714	0.085102	-0.331616	0.428855	-0.119206	-0.208752	0.346561	-0.140240	
0.005615	0.113605	0.176637	-0.974893	-0.024111	-0.514050	1.000000	-0.010731	0.012597	0.054432	-0.041866	0.082243	-0.119766	0.047735	0.047458	-0.085226	0.042216	
0.116911	-0.114491	0.282999	0.026048	0.114483	-0.138523	-0.010731	1.000000	-0.916172	0.595889	-0.022830	0.117137	-0.155720	0.042262	0.106223	-0.164599	-0.026598	
-0.044725	0.044093	-0.574673	-0.053947	-0.288281	0.327642	0.012597	-0.916172	1.000000	-0.632789	0.042750	-0.246787	0.322860	-0.081476	-0.192098	0.312200	-0.039750	
-0.448965	0.370357	0.115824	-0.049599	0.038662	-0.081714	0.054432	0.595889	-0.632789	1.000000	0.024162	0.076808	-0.069592	-0.014839	-0.064270	0.023279	0.171854	
-0.144643	-0.081498	-0.067937	0.049322	-0.058733	0.085102	-0.041866	-0.022830	0.042750	0.024162	1.000000	0.173056	0.403456	-0.977456	0.022254	-0.077034	-0.020273	
-0.044137	0.206427	0.438207	-0.055610	0.261870	-0.331616	0.082243	0.117137	-0.246787	0.076808	0.173056	1.000000	-0.812298	0.006211	0.133427	-0.255987	0.094689	
-0.016413	-0.228989	-0.566642	0.088116	-0.329625	0.428855	-0.119766	-0.155720	0.322860	-0.069592	0.403456	-0.812298	1.000000	-0.560063	-0.153617	0.262043	-0.117035	
0.113900	0.065258	0.135621	-0.047570	0.084329	-0.119206	0.047735	0.042262	-0.081476	-0.014839	-0.977456	0.006211	-0.560063	1.000000	-0.003863	0.041250	0.028558	
0.090409	-0.117440	0.319877	-0.016771	0.166879	-0.208752	0.047458	0.106223	-0.192098	-0.064270	0.022254	0.133427	-0.153617	-0.003863	1.000000	-0.944906	0.709599	
-0.039369	0.070400	-0.529443	0.038734	-0.269013	0.346561	-0.085226	-0.164599	0.312200	0.023279	-0.077034	-0.255987	0.262043	0.041250	-0.944906	1.000000	-0.751083	
-0.332116	0.260145	0.175559	-0.021342	0.113844	-0.140240	0.042216	-0.026598	-0.039750	0.171854	-0.020273	0.094689	-0.117035	0.028558	0.709599	-0.751083	1.000000	

Time taken for mcmc chain: 5.650000 minutes
