Number of steps: 1770558
Number of accepted steps: 465000
Burn-in number of steps: 60000
Accepted fraction of steps: 0.262629
Convergence Status
R[0]= 1.005741	R[1]= 1.005070	R[2]= 1.002239	R[3]= 1.002243	R[4]= 1.000299	R[5]= 1.001067	R[6]= 1.002466	R[7]= 1.004002	R[8]= 1.003471	R[9]= 1.000173	R[10]= 1.006259	R[11]= 1.001392	R[12]= 1.001988	R[13]= 1.006030	R[14]= 1.003033	R[15]= 1.004781	R[16]= 1.001025	
<R>= 1.003016

Mean parameters
A[0]= 0.935413 pm 0.042582
A[1]= 0.985617 pm 0.032667
A[2]= 0.275168 pm 0.141642
A[3]= 7.218240 pm 1.120948
A[4]= 4381.792713 pm 6027.893401
A[5]= -675.675936 pm 2002.308942
A[6]= -452.213037 pm 318.698513
A[7]= 6980.468286 pm 8843.032600
A[8]= -4036.066177 pm 3073.171175
A[9]= 57.703312 pm 145.766953
A[10]= 5.859829 pm 1.723100
A[11]= 7169.273039 pm 6298.364520
A[12]= -2219.458576 pm 2101.013378
A[13]= -13.373742 pm 501.511337
A[14]= 5868.557590 pm 9309.922198
A[15]= -2603.026830 pm 2952.105949
A[16]= -101.252680 pm 175.979608

Best-fitting parameters
A[0]= 0.943870
A[1]= 0.981776
A[2]= 0.378713
A[3]= 7.775581
A[4]= 6723.651000
A[5]= -1344.875000
A[6]= -600.705400
A[7]= 15560.110000
A[8]= -7182.933000
A[9]= 127.888400
A[10]= 5.928730
A[11]= 11249.730000
A[12]= -3616.539000
A[13]= 26.462430
A[14]= 11765.430000
A[15]= -4563.967000
A[16]= -85.274730
chi2_min= 69.169880


Cross-Covariance parameters
1.000000	-0.449727	-0.023521	-0.079545	-0.074145	0.038518	0.039792	0.158057	-0.124798	-0.361370	-0.031441	-0.047828	0.027021	0.013672	0.083881	-0.078015	-0.268664	
-0.449727	1.000000	0.073484	-0.184231	0.261919	-0.301166	0.161650	-0.170257	0.109858	0.343087	-0.059042	0.202319	-0.210362	0.040013	-0.102781	0.065825	0.249572	
-0.023521	0.073484	1.000000	-0.052249	0.706468	-0.813075	0.189623	0.603417	-0.760245	0.320497	-0.159896	0.457215	-0.622052	0.214774	0.368800	-0.539132	0.142735	
-0.079545	-0.184231	-0.052249	1.000000	0.196525	0.217207	-0.968140	0.109836	-0.144144	0.071004	0.033635	-0.049967	0.068834	-0.026289	0.019964	-0.000969	0.001490	
-0.074145	0.261919	0.706468	0.196525	1.000000	-0.900023	0.009010	0.402070	-0.545943	0.287605	-0.123386	0.369184	-0.482906	0.156591	0.246636	-0.370089	0.149925	
0.038518	-0.301166	-0.813075	0.217207	-0.900023	1.000000	-0.408816	-0.418822	0.559399	-0.279152	0.149329	-0.419088	0.555496	-0.185541	-0.272955	0.417807	-0.153349	
0.039792	0.161650	0.189623	-0.968140	0.009010	-0.408816	1.000000	-0.030245	0.040309	-0.033388	-0.051236	0.106797	-0.147138	0.054327	0.034496	-0.075309	0.021778	
0.158057	-0.170257	0.603417	0.109836	0.402070	-0.418822	-0.030245	1.000000	-0.961366	0.668736	-0.099035	0.247097	-0.352297	0.133428	0.268289	-0.362245	0.026456	
-0.124798	0.109858	-0.760245	-0.144144	-0.545943	0.559399	0.040309	-0.961366	1.000000	-0.668578	0.126071	-0.322163	0.453699	-0.167782	-0.312698	0.435742	-0.058103	
-0.361370	0.343087	0.320497	0.071004	0.287605	-0.279152	-0.033388	0.668736	-0.668578	1.000000	-0.057989	0.180905	-0.231241	0.072071	0.067759	-0.126262	0.162375	
-0.031441	-0.059042	-0.159896	0.033635	-0.123386	0.149329	-0.051236	-0.099035	0.126071	-0.057989	1.000000	0.167977	0.419736	-0.980812	0.030068	-0.108936	0.013696	
-0.047828	0.202319	0.457215	-0.049967	0.369184	-0.419088	0.106797	0.247097	-0.322163	0.180905	0.167977	1.000000	-0.805326	-0.005850	0.193639	-0.313581	0.134770	
0.027021	-0.210362	-0.622052	0.068834	-0.482906	0.555496	-0.147138	-0.352297	0.453699	-0.231241	0.419736	-0.805326	1.000000	-0.558905	-0.205712	0.291973	-0.123814	
0.013672	0.040013	0.214774	-0.026289	0.156591	-0.185541	0.054327	0.133428	-0.167782	0.072071	-0.980812	-0.005850	-0.558905	1.000000	-0.007203	0.073724	-0.008221	
0.083881	-0.102781	0.368800	0.019964	0.246636	-0.272955	0.034496	0.268289	-0.312698	0.067759	0.030068	0.193639	-0.205712	-0.007203	1.000000	-0.949642	0.732656	
-0.078015	0.065825	-0.539132	-0.000969	-0.370089	0.417807	-0.075309	-0.362245	0.435742	-0.126262	-0.108936	-0.313581	0.291973	0.073724	-0.949642	1.000000	-0.753578	
-0.268664	0.249572	0.142735	0.001490	0.149925	-0.153349	0.021778	0.026456	-0.058103	0.162375	0.013696	0.134770	-0.123814	-0.008221	0.732656	-0.753578	1.000000	

Time taken for mcmc chain: 12.316667 minutes
