Number of steps: 1322251
Number of accepted steps: 352081
Burn-in number of steps: 60000
Accepted fraction of steps: 0.266274
Convergence Status
R[0]= 1.002069	R[1]= 1.004220	R[2]= 1.000962	R[3]= 1.005995	R[4]= 1.001009	R[5]= 1.002831	R[6]= 1.006451	R[7]= 1.001177	R[8]= 1.001254	R[9]= 1.000354	R[10]= 1.000859	R[11]= 1.000271	R[12]= 1.000581	R[13]= 1.001121	R[14]= 1.000887	R[15]= 1.000888	R[16]= 1.000424	
<R>= 1.001844

Mean parameters
A[0]= 1.051423 pm 0.055058
A[1]= 0.996556 pm 0.030641
A[2]= 0.165871 pm 0.117431
A[3]= 5.177611 pm 1.050277
A[4]= 3495.722633 pm 4687.107500
A[5]= -1497.600765 pm 1430.676120
A[6]= 100.366232 pm 308.416955
A[7]= 10736.107741 pm 6448.444686
A[8]= -3472.488445 pm 2057.923189
A[9]= -65.094513 pm 126.650889
A[10]= 7.046463 pm 1.620698
A[11]= 8257.103016 pm 6027.982777
A[12]= -1347.116576 pm 1984.583870
A[13]= -446.611290 pm 488.082817
A[14]= 5952.218827 pm 9094.314435
A[15]= -2334.361107 pm 2870.430695
A[16]= -178.416239 pm 185.473091

Best-fitting parameters
A[0]= 1.056005
A[1]= 0.988887
A[2]= 0.232598
A[3]= 5.186074
A[4]= 5009.444000
A[5]= -2103.575000
A[6]= 129.458400
A[7]= 17399.380000
A[8]= -5491.914000
A[9]= 8.855278
A[10]= 7.458054
A[11]= 11452.150000
A[12]= -2113.534000
A[13]= -531.401700
A[14]= 12868.740000
A[15]= -5193.827000
A[16]= -41.712500
chi2_min= 40.188740


Cross-Covariance parameters
1.000000	-0.402045	-0.099479	-0.158204	-0.064399	-0.001624	0.121012	0.156741	-0.091690	-0.343273	0.028846	0.037919	0.004208	-0.045240	0.128039	-0.094313	-0.355064	
-0.402045	1.000000	0.087639	-0.125015	0.233270	-0.284020	0.107770	-0.141290	0.082132	0.328509	-0.077606	0.209053	-0.223449	0.046431	-0.123754	0.077190	0.300672	
-0.099479	0.087639	1.000000	-0.045508	0.450226	-0.610652	0.128170	0.306109	-0.549876	0.204326	-0.084541	0.383902	-0.545766	0.136689	0.276501	-0.512814	0.180902	
-0.158204	-0.125015	-0.045508	1.000000	0.284012	0.271107	-0.973236	0.087892	-0.131823	-0.030567	0.030429	-0.046429	0.063982	-0.019114	-0.019784	0.034518	0.011751	
-0.064399	0.233270	0.450226	0.284012	1.000000	-0.825493	-0.094772	0.129342	-0.279325	0.105205	-0.032740	0.235971	-0.290672	0.048539	0.113420	-0.225965	0.131768	
-0.001624	-0.284020	-0.610652	0.271107	-0.825493	1.000000	-0.449368	-0.127908	0.286029	-0.148362	0.059923	-0.305294	0.392885	-0.078404	-0.163480	0.315125	-0.145692	
0.121012	0.107770	0.128170	-0.973236	-0.094772	-0.449368	1.000000	-0.068769	0.088150	0.042056	-0.032135	0.069842	-0.099235	0.027352	0.043589	-0.077766	0.009154	
0.156741	-0.141290	0.306109	0.087892	0.129342	-0.127908	-0.068769	1.000000	-0.937875	0.667741	-0.019184	0.119113	-0.165043	0.038435	0.126142	-0.192346	-0.026159	
-0.091690	0.082132	-0.549876	-0.131823	-0.279325	0.286029	0.088150	-0.937875	1.000000	-0.712043	0.041913	-0.212763	0.299265	-0.072957	-0.187235	0.312041	-0.038103	
-0.343273	0.328509	0.204326	-0.030567	0.105205	-0.148362	0.042056	0.667741	-0.712043	1.000000	-0.042502	0.094636	-0.137600	0.047239	-0.009076	-0.047780	0.185019	
0.028846	-0.077606	-0.084541	0.030429	-0.032740	0.059923	-0.032135	-0.019184	0.041913	-0.042502	1.000000	0.190041	0.426532	-0.980151	0.036406	-0.080988	-0.149890	
0.037919	0.209053	0.383902	-0.046429	0.235971	-0.305294	0.069842	0.119113	-0.212763	0.094636	0.190041	1.000000	-0.782656	-0.033005	0.116449	-0.234373	0.070531	
0.004208	-0.223449	-0.545766	0.063982	-0.290672	0.392885	-0.099235	-0.165043	0.299265	-0.137600	0.426532	-0.782656	1.000000	-0.562883	-0.130032	0.246034	-0.174913	
-0.045240	0.046431	0.136689	-0.019114	0.048539	-0.078404	0.027352	0.038435	-0.072957	0.047239	-0.980151	-0.033005	-0.562883	1.000000	-0.021735	0.052904	0.149713	
0.128039	-0.123754	0.276501	-0.019784	0.113420	-0.163480	0.043589	0.126142	-0.187235	-0.009076	0.036406	0.116449	-0.130032	-0.021735	1.000000	-0.938252	0.680589	
-0.094313	0.077190	-0.512814	0.034518	-0.225965	0.315125	-0.077766	-0.192346	0.312041	-0.047780	-0.080988	-0.234373	0.246034	0.052904	-0.938252	1.000000	-0.715894	
-0.355064	0.300672	0.180902	0.011751	0.131768	-0.145692	0.009154	-0.026159	-0.038103	0.185019	-0.149890	0.070531	-0.174913	0.149713	0.680589	-0.715894	1.000000	

Time taken for mcmc chain: 7.300000 minutes
