Number of steps: 4857876
Number of accepted steps: 864543
Burn-in number of steps: 60000
Accepted fraction of steps: 0.177967
Convergence Status
R[0]= 1.001682	R[1]= 1.001752	R[2]= 1.005615	R[3]= 1.001456	R[4]= 1.001446	R[5]= 1.000996	R[6]= 1.001110	R[7]= 1.003736	R[8]= 1.004751	R[9]= 1.001885	R[10]= 1.002442	R[11]= 1.000344	R[12]= 1.000886	R[13]= 1.002614	R[14]= 1.001980	R[15]= 1.002561	R[16]= 1.000863	
<R>= 1.002125

Mean parameters
A[0]= 1.024391 pm 0.033877
A[1]= 1.017318 pm 0.016596
A[2]= 0.084139 pm 0.072590
A[3]= 4.344074 pm 0.485562
A[4]= 19.870426 pm 2718.493741
A[5]= -220.607037 pm 814.102746
A[6]= 135.501920 pm 148.248982
A[7]= -2278.038788 pm 5736.126977
A[8]= 425.971878 pm 1645.174315
A[9]= -182.263996 pm 87.434297
A[10]= 4.481843 pm 0.750860
A[11]= 7461.742064 pm 3960.550104
A[12]= -1876.969742 pm 1087.794085
A[13]= 166.426830 pm 224.882215
A[14]= 2475.816328 pm 7917.550462
A[15]= -785.056597 pm 2231.547478
A[16]= -151.743384 pm 134.010145

Best-fitting parameters
A[0]= 1.033363
A[1]= 1.014082
A[2]= 0.009101
A[3]= 4.567732
A[4]= -1260.656000
A[5]= 385.744000
A[6]= 54.288370
A[7]= -3221.431000
A[8]= 839.797100
A[9]= -179.180100
A[10]= 4.446660
A[11]= 5933.977000
A[12]= -1272.675000
A[13]= 147.395500
A[14]= 371.322200
A[15]= 239.103300
A[16]= -203.161600
chi2_min= 44.277320


Cross-Covariance parameters
1.000000	-0.474359	-0.054441	-0.102435	0.104249	-0.112802	0.079301	0.396879	-0.328360	-0.055661	0.100041	0.152425	-0.081264	-0.097522	0.244785	-0.211392	-0.071562	
-0.474359	1.000000	0.019005	0.030664	0.235255	-0.194398	-0.020926	-0.316610	0.263604	0.055109	-0.110980	0.129762	-0.172493	0.106835	-0.196501	0.171007	0.060918	
-0.054441	0.019005	1.000000	-0.146924	0.360210	-0.558521	0.226683	0.330897	-0.483299	0.263615	-0.107202	0.242324	-0.424347	0.161033	0.222743	-0.344261	0.154572	
-0.102435	0.030664	-0.146924	1.000000	0.180130	0.297668	-0.962646	-0.018769	0.022247	0.008034	0.002871	-0.056058	0.074178	-0.010153	-0.055728	0.071836	-0.014903	
0.104249	0.235255	0.360210	0.180130	1.000000	-0.863475	0.051761	0.113069	-0.177976	0.078947	-0.058586	0.183676	-0.250147	0.078140	0.084086	-0.126936	0.055805	
-0.112802	-0.194398	-0.558521	0.297668	-0.863475	1.000000	-0.512508	-0.161747	0.247489	-0.109581	0.074090	-0.222891	0.323191	-0.103628	-0.135912	0.202313	-0.084122	
0.079301	-0.020926	0.226683	-0.962646	0.051761	-0.512508	1.000000	0.028439	-0.046638	-0.000449	-0.016595	0.070839	-0.106609	0.027889	0.069549	-0.095354	0.028093	
0.396879	-0.316610	0.330897	-0.018769	0.113069	-0.161747	0.028439	1.000000	-0.974754	0.790009	0.031228	0.124742	-0.148659	-0.008814	0.184131	-0.209746	0.005159	
-0.328360	0.263604	-0.483299	0.022247	-0.177976	0.247489	-0.046638	-0.974754	1.000000	-0.838709	-0.008167	-0.157525	0.212883	-0.022139	-0.202002	0.248091	-0.034939	
-0.055661	0.055109	0.263615	0.008034	0.078947	-0.109581	-0.000449	0.790009	-0.838709	1.000000	-0.011495	0.076211	-0.115077	0.028012	0.037553	-0.069271	0.030153	
0.100041	-0.110980	-0.107202	0.002871	-0.058586	0.074090	-0.016595	0.031228	-0.008167	-0.011495	1.000000	0.298382	0.232509	-0.964408	0.026136	-0.033986	-0.023250	
0.152425	0.129762	0.242324	-0.056058	0.183676	-0.222891	0.070839	0.124742	-0.157525	0.076211	0.298382	1.000000	-0.838647	-0.070070	0.006322	-0.042423	-0.053810	
-0.081264	-0.172493	-0.424347	0.074178	-0.250147	0.323191	-0.106609	-0.148659	0.212883	-0.115077	0.232509	-0.838647	1.000000	-0.457183	-0.020581	0.068259	0.022695	
-0.097522	0.106835	0.161033	-0.010153	0.078140	-0.103628	0.027889	-0.008814	-0.022139	0.028012	-0.964408	-0.070070	-0.457183	1.000000	-0.036607	0.037335	0.001798	
0.244785	-0.196501	0.222743	-0.055728	0.084086	-0.135912	0.069549	0.184131	-0.202002	0.037553	0.026136	0.006322	-0.020581	-0.036607	1.000000	-0.976326	0.841593	
-0.211392	0.171007	-0.344261	0.071836	-0.126936	0.202313	-0.095354	-0.209746	0.248091	-0.069271	-0.033986	-0.042423	0.068259	0.037335	-0.976326	1.000000	-0.892362	
-0.071562	0.060918	0.154572	-0.014903	0.055805	-0.084122	0.028093	0.005159	-0.034939	0.030153	-0.023250	-0.053810	0.022695	0.001798	0.841593	-0.892362	1.000000	

Time taken for mcmc chain: 38.183333 minutes
