Number of steps: 6270977
Number of accepted steps: 969492
Burn-in number of steps: 60000
Accepted fraction of steps: 0.154600
Convergence Status
R[0]= 1.002755	R[1]= 1.003759	R[2]= 1.001086	R[3]= 1.001451	R[4]= 1.000848	R[5]= 1.001149	R[6]= 1.000906	R[7]= 1.001181	R[8]= 1.001532	R[9]= 1.002439	R[10]= 1.000410	R[11]= 1.000030	R[12]= 1.000030	R[13]= 1.000577	R[14]= 1.000075	R[15]= 1.000133	R[16]= 1.000759	
<R>= 1.001125

Mean parameters
A[0]= 0.913276 pm 0.166254
A[1]= 1.087641 pm 0.046623
A[2]= 0.267103 pm 0.173731
A[3]= 5.700043 pm 1.249420
A[4]= 3861.744318 pm 6324.117190
A[5]= -1776.070548 pm 2021.006537
A[6]= -54.156779 pm 329.472893
A[7]= 2997.110910 pm 9939.098340
A[8]= -1939.083417 pm 3230.193184
A[9]= 125.973136 pm 215.291104
A[10]= 1.890780 pm 1.243857
A[11]= 4291.155214 pm 6094.449921
A[12]= -3683.914420 pm 1617.254785
A[13]= 1081.808118 pm 364.853249
A[14]= -9901.422763 pm 7484.232091
A[15]= 1977.193517 pm 2261.873298
A[16]= -232.700702 pm 167.763992

Best-fitting parameters
A[0]= 0.985200
A[1]= 1.074314
A[2]= 0.158794
A[3]= 5.265370
A[4]= 1024.690000
A[5]= -1042.997000
A[6]= 2.446788
A[7]= -746.037700
A[8]= -484.827600
A[9]= -31.216320
A[10]= 1.330635
A[11]= 4216.060000
A[12]= -3892.963000
A[13]= 1241.212000
A[14]= -17431.200000
A[15]= 4251.223000
A[16]= -384.619400
chi2_min= 42.552620


Cross-Covariance parameters
1.000000	-0.498759	-0.053193	-0.525682	-0.060376	-0.140801	0.367518	0.362335	-0.338441	-0.709976	0.002430	0.046136	-0.045976	-0.049626	0.060935	-0.098867	-0.301864	
-0.498759	1.000000	0.089753	0.154309	0.274274	-0.204740	-0.083487	-0.296201	0.248716	0.445595	-0.133927	0.039707	-0.114882	0.150556	-0.068272	0.092262	0.183116	
-0.053193	0.089753	1.000000	-0.055901	0.609300	-0.767852	0.212225	0.511188	-0.665702	0.267515	0.088961	0.250737	-0.316143	-0.046021	0.154119	-0.289173	0.067857	
-0.525682	0.154309	-0.055901	1.000000	0.285984	0.167946	-0.954147	-0.185754	0.136006	0.518417	0.009314	-0.052129	0.070002	0.015919	-0.035890	0.070029	0.162613	
-0.060376	0.274274	0.609300	0.285984	1.000000	-0.878595	-0.101880	0.318224	-0.427714	0.244550	0.015852	0.183853	-0.239107	0.010560	0.077908	-0.140270	0.041324	
-0.140801	-0.204740	-0.767852	0.167946	-0.878595	1.000000	-0.348116	-0.460153	0.570960	-0.069196	-0.027117	-0.234106	0.304684	0.004812	-0.114463	0.211509	0.012416	
0.367518	-0.083487	0.212225	-0.954147	-0.101880	-0.348116	1.000000	0.203082	-0.175762	-0.375487	-0.001328	0.078186	-0.107746	-0.009324	0.051349	-0.097322	-0.107365	
0.362335	-0.296201	0.511188	-0.185754	0.318224	-0.460153	0.203082	1.000000	-0.962700	0.201806	0.072741	0.153934	-0.171700	-0.068370	0.100820	-0.180046	-0.114623	
-0.338441	0.248716	-0.665702	0.136006	-0.427714	0.570960	-0.175762	-0.962700	1.000000	-0.243680	-0.087071	-0.189986	0.219625	0.075186	-0.125848	0.230787	0.087270	
-0.709976	0.445595	0.267515	0.518417	0.244550	-0.069196	-0.375487	0.201806	-0.243680	1.000000	-0.008683	0.016061	-0.043398	0.051398	-0.016527	0.014519	0.238248	
0.002430	-0.133927	0.088961	0.009314	0.015852	-0.027117	-0.001328	0.072741	-0.087071	-0.008683	1.000000	0.380519	0.092254	-0.963644	0.053801	-0.191110	0.210631	
0.046136	0.039707	0.250737	-0.052129	0.183853	-0.234106	0.078186	0.153934	-0.189986	0.016061	0.380519	1.000000	-0.868661	-0.156375	0.062525	-0.157509	0.086068	
-0.045976	-0.114882	-0.316143	0.070002	-0.239107	0.304684	-0.107746	-0.171700	0.219625	-0.043398	0.092254	-0.868661	1.000000	-0.323028	-0.062047	0.111777	0.008495	
-0.049626	0.150556	-0.046021	0.015919	0.010560	0.004812	-0.009324	-0.068370	0.075186	0.051398	-0.963644	-0.156375	-0.323028	1.000000	-0.052452	0.180812	-0.183761	
0.060935	-0.068272	0.154119	-0.035890	0.077908	-0.114463	0.051349	0.100820	-0.125848	-0.016527	0.053801	0.062525	-0.062047	-0.052452	1.000000	-0.940320	0.692799	
-0.098867	0.092262	-0.289173	0.070029	-0.140270	0.211509	-0.097322	-0.180046	0.230787	0.014519	-0.191110	-0.157509	0.111777	0.180812	-0.940320	1.000000	-0.770133	
-0.301864	0.183116	0.067857	0.162613	0.041324	0.012416	-0.107365	-0.114623	0.087270	0.238248	0.210631	0.086068	0.008495	-0.183761	0.692799	-0.770133	1.000000	

Time taken for mcmc chain: 55.216667 minutes
