Number of steps: 8603045
Number of accepted steps: 2000004
Burn-in number of steps: 60000
Accepted fraction of steps: 0.232476
Convergence Status
R[0]= 1.000306	R[1]= 1.000848	R[2]= 1.042305	R[3]= 1.001688	R[4]= 1.020489	R[5]= 1.030708	R[6]= 1.005825	R[7]= 1.018335	R[8]= 1.028509	R[9]= 1.014488	R[10]= 1.001964	R[11]= 1.012445	R[12]= 1.025366	R[13]= 1.004652	R[14]= 1.009378	R[15]= 1.019272	R[16]= 1.005948	
<R>= 1.014266

Mean parameters
A[0]= 0.995794 pm 0.020995
A[1]= 1.017612 pm 0.015414
A[2]= 0.291259 pm 0.170286
A[3]= 4.440674 pm 0.483962
A[4]= 6576.054690 pm 3577.028924
A[5]= -2314.793320 pm 1300.403245
A[6]= 203.602701 pm 152.493631
A[7]= 1454.117541 pm 6997.236987
A[8]= -1575.076722 pm 2505.812516
A[9]= -122.176847 pm 104.753367
A[10]= 4.715638 pm 0.748745
A[11]= 5852.647658 pm 4560.523496
A[12]= -1564.186014 pm 1501.083112
A[13]= 25.063040 pm 227.865197
A[14]= -746.361294 pm 8671.661392
A[15]= -1420.142055 pm 2869.575655
A[16]= -125.784296 pm 140.558355

Best-fitting parameters
A[0]= 0.992429
A[1]= 1.017945
A[2]= 0.367451
A[3]= 4.333010
A[4]= 6929.437000
A[5]= -2707.550000
A[6]= 247.929600
A[7]= 4087.093000
A[8]= -2597.964000
A[9]= -82.455000
A[10]= 4.294857
A[11]= 6673.932000
A[12]= -2167.096000
A[13]= 160.197700
A[14]= 1382.246000
A[15]= -2430.297000
A[16]= -67.618950
chi2_min= 58.217170


Cross-Covariance parameters
1.000000	-0.440345	-0.069328	-0.094203	-0.063523	0.051082	0.055819	0.127195	-0.061517	-0.099277	0.115755	0.003666	0.057775	-0.128008	0.120488	-0.083542	-0.055649	
-0.440345	1.000000	0.057071	-0.010866	0.253197	-0.206900	0.031336	-0.128766	0.063152	0.103630	-0.092821	0.194472	-0.198010	0.098767	-0.118469	0.075743	0.056678	
-0.069328	0.057071	1.000000	-0.242800	0.691748	-0.862389	0.429630	0.687550	-0.829600	0.581239	-0.234716	0.521165	-0.766631	0.357310	0.492858	-0.681778	0.363891	
-0.094203	-0.010866	-0.242800	1.000000	0.071064	0.252328	-0.945757	-0.055863	0.069087	-0.028612	0.051508	-0.136621	0.191148	-0.079304	-0.136296	0.179748	-0.091444	
-0.063523	0.253197	0.691748	0.071064	1.000000	-0.923288	0.229330	0.469502	-0.588474	0.423533	-0.168799	0.406895	-0.568034	0.252507	0.319897	-0.455165	0.256373	
0.051082	-0.206900	-0.862389	0.252328	-0.923288	1.000000	-0.523037	-0.562214	0.695924	-0.490040	0.206344	-0.484912	0.689478	-0.310766	-0.411858	0.577833	-0.317342	
0.055819	0.031336	0.429630	-0.945757	0.229330	-0.523037	1.000000	0.183677	-0.229462	0.136371	-0.096263	0.232282	-0.333377	0.146887	0.224140	-0.303310	0.159113	
0.127195	-0.128766	0.687550	-0.055863	0.469502	-0.562214	0.183677	1.000000	-0.967667	0.893908	-0.137105	0.344650	-0.508057	0.220276	0.374644	-0.497029	0.238165	
-0.061517	0.063152	-0.829600	0.069087	-0.588474	0.695924	-0.229462	-0.967667	1.000000	-0.888389	0.178017	-0.423873	0.623737	-0.279001	-0.431968	0.584062	-0.293185	
-0.099277	0.103630	0.581239	-0.028612	0.423533	-0.490040	0.136371	0.893908	-0.888389	1.000000	-0.141795	0.310670	-0.453613	0.212651	0.270564	-0.383373	0.210524	
0.115755	-0.092821	-0.234716	0.051508	-0.168799	0.206344	-0.096263	-0.137105	0.178017	-0.141795	1.000000	0.206957	0.214245	-0.957416	0.002745	-0.003834	-0.008653	
0.003666	0.194472	0.521165	-0.136621	0.406895	-0.484912	0.232282	0.344650	-0.423873	0.310670	0.206957	1.000000	-0.881341	0.053793	0.231120	-0.361175	0.158152	
0.057775	-0.198010	-0.766631	0.191148	-0.568034	0.689478	-0.333377	-0.508057	0.623737	-0.453613	0.214245	-0.881341	1.000000	-0.455723	-0.320280	0.477635	-0.228323	
-0.128008	0.098767	0.357310	-0.079304	0.252507	-0.310766	0.146887	0.220276	-0.279001	0.212651	-0.957416	0.053793	-0.455723	1.000000	0.045629	-0.074647	0.034184	
0.120488	-0.118469	0.492858	-0.136296	0.319897	-0.411858	0.224140	0.374644	-0.431968	0.270564	0.002745	0.231120	-0.320280	0.045629	1.000000	-0.957897	0.881938	
-0.083542	0.075743	-0.681778	0.179748	-0.455165	0.577833	-0.303310	-0.497029	0.584062	-0.383373	-0.003834	-0.361175	0.477635	-0.074647	-0.957897	1.000000	-0.875853	
-0.055649	0.056678	0.363891	-0.091444	0.256373	-0.317342	0.159113	0.238165	-0.293185	0.210524	-0.008653	0.158152	-0.228323	0.034184	0.881938	-0.875853	1.000000	

Time taken for mcmc chain: 2.317222 hours
