Number of steps: 9765609
Number of accepted steps: 2000004
Burn-in number of steps: 60000
Accepted fraction of steps: 0.204801
Convergence Status
R[0]= 1.000722	R[1]= 1.000680	R[2]= 1.013148	R[3]= 1.001347	R[4]= 1.004914	R[5]= 1.007334	R[6]= 1.001852	R[7]= 1.004905	R[8]= 1.007931	R[9]= 1.004041	R[10]= 1.000159	R[11]= 1.003122	R[12]= 1.005962	R[13]= 1.000547	R[14]= 1.002858	R[15]= 1.005627	R[16]= 1.001977	
<R>= 1.003949

Mean parameters
A[0]= 0.970795 pm 0.027170
A[1]= 1.019543 pm 0.016537
A[2]= 0.218432 pm 0.153667
A[3]= 3.985776 pm 0.491793
A[4]= 2178.383785 pm 3257.746859
A[5]= -1200.665297 pm 1129.647349
A[6]= 271.178107 pm 151.757929
A[7]= -5990.300031 pm 6289.704995
A[8]= 1003.821289 pm 2123.210032
A[9]= -229.978777 pm 96.712921
A[10]= 4.034318 pm 0.755433
A[11]= 5533.334416 pm 4235.203891
A[12]= -1873.764113 pm 1312.211653
A[13]= 264.285444 pm 226.682710
A[14]= -5084.967842 pm 7939.797276
A[15]= 162.342712 pm 2469.450059
A[16]= -148.594741 pm 134.048387

Best-fitting parameters
A[0]= 0.977426
A[1]= 1.024405
A[2]= 0.124610
A[3]= 4.198469
A[4]= 692.505700
A[5]= -491.286200
A[6]= 185.381900
A[7]= -7794.309000
A[8]= 1822.700000
A[9]= -242.987000
A[10]= 4.300575
A[11]= 5709.716000
A[12]= -1509.829000
A[13]= 181.797300
A[14]= -6627.300000
A[15]= 844.964400
A[16]= -146.290100
chi2_min= 45.539980


Cross-Covariance parameters
1.000000	-0.424907	-0.172750	-0.051413	-0.098173	0.112593	-0.006506	0.069546	0.001513	-0.188567	0.025953	-0.060969	0.106788	-0.061580	0.035087	0.010384	-0.143922	
-0.424907	1.000000	0.079510	-0.051738	0.245920	-0.225316	0.070495	-0.130513	0.067808	0.121951	-0.005898	0.216943	-0.200231	0.020454	-0.097256	0.056655	0.079903	
-0.172750	0.079510	1.000000	-0.195205	0.635305	-0.811270	0.352063	0.620284	-0.771893	0.492935	-0.203711	0.434761	-0.679738	0.299084	0.419443	-0.592249	0.277832	
-0.051413	-0.051738	-0.195205	1.000000	0.094839	0.266004	-0.952418	-0.035297	0.041278	0.008376	0.039355	-0.100149	0.145286	-0.056523	-0.085777	0.118542	-0.047038	
-0.098173	0.245920	0.635305	0.094839	1.000000	-0.909744	0.182674	0.378970	-0.494861	0.324095	-0.127859	0.323784	-0.470254	0.188253	0.245756	-0.359947	0.176286	
0.112593	-0.225316	-0.811270	0.266004	-0.909744	1.000000	-0.515660	-0.467950	0.599791	-0.378655	0.164142	-0.392053	0.583453	-0.240887	-0.325489	0.468810	-0.224178	
-0.006506	0.070495	0.352063	-0.952418	0.182674	-0.515660	1.000000	0.126423	-0.161282	0.066643	-0.071163	0.165822	-0.250125	0.103895	0.148479	-0.208701	0.092960	
0.069546	-0.130513	0.620284	-0.035297	0.378970	-0.467950	0.126423	1.000000	-0.968192	0.868231	-0.129263	0.252903	-0.408760	0.186365	0.291104	-0.392186	0.150752	
0.001513	0.067808	-0.771893	0.041278	-0.494861	0.599791	-0.161282	-0.968192	1.000000	-0.870397	0.158876	-0.323714	0.515339	-0.230837	-0.345550	0.474822	-0.198321	
-0.188567	0.121951	0.492935	0.008376	0.324095	-0.378655	0.066643	0.868231	-0.870397	1.000000	-0.098331	0.224732	-0.343481	0.148352	0.188301	-0.276401	0.144605	
0.025953	-0.005898	-0.203711	0.039355	-0.127859	0.164142	-0.071163	-0.129263	0.158876	-0.098331	1.000000	0.235364	0.229276	-0.960899	-0.034837	0.017173	0.014113	
-0.060969	0.216943	0.434761	-0.100149	0.323784	-0.392053	0.165822	0.252903	-0.323714	0.224732	0.235364	1.000000	-0.864020	0.011420	0.128387	-0.233222	0.076707	
0.106788	-0.200231	-0.679738	0.145286	-0.470254	0.583453	-0.250125	-0.408760	0.515339	-0.343481	0.229276	-0.864020	1.000000	-0.460615	-0.220249	0.344127	-0.122218	
-0.061580	0.020454	0.299084	-0.056523	0.188253	-0.240887	0.103895	0.186365	-0.230837	0.148352	-0.960899	0.011420	-0.460615	1.000000	0.056076	-0.060314	-0.007624	
0.035087	-0.097256	0.419443	-0.085777	0.245756	-0.325489	0.148479	0.291104	-0.345550	0.188301	-0.034837	0.128387	-0.220249	0.056076	1.000000	-0.963315	0.865592	
0.010384	0.056655	-0.592249	0.118542	-0.359947	0.468810	-0.208701	-0.392186	0.474822	-0.276401	0.017173	-0.233222	0.344127	-0.060314	-0.963315	1.000000	-0.879927	
-0.143922	0.079903	0.277832	-0.047038	0.176286	-0.224178	0.092960	0.150752	-0.198321	0.144605	0.014113	0.076707	-0.122218	-0.007624	0.865592	-0.879927	1.000000	

Time taken for mcmc chain: 2.468889 hours
