Number of steps: 6144479
Number of accepted steps: 1261000
Burn-in number of steps: 60000
Accepted fraction of steps: 0.205225
Convergence Status
R[0]= 1.000723	R[1]= 1.000093	R[2]= 1.006039	R[3]= 1.001251	R[4]= 1.002738	R[5]= 1.004943	R[6]= 1.002049	R[7]= 1.002153	R[8]= 1.003714	R[9]= 1.001750	R[10]= 1.002338	R[11]= 1.001053	R[12]= 1.002138	R[13]= 1.002359	R[14]= 1.001194	R[15]= 1.002744	R[16]= 1.001027	
<R>= 1.002253

Mean parameters
A[0]= 0.977507 pm 0.024044
A[1]= 1.007401 pm 0.017405
A[2]= 0.199481 pm 0.142859
A[3]= 3.981235 pm 0.497661
A[4]= -1050.559819 pm 3100.432569
A[5]= -207.355798 pm 1068.016943
A[6]= 221.271090 pm 153.183129
A[7]= 2168.445541 pm 6209.409716
A[8]= -1355.994683 pm 2041.903029
A[9]= -69.874303 pm 95.631413
A[10]= 4.060932 pm 0.761140
A[11]= -545.265126 pm 4225.016572
A[12]= -205.211753 pm 1288.008861
A[13]= 162.070261 pm 227.411891
A[14]= 8273.847232 pm 7130.558846
A[15]= -2773.372046 pm 2196.491161
A[16]= -16.824893 pm 123.089923

Best-fitting parameters
A[0]= 0.979329
A[1]= 0.998033
A[2]= 0.192309
A[3]= 4.035439
A[4]= -2000.816000
A[5]= 100.609100
A[6]= 194.828600
A[7]= 691.055100
A[8]= -775.010400
A[9]= -122.147300
A[10]= 3.773786
A[11]= -1401.543000
A[12]= -177.051300
A[13]= 245.462100
A[14]= 7452.075000
A[15]= -2362.411000
A[16]= -51.457300
chi2_min= 55.912680


Cross-Covariance parameters
1.000000	-0.421585	-0.073469	0.014038	-0.036097	0.056102	-0.045755	0.131577	-0.079057	-0.133293	-0.057240	-0.048447	0.039548	0.031735	0.075611	-0.041109	-0.122448	
-0.421585	1.000000	0.034938	-0.114505	0.226755	-0.219067	0.116131	-0.155945	0.105337	0.105985	0.057197	0.226999	-0.176374	-0.045864	-0.102481	0.066975	0.094461	
-0.073469	0.034938	1.000000	-0.211866	0.604740	-0.783963	0.345753	0.590476	-0.742273	0.445724	-0.135536	0.441858	-0.652891	0.229863	0.344100	-0.544929	0.178055	
0.014038	-0.114505	-0.211866	1.000000	0.065429	0.313637	-0.957087	-0.020426	0.035550	-0.021138	0.034592	-0.119460	0.162148	-0.054486	-0.055635	0.102197	-0.037368	
-0.036097	0.226755	0.604740	0.065429	1.000000	-0.902556	0.194183	0.337626	-0.447281	0.275328	-0.069296	0.319017	-0.432947	0.126414	0.195418	-0.319770	0.117569	
0.056102	-0.219067	-0.783963	0.313637	-0.902556	1.000000	-0.543020	-0.415888	0.543711	-0.330523	0.098808	-0.393481	0.548136	-0.172799	-0.254807	0.415749	-0.148007	
-0.045755	0.116131	0.345753	-0.957087	0.194183	-0.543020	1.000000	0.094929	-0.134154	0.074600	-0.051076	0.175197	-0.246200	0.083955	0.101978	-0.174984	0.063104	
0.131577	-0.155945	0.590476	-0.020426	0.337626	-0.415888	0.094929	1.000000	-0.969825	0.864281	-0.092524	0.233794	-0.367473	0.145443	0.237094	-0.348895	0.086773	
-0.079057	0.105337	-0.742273	0.035550	-0.447281	0.543711	-0.134154	-0.969825	1.000000	-0.865289	0.109744	-0.307596	0.471091	-0.177659	-0.280914	0.424984	-0.118336	
-0.133293	0.105985	0.445724	-0.021138	0.275328	-0.330523	0.074600	0.864281	-0.865289	1.000000	-0.048001	0.209571	-0.297816	0.092329	0.144567	-0.236861	0.098142	
-0.057240	0.057197	-0.135536	0.034592	-0.069296	0.098808	-0.051076	-0.092524	0.109744	-0.048001	1.000000	0.238787	0.222113	-0.961263	-0.012022	-0.016875	0.026199	
-0.048447	0.226999	0.441858	-0.119460	0.319017	-0.393481	0.175197	0.233794	-0.307596	0.209571	0.238787	1.000000	-0.867380	0.006797	0.087500	-0.205064	0.030499	
0.039548	-0.176374	-0.652891	0.162148	-0.432947	0.548136	-0.246200	-0.367473	0.471091	-0.297816	0.222113	-0.867380	1.000000	-0.453691	-0.156122	0.291070	-0.052830	
0.031735	-0.045864	0.229863	-0.054486	0.126414	-0.172799	0.083955	0.145443	-0.177659	0.092329	-0.961263	0.006797	-0.453691	1.000000	0.025153	-0.020112	-0.030520	
0.075611	-0.102481	0.344100	-0.055635	0.195418	-0.254807	0.101978	0.237094	-0.280914	0.144567	-0.012022	0.087500	-0.156122	0.025153	1.000000	-0.954738	0.840645	
-0.041109	0.066975	-0.544929	0.102197	-0.319770	0.415749	-0.174984	-0.348895	0.424984	-0.236861	-0.016875	-0.205064	0.291070	-0.020112	-0.954738	1.000000	-0.854829	
-0.122448	0.094461	0.178055	-0.037368	0.117569	-0.148007	0.063104	0.086773	-0.118336	0.098142	0.026199	0.030499	-0.052830	-0.030520	0.840645	-0.854829	1.000000	

Time taken for mcmc chain: 1.116389 hours
