Number of steps: 1836631
Number of accepted steps: 512000
Burn-in number of steps: 60000
Accepted fraction of steps: 0.278771
Convergence Status
R[0]= 1.000680	R[1]= 1.002938	R[2]= 1.000927	R[3]= 1.000651	R[4]= 1.000555	R[5]= 1.000366	R[6]= 1.000521	R[7]= 1.001454	R[8]= 1.001596	R[9]= 1.001747	R[10]= 1.001414	R[11]= 1.000142	R[12]= 1.000714	R[13]= 1.001409	R[14]= 1.000311	R[15]= 1.000263	R[16]= 1.000174	
<R>= 1.000933

Mean parameters
A[0]= 1.058951 pm 0.055568
A[1]= 1.026398 pm 0.030253
A[2]= 0.182065 pm 0.127527
A[3]= 5.859411 pm 0.985004
A[4]= 9812.927213 pm 4686.959778
A[5]= -2858.291024 pm 1479.772601
A[6]= -49.617831 pm 294.724792
A[7]= 11470.881964 pm 6329.997982
A[8]= -4456.618851 pm 2129.525068
A[9]= 81.796040 pm 127.545417
A[10]= 5.902793 pm 1.626918
A[11]= 5694.655976 pm 6145.800336
A[12]= -1756.880878 pm 1947.157221
A[13]= -129.158497 pm 491.310790
A[14]= 10708.093341 pm 7269.042017
A[15]= -4721.417389 pm 2340.524604
A[16]= 103.661066 pm 162.559346

Best-fitting parameters
A[0]= 1.065285
A[1]= 1.022351
A[2]= 0.364737
A[3]= 6.132739
A[4]= 14177.180000
A[5]= -4469.376000
A[6]= -67.056720
A[7]= 16916.360000
A[8]= -6994.482000
A[9]= 85.609890
A[10]= 5.818822
A[11]= 8067.629000
A[12]= -3037.038000
A[13]= -79.110490
A[14]= 19808.530000
A[15]= -8616.235000
A[16]= 264.084400
chi2_min= 64.519890


Cross-Covariance parameters
1.000000	-0.406254	0.008991	-0.202920	-0.015006	-0.076463	0.162374	0.218282	-0.168022	-0.403717	0.065583	0.065862	-0.016314	-0.083630	0.136413	-0.141464	-0.343684	
-0.406254	1.000000	0.081384	-0.045252	0.273568	-0.275930	0.029322	-0.175430	0.095354	0.359308	-0.252066	0.140212	-0.277939	0.238500	-0.112394	0.088823	0.309018	
0.008991	0.081384	1.000000	-0.119402	0.461534	-0.687250	0.206267	0.333281	-0.619860	0.181086	-0.197488	0.308743	-0.553138	0.246931	0.210988	-0.471518	0.096717	
-0.202920	-0.045252	-0.119402	1.000000	0.286875	0.244397	-0.971950	0.006140	-0.037612	0.012701	0.059125	-0.069384	0.111842	-0.060474	-0.022035	0.054032	0.041150	
-0.015006	0.273568	0.461534	0.286875	1.000000	-0.832117	-0.102107	0.115477	-0.292552	0.091641	-0.127636	0.190936	-0.318008	0.143168	0.087132	-0.211064	0.095773	
-0.076463	-0.275930	-0.687250	0.244397	-0.832117	1.000000	-0.418435	-0.176243	0.382686	-0.118810	0.182549	-0.268977	0.454795	-0.208411	-0.134037	0.317098	-0.087791	
0.162374	0.029322	0.206267	-0.971950	-0.102107	-0.418435	1.000000	0.011982	-0.009263	-0.000049	-0.066404	0.088009	-0.147589	0.074136	0.038675	-0.093739	-0.026732	
0.218282	-0.175430	0.333281	0.006140	0.115477	-0.176243	0.011982	1.000000	-0.920436	0.597427	-0.008362	0.100513	-0.148151	0.023102	0.110934	-0.194755	-0.079772	
-0.168022	0.095354	-0.619860	-0.037612	-0.292552	0.382686	-0.009263	-0.920436	1.000000	-0.629731	0.078826	-0.190493	0.316374	-0.107377	-0.161765	0.321431	0.024326	
-0.403717	0.359308	0.181086	0.012701	0.091641	-0.118810	-0.000049	0.597427	-0.629731	1.000000	-0.106028	0.055336	-0.140462	0.115586	-0.038944	-0.005300	0.178447	
0.065583	-0.252066	-0.197488	0.059125	-0.127636	0.182549	-0.066404	-0.008362	0.078826	-0.106028	1.000000	0.253286	0.391632	-0.980108	0.013357	-0.063058	-0.176344	
0.065862	0.140212	0.308743	-0.069384	0.190936	-0.268977	0.088009	0.100513	-0.190493	0.055336	0.253286	1.000000	-0.768113	-0.088296	0.084393	-0.219409	0.022736	
-0.016314	-0.277939	-0.553138	0.111842	-0.318008	0.454795	-0.147589	-0.148151	0.316374	-0.140462	0.391632	-0.768113	1.000000	-0.539716	-0.104850	0.240664	-0.136312	
-0.083630	0.238500	0.246931	-0.060474	0.143168	-0.208411	0.074136	0.023102	-0.107377	0.115586	-0.980108	-0.088296	-0.539716	1.000000	-0.003640	0.036092	0.178225	
0.136413	-0.112394	0.210988	-0.022035	0.087132	-0.134037	0.038675	0.110934	-0.161765	-0.038944	0.013357	0.084393	-0.104850	-0.003640	1.000000	-0.914626	0.635290	
-0.141464	0.088823	-0.471518	0.054032	-0.211064	0.317098	-0.093739	-0.194755	0.321431	-0.005300	-0.063058	-0.219409	0.240664	0.036092	-0.914626	1.000000	-0.676321	
-0.343684	0.309018	0.096717	0.041150	0.095773	-0.087791	-0.026732	-0.079772	0.024326	0.178447	-0.176344	0.022736	-0.136312	0.178225	0.635290	-0.676321	1.000000	

Time taken for mcmc chain: 13.316667 minutes
