Number of steps: 3744132
Number of accepted steps: 793173
Burn-in number of steps: 60000
Accepted fraction of steps: 0.211844
Convergence Status
R[0]= 1.000484	R[1]= 1.001279	R[2]= 1.003029	R[3]= 1.000588	R[4]= 1.001015	R[5]= 1.001531	R[6]= 1.000654	R[7]= 1.000862	R[8]= 1.001742	R[9]= 1.000370	R[10]= 1.001729	R[11]= 1.000731	R[12]= 1.000273	R[13]= 1.001564	R[14]= 1.000932	R[15]= 1.001861	R[16]= 1.000494	
<R>= 1.001126

Mean parameters
A[0]= 0.996955 pm 0.078758
A[1]= 1.021588 pm 0.039402
A[2]= 0.387150 pm 0.200210
A[3]= 4.702172 pm 1.049586
A[4]= 4981.804713 pm 5678.094193
A[5]= -2941.375357 pm 1805.508593
A[6]= 289.456769 pm 299.305624
A[7]= 3693.599625 pm 9236.733177
A[8]= -2880.993858 pm 3294.099134
A[9]= -50.540517 pm 156.703435
A[10]= 5.240485 pm 1.564292
A[11]= 8869.596174 pm 6399.907451
A[12]= -3434.756534 pm 2047.050802
A[13]= 182.758776 pm 464.795187
A[14]= -3352.891740 pm 10028.713019
A[15]= -626.264258 pm 3516.998170
A[16]= -306.896521 pm 190.592727

Best-fitting parameters
A[0]= 0.967200
A[1]= 1.056930
A[2]= 0.366559
A[3]= 4.125560
A[4]= 3790.315000
A[5]= -2922.964000
A[6]= 432.121700
A[7]= 3969.676000
A[8]= -2602.148000
A[9]= 12.420370
A[10]= 5.732619
A[11]= 12374.940000
A[12]= -4034.885000
A[13]= 56.313840
A[14]= -3286.711000
A[15]= -860.055300
A[16]= -213.040800
chi2_min= 40.151860


Cross-Covariance parameters
1.000000	-0.427583	-0.018715	-0.135679	-0.086879	0.030509	0.073051	0.137559	-0.127335	-0.320252	-0.050887	-0.031734	0.003767	0.015320	0.096404	-0.110985	-0.311740	
-0.427583	1.000000	0.030913	-0.150308	0.194866	-0.239193	0.145200	-0.190801	0.147549	0.251887	0.006193	0.213850	-0.192434	-0.019721	-0.115705	0.081326	0.264044	
-0.018715	0.030913	1.000000	-0.086955	0.577453	-0.784225	0.224787	0.553890	-0.725394	0.404529	-0.131088	0.439603	-0.683076	0.203934	0.422600	-0.624225	0.255659	
-0.135679	-0.150308	-0.086955	1.000000	0.364174	0.061879	-0.964818	0.151044	-0.194696	0.119788	0.049749	-0.065848	0.101757	-0.041630	-0.028107	0.050294	-0.011604	
-0.086879	0.194866	0.577453	0.364174	1.000000	-0.885094	-0.146604	0.361775	-0.507937	0.317438	-0.066576	0.308440	-0.438119	0.106917	0.224590	-0.345319	0.182228	
0.030509	-0.239193	-0.784225	0.061879	-0.885094	1.000000	-0.278276	-0.404513	0.562100	-0.340196	0.109161	-0.403281	0.590523	-0.159192	-0.310670	0.474937	-0.228297	
0.073051	0.145200	0.224787	-0.964818	-0.146604	-0.278276	1.000000	-0.077710	0.093742	-0.054009	-0.067268	0.120742	-0.190351	0.072825	0.082853	-0.129798	0.058155	
0.137559	-0.190801	0.553890	0.151044	0.361775	-0.404513	-0.077710	1.000000	-0.954956	0.751601	-0.059471	0.228256	-0.358308	0.101582	0.275174	-0.381770	0.071200	
-0.127335	0.147549	-0.725394	-0.194696	-0.507937	0.562100	0.093742	-0.954956	1.000000	-0.746823	0.082852	-0.307123	0.479692	-0.136259	-0.341416	0.486639	-0.127107	
-0.320252	0.251887	0.404529	0.119788	0.317438	-0.340196	-0.054009	0.751601	-0.746823	1.000000	-0.020012	0.222202	-0.298987	0.058378	0.136077	-0.219525	0.227656	
-0.050887	0.006193	-0.131088	0.049749	-0.066576	0.109161	-0.067268	-0.059471	0.082852	-0.020012	1.000000	0.310033	0.224019	-0.977270	0.104147	-0.190677	0.056779	
-0.031734	0.213850	0.439603	-0.065848	0.308440	-0.403281	0.120742	0.228256	-0.307123	0.222202	0.310033	1.000000	-0.825902	-0.139192	0.249258	-0.393555	0.199628	
0.003767	-0.192434	-0.683076	0.101757	-0.438119	0.590523	-0.190351	-0.358308	0.479692	-0.298987	0.224019	-0.825902	1.000000	-0.385973	-0.279321	0.417896	-0.210472	
0.015320	-0.019721	0.203934	-0.041630	0.106917	-0.159192	0.072825	0.101582	-0.136259	0.058378	-0.977270	-0.139192	-0.385973	1.000000	-0.069253	0.138825	-0.031341	
0.096404	-0.115705	0.422600	-0.028107	0.224590	-0.310670	0.082853	0.275174	-0.341416	0.136077	0.104147	0.249258	-0.279321	-0.069253	1.000000	-0.935876	0.734512	
-0.110985	0.081326	-0.624225	0.050294	-0.345319	0.474937	-0.129798	-0.381770	0.486639	-0.219525	-0.190677	-0.393555	0.417896	0.138825	-0.935876	1.000000	-0.725092	
-0.311740	0.264044	0.255659	-0.011604	0.182228	-0.228297	0.058155	0.071200	-0.127107	0.227656	0.056779	0.199628	-0.210472	-0.031341	0.734512	-0.725092	1.000000	

Time taken for mcmc chain: 30.766667 minutes
