Number of steps: 9883332
Number of accepted steps: 2000004
Burn-in number of steps: 60000
Accepted fraction of steps: 0.202361
Convergence Status
R[0]= 1.000339	R[1]= 1.001152	R[2]= 1.018392	R[3]= 1.000354	R[4]= 1.009134	R[5]= 1.012297	R[6]= 1.001146	R[7]= 1.007534	R[8]= 1.012217	R[9]= 1.006815	R[10]= 1.001960	R[11]= 1.002993	R[12]= 1.008080	R[13]= 1.002800	R[14]= 1.000638	R[15]= 1.003331	R[16]= 1.000106	
<R>= 1.005252

Mean parameters
A[0]= 1.000605 pm 0.023945
A[1]= 0.990593 pm 0.019216
A[2]= 0.192429 pm 0.140145
A[3]= 4.504589 pm 0.492137
A[4]= 5292.470624 pm 3233.705885
A[5]= -1690.664908 pm 1130.664383
A[6]= 186.210245 pm 152.307015
A[7]= 2367.768176 pm 6440.070352
A[8]= -1450.543677 pm 2172.285913
A[9]= -107.719246 pm 97.951498
A[10]= 3.570155 pm 0.769385
A[11]= 884.260847 pm 3972.098207
A[12]= -1001.759488 pm 1207.280389
A[13]= 355.083192 pm 229.386466
A[14]= 12312.340009 pm 5576.733639
A[15]= -3560.368238 pm 1713.640971
A[16]= -29.301077 pm 105.381513

Best-fitting parameters
A[0]= 0.994808
A[1]= 0.998327
A[2]= 0.209231
A[3]= 4.566220
A[4]= 5631.577000
A[5]= -1754.092000
A[6]= 165.258200
A[7]= 2272.266000
A[8]= -1374.248000
A[9]= -118.404200
A[10]= 3.855121
A[11]= 2573.931000
A[12]= -1247.031000
A[13]= 281.580700
A[14]= 17072.400000
A[15]= -4947.264000
A[16]= 44.049820
chi2_min= 59.234700


Cross-Covariance parameters
1.000000	-0.423892	-0.063444	0.016162	-0.016129	0.041057	-0.037688	0.182103	-0.115653	-0.114917	-0.064312	-0.035865	0.019786	0.048779	0.072874	-0.031658	-0.151880	
-0.423892	1.000000	0.018334	-0.094276	0.250107	-0.224684	0.085306	-0.170170	0.114552	0.135178	-0.043329	0.181653	-0.173472	0.039402	-0.084720	0.057926	0.141295	
-0.063444	0.018334	1.000000	-0.193793	0.629746	-0.797027	0.342955	0.614833	-0.770928	0.492976	-0.205671	0.360918	-0.591568	0.278854	0.234816	-0.469281	0.088211	
0.016162	-0.094276	-0.193793	1.000000	0.042772	0.310265	-0.954464	0.010395	0.013601	-0.033526	0.047479	-0.083082	0.128666	-0.059682	-0.044979	0.092050	-0.031950	
-0.016129	0.250107	0.629746	0.042772	1.000000	-0.911519	0.220411	0.368717	-0.484195	0.324132	-0.152170	0.279333	-0.425396	0.195216	0.134650	-0.284665	0.073227	
0.041057	-0.224684	-0.797027	0.310265	-0.911519	1.000000	-0.544275	-0.437375	0.573748	-0.384802	0.183882	-0.330486	0.515485	-0.239337	-0.176079	0.365379	-0.089103	
-0.037688	0.085306	0.342955	-0.954464	0.220411	-0.544275	1.000000	0.078843	-0.129510	0.097225	-0.076951	0.133543	-0.213770	0.100466	0.079095	-0.161140	0.044081	
0.182103	-0.170170	0.614833	0.010395	0.368717	-0.437375	0.078843	1.000000	-0.967857	0.856107	-0.137780	0.206228	-0.355034	0.182436	0.170697	-0.307899	0.013805	
-0.115653	0.114552	-0.770928	0.013601	-0.484195	0.573748	-0.129510	-0.967857	1.000000	-0.859925	0.168408	-0.267325	0.450770	-0.224448	-0.198985	0.374876	-0.038196	
-0.114917	0.135178	0.492976	-0.033526	0.324132	-0.384802	0.097225	0.856107	-0.859925	1.000000	-0.104929	0.201201	-0.312956	0.141701	0.100122	-0.220190	0.063457	
-0.064312	-0.043329	-0.205671	0.047479	-0.152170	0.183882	-0.076951	-0.137780	0.168408	-0.104929	1.000000	0.197342	0.296266	-0.964186	0.005876	-0.023584	-0.021292	
-0.035865	0.181653	0.360918	-0.083082	0.279333	-0.330486	0.133543	0.206228	-0.267325	0.201201	0.197342	1.000000	-0.852620	0.037852	0.042659	-0.154537	-0.017338	
0.019786	-0.173472	-0.591568	0.128666	-0.425396	0.515485	-0.213770	-0.355034	0.450770	-0.312956	0.296266	-0.852620	1.000000	-0.513575	-0.080286	0.215866	-0.008017	
0.048779	0.039402	0.278854	-0.059682	0.195216	-0.239337	0.100466	0.182436	-0.224448	0.141701	-0.964186	0.037852	-0.513575	1.000000	-0.000767	-0.002622	0.006668	
0.072874	-0.084720	0.234816	-0.044979	0.134650	-0.176079	0.079095	0.170697	-0.198985	0.100122	0.005876	0.042659	-0.080286	-0.000767	1.000000	-0.936633	0.784845	
-0.031658	0.057926	-0.469281	0.092050	-0.284665	0.365379	-0.161140	-0.307899	0.374876	-0.220190	-0.023584	-0.154537	0.215866	-0.002622	-0.936633	1.000000	-0.823841	
-0.151880	0.141295	0.088211	-0.031950	0.073227	-0.089103	0.044081	0.013805	-0.038196	0.063457	-0.021292	-0.017338	-0.008017	0.006668	0.784845	-0.823841	1.000000	

Time taken for mcmc chain: 2.373056 hours
