Number of steps: 2967017
Number of accepted steps: 794745
Burn-in number of steps: 60000
Accepted fraction of steps: 0.267860
Convergence Status
R[0]= 1.001764	R[1]= 1.001954	R[2]= 1.003303	R[3]= 1.001555	R[4]= 1.000173	R[5]= 1.001086	R[6]= 1.001915	R[7]= 1.001143	R[8]= 1.001253	R[9]= 1.000334	R[10]= 1.002448	R[11]= 1.000250	R[12]= 1.001451	R[13]= 1.002597	R[14]= 1.000389	R[15]= 1.001064	R[16]= 1.000602	
<R>= 1.001369

Mean parameters
A[0]= 1.050368 pm 0.049351
A[1]= 0.992216 pm 0.034122
A[2]= 0.339802 pm 0.191697
A[3]= 5.238734 pm 1.010467
A[4]= 7664.648491 pm 5531.499024
A[5]= -2971.759657 pm 1780.904298
A[6]= 134.263525 pm 293.216751
A[7]= 4960.434761 pm 8842.229083
A[8]= -3436.899289 pm 3251.899515
A[9]= -98.257872 pm 150.105332
A[10]= 5.405195 pm 1.668009
A[11]= 11038.901322 pm 5427.578278
A[12]= -3235.978129 pm 1993.613430
A[13]= 55.469222 pm 501.779940
A[14]= 11587.120963 pm 6903.835395
A[15]= -5558.326301 pm 2465.749519
A[16]= 85.342571 pm 155.191948

Best-fitting parameters
A[0]= 1.055401
A[1]= 0.991591
A[2]= 0.495295
A[3]= 5.701452
A[4]= 12017.740000
A[5]= -4217.371000
A[6]= 30.100080
A[7]= 13424.840000
A[8]= -6754.004000
A[9]= -8.602064
A[10]= 5.855715
A[11]= 16168.170000
A[12]= -4799.210000
A[13]= -20.505070
A[14]= 18296.300000
A[15]= -8358.391000
A[16]= 112.746000
chi2_min= 50.203670


Cross-Covariance parameters
1.000000	-0.420654	0.016242	-0.063259	-0.038005	0.010537	0.041964	0.140180	-0.112926	-0.226578	-0.024264	-0.003937	-0.014332	0.016776	0.104056	-0.107309	-0.290969	
-0.420654	1.000000	0.068842	-0.051730	0.261934	-0.267828	0.032913	-0.121106	0.053702	0.259845	-0.171472	0.145505	-0.216247	0.138132	-0.106487	0.071951	0.325704	
0.016242	0.068842	1.000000	-0.001416	0.619426	-0.796841	0.141139	0.540118	-0.746884	0.419573	-0.353814	0.338348	-0.667426	0.395455	0.250466	-0.556768	0.155483	
-0.063259	-0.051730	-0.001416	1.000000	0.359276	0.054421	-0.965856	0.213338	-0.252713	0.067854	0.051500	0.026887	0.002396	-0.043474	0.017877	-0.023383	-0.013177	
-0.038005	0.261934	0.619426	0.359276	1.000000	-0.887932	-0.143514	0.366522	-0.530650	0.302930	-0.245579	0.259211	-0.468518	0.263783	0.137378	-0.333291	0.147369	
0.010537	-0.267828	-0.796841	0.054421	-0.887932	1.000000	-0.269131	-0.382318	0.566513	-0.350524	0.325005	-0.301670	0.580157	-0.348610	-0.175361	0.422539	-0.174200	
0.041964	0.032913	0.141139	-0.965856	-0.143514	-0.269131	1.000000	-0.137036	0.144970	-0.018576	-0.093777	0.016402	-0.089226	0.093859	0.018697	-0.055465	0.032171	
0.140180	-0.121106	0.540118	0.213338	0.366522	-0.382318	-0.137036	1.000000	-0.944896	0.792865	-0.165105	0.181675	-0.348087	0.191658	0.171792	-0.335000	0.009615	
-0.112926	0.053702	-0.746884	-0.252713	-0.530650	0.566513	0.144970	-0.944896	1.000000	-0.784177	0.244977	-0.254744	0.492109	-0.278524	-0.210881	0.440422	-0.061973	
-0.226578	0.259845	0.419573	0.067854	0.302930	-0.350524	-0.018576	0.792865	-0.784177	1.000000	-0.166828	0.164158	-0.307672	0.178665	0.074908	-0.206257	0.161629	
-0.024264	-0.171472	-0.353814	0.051500	-0.245579	0.325005	-0.093777	-0.165105	0.244977	-0.166828	1.000000	0.137419	0.502107	-0.983530	0.017474	-0.061042	-0.209076	
-0.003937	0.145505	0.338348	0.026887	0.259211	-0.301670	0.016402	0.181675	-0.254744	0.164158	0.137419	1.000000	-0.754258	0.008980	0.125903	-0.297140	0.061978	
-0.014332	-0.216247	-0.667426	0.002396	-0.468518	0.580157	-0.089226	-0.348087	0.492109	-0.307672	0.502107	-0.754258	1.000000	-0.620131	-0.148255	0.330748	-0.190251	
0.016776	0.138132	0.395455	-0.043474	0.263783	-0.348610	0.093859	0.191658	-0.278524	0.178665	-0.983530	0.008980	-0.620131	1.000000	-0.001579	0.027556	0.201975	
0.104056	-0.106487	0.250466	0.017877	0.137378	-0.175361	0.018697	0.171792	-0.210881	0.074908	0.017474	0.125903	-0.148255	-0.001579	1.000000	-0.878651	0.629798	
-0.107309	0.071951	-0.556768	-0.023383	-0.333291	0.422539	-0.055465	-0.335000	0.440422	-0.206257	-0.061042	-0.297140	0.330748	0.027556	-0.878651	1.000000	-0.629026	
-0.290969	0.325704	0.155483	-0.013177	0.147369	-0.174200	0.032171	0.009615	-0.061973	0.161629	-0.209076	0.061978	-0.190251	0.201975	0.629798	-0.629026	1.000000	

Time taken for mcmc chain: 27.033333 minutes
