Number of steps: 3488085
Number of accepted steps: 742147
Burn-in number of steps: 60000
Accepted fraction of steps: 0.212766
Convergence Status
R[0]= 1.000540	R[1]= 1.000555	R[2]= 1.001744	R[3]= 1.002953	R[4]= 1.003642	R[5]= 1.001384	R[6]= 1.002034	R[7]= 1.001259	R[8]= 1.002243	R[9]= 1.000208	R[10]= 1.001484	R[11]= 1.003068	R[12]= 1.002549	R[13]= 1.001487	R[14]= 1.000811	R[15]= 1.001084	R[16]= 1.000563	
<R>= 1.001624

Mean parameters
A[0]= 1.013637 pm 0.047237
A[1]= 1.004845 pm 0.029313
A[2]= 0.327976 pm 0.168735
A[3]= 5.750112 pm 1.034802
A[4]= 689.852968 pm 5642.542292
A[5]= -717.242777 pm 1885.451914
A[6]= -133.758480 pm 306.996861
A[7]= 14747.838695 pm 4665.090302
A[8]= -5802.148272 pm 1925.968012
A[9]= 76.061975 pm 109.991910
A[10]= 6.465640 pm 1.638057
A[11]= 7926.002648 pm 6573.559659
A[12]= -2387.366160 pm 2159.929391
A[13]= -215.894250 pm 482.417140
A[14]= 22.272944 pm 10189.500064
A[15]= -1831.358727 pm 3547.978907
A[16]= -227.555249 pm 185.534505

Best-fitting parameters
A[0]= 1.006881
A[1]= 1.003077
A[2]= 0.428233
A[3]= 6.143693
A[4]= 1814.928000
A[5]= -1008.247000
A[6]= -259.168200
A[7]= 19656.370000
A[8]= -8020.834000
A[9]= 147.667600
A[10]= 6.766453
A[11]= 12389.210000
A[12]= -3730.164000
A[13]= -238.354700
A[14]= 6068.431000
A[15]= -4319.326000
A[16]= -133.742300
chi2_min= 51.544780


Cross-Covariance parameters
1.000000	-0.374167	0.036804	-0.104493	-0.015212	-0.028922	0.073569	0.113639	-0.102726	-0.437600	-0.057234	0.000729	-0.037547	0.040524	0.128495	-0.128632	-0.224393	
-0.374167	1.000000	0.154571	-0.076486	0.300030	-0.315103	0.075214	-0.059750	-0.054399	0.441083	-0.153900	0.212367	-0.286651	0.140701	-0.082446	0.032332	0.238534	
0.036804	0.154571	1.000000	-0.256062	0.588244	-0.808143	0.382174	0.347171	-0.724849	0.104243	-0.072128	0.511327	-0.694195	0.143359	0.423149	-0.640964	0.260517	
-0.104493	-0.076486	-0.256062	1.000000	0.228101	0.218906	-0.966908	0.022909	-0.041952	-0.031794	0.037972	-0.121509	0.178668	-0.049664	-0.099411	0.155409	-0.044021	
-0.015212	0.300030	0.588244	0.228101	1.000000	-0.881776	-0.008531	0.217237	-0.518669	0.100570	-0.063694	0.346309	-0.456833	0.099018	0.235369	-0.364691	0.189496	
-0.028922	-0.315103	-0.808143	0.218906	-0.881776	1.000000	-0.423008	-0.253944	0.587718	-0.120881	0.082557	-0.447746	0.601567	-0.132254	-0.327190	0.504400	-0.234018	
0.073569	0.075214	0.382174	-0.966908	-0.008531	-0.423008	1.000000	0.021888	-0.061110	0.039845	-0.036743	0.182065	-0.257993	0.059147	0.155096	-0.237657	0.080246	
0.113639	-0.059750	0.347171	0.022909	0.217237	-0.253944	0.021888	1.000000	-0.843000	0.535378	0.009425	0.196821	-0.239578	0.021001	0.171272	-0.242540	0.047637	
-0.102726	-0.054399	-0.724849	-0.041952	-0.518669	0.587718	-0.061110	-0.843000	1.000000	-0.503310	0.034259	-0.389265	0.509625	-0.088995	-0.322225	0.478675	-0.164143	
-0.437600	0.441083	0.104243	-0.031794	0.100570	-0.120881	0.039845	0.535378	-0.503310	1.000000	-0.030214	0.112915	-0.131424	0.039591	-0.046786	0.015828	0.157586	
-0.057234	-0.153900	-0.072128	0.037972	-0.063694	0.082557	-0.036743	0.009425	0.034259	-0.030214	1.000000	0.260397	0.278698	-0.979173	0.120907	-0.198847	-0.018349	
0.000729	0.212367	0.511327	-0.121509	0.346309	-0.447746	0.182065	0.196821	-0.389265	0.112915	0.260397	1.000000	-0.826965	-0.092973	0.267434	-0.418076	0.183793	
-0.037547	-0.286651	-0.694195	0.178668	-0.456833	0.601567	-0.257993	-0.239578	0.509625	-0.131424	0.278698	-0.826965	1.000000	-0.432190	-0.270593	0.412819	-0.224985	
0.040524	0.140701	0.143359	-0.049664	0.099018	-0.132254	0.059147	0.021001	-0.088995	0.039591	-0.979173	-0.092973	-0.432190	1.000000	-0.087254	0.147343	0.034837	
0.128495	-0.082446	0.423149	-0.099411	0.235369	-0.327190	0.155096	0.171272	-0.322225	-0.046786	0.120907	0.267434	-0.270593	-0.087254	1.000000	-0.937288	0.761011	
-0.128632	0.032332	-0.640964	0.155409	-0.364691	0.504400	-0.237657	-0.242540	0.478675	0.015828	-0.198847	-0.418076	0.412819	0.147343	-0.937288	1.000000	-0.748169	
-0.224393	0.238534	0.260517	-0.044021	0.189496	-0.234018	0.080246	0.047637	-0.164143	0.157586	-0.018349	0.183793	-0.224985	0.034837	0.761011	-0.748169	1.000000	

Time taken for mcmc chain: 26.983333 minutes
