Number of steps: 4659253
Number of accepted steps: 1085958
Burn-in number of steps: 60000
Accepted fraction of steps: 0.233076
Convergence Status
R[0]= 1.000882	R[1]= 1.002525	R[2]= 1.003945	R[3]= 1.001486	R[4]= 1.001639	R[5]= 1.002803	R[6]= 1.001474	R[7]= 1.000784	R[8]= 1.001444	R[9]= 1.000453	R[10]= 1.000834	R[11]= 1.000446	R[12]= 1.001619	R[13]= 1.000972	R[14]= 1.001442	R[15]= 1.002649	R[16]= 1.001353	
<R>= 1.001573

Mean parameters
A[0]= 1.047209 pm 0.050383
A[1]= 0.996301 pm 0.029398
A[2]= 0.351327 pm 0.171449
A[3]= 5.130179 pm 1.013552
A[4]= 13390.684317 pm 4071.220007
A[5]= -4374.239514 pm 1448.692319
A[6]= 235.531555 pm 305.863382
A[7]= 12865.164909 pm 5688.401091
A[8]= -5748.410584 pm 2106.937194
A[9]= 90.896756 pm 117.717691
A[10]= 6.116224 pm 1.641967
A[11]= 3860.627122 pm 7016.479988
A[12]= -1004.842051 pm 2142.549687
A[13]= -281.988269 pm 475.923909
A[14]= -6808.036978 pm 9217.072244
A[15]= 140.416154 pm 3386.105393
A[16]= -414.757443 pm 175.499213

Best-fitting parameters
A[0]= 1.014603
A[1]= 1.006444
A[2]= 0.408398
A[3]= 5.648440
A[4]= 18892.300000
A[5]= -5697.462000
A[6]= 150.796100
A[7]= 19579.960000
A[8]= -7909.780000
A[9]= 187.929900
A[10]= 6.298621
A[11]= 4377.242000
A[12]= -1340.923000
A[13]= -316.410800
A[14]= -8531.563000
A[15]= 75.684570
A[16]= -370.356100
chi2_min= 56.122130


Cross-Covariance parameters
1.000000	-0.424850	-0.056305	-0.153481	-0.111040	0.039147	0.116859	0.072584	-0.027547	-0.357038	0.046878	-0.033527	0.067918	-0.066483	0.070260	-0.063860	-0.273226	
-0.424850	1.000000	0.036219	-0.036208	0.219965	-0.203170	0.007430	-0.114326	0.056627	0.339457	-0.191864	0.133643	-0.223151	0.174120	-0.122403	0.102133	0.255742	
-0.056305	0.036219	1.000000	-0.332256	0.432651	-0.760490	0.408606	0.353992	-0.661210	0.244727	0.024274	0.496867	-0.669054	0.066694	0.399656	-0.645887	0.260215	
-0.153481	-0.036208	-0.332256	1.000000	0.212829	0.365553	-0.977174	0.026826	-0.021571	-0.068511	0.017169	-0.173944	0.243176	-0.042889	-0.136159	0.221870	-0.061252	
-0.111040	0.219965	0.432651	0.212829	1.000000	-0.796624	-0.039746	0.170335	-0.366164	0.132631	-0.011362	0.251094	-0.331084	0.046824	0.149563	-0.255886	0.158630	
0.039147	-0.203170	-0.760490	0.365553	-0.796624	1.000000	-0.516927	-0.222083	0.465512	-0.204287	0.009493	-0.411473	0.551836	-0.073706	-0.285957	0.474794	-0.223375	
0.116859	0.007430	0.408606	-0.977174	-0.039746	-0.516927	1.000000	0.002345	-0.036245	0.078707	-0.007151	0.206524	-0.285301	0.041910	0.169378	-0.272364	0.081947	
0.072584	-0.114326	0.353992	0.026826	0.170335	-0.222083	0.002345	1.000000	-0.896194	0.671162	0.047469	0.172028	-0.213182	-0.013317	0.156207	-0.239620	0.037387	
-0.027547	0.056627	-0.661210	-0.021571	-0.366164	0.465512	-0.036245	-0.896194	1.000000	-0.676690	-0.047730	-0.329354	0.426704	-0.013281	-0.274273	0.434808	-0.134055	
-0.357038	0.339457	0.244727	-0.068511	0.132631	-0.204287	0.078707	0.671162	-0.676690	1.000000	-0.046373	0.149243	-0.214194	0.067484	0.037613	-0.098638	0.175935	
0.046878	-0.191864	0.024274	0.017169	-0.011362	0.009493	-0.007151	0.047469	-0.047730	-0.046373	1.000000	0.358328	0.144420	-0.975729	0.209967	-0.319827	-0.068877	
-0.033527	0.133643	0.496867	-0.173944	0.251094	-0.411473	0.206524	0.172028	-0.329354	0.149243	0.358328	1.000000	-0.845147	-0.173014	0.266643	-0.441032	0.159017	
0.067918	-0.223151	-0.669054	0.243176	-0.331084	0.551836	-0.285301	-0.213182	0.426704	-0.214194	0.144420	-0.845147	1.000000	-0.328229	-0.242487	0.408114	-0.241495	
-0.066483	0.174120	0.066694	-0.042889	0.046824	-0.073706	0.041910	-0.013317	-0.013281	0.067484	-0.975729	-0.173014	-0.328229	1.000000	-0.169221	0.253538	0.089577	
0.070260	-0.122403	0.399656	-0.136159	0.149563	-0.285957	0.169378	0.156207	-0.274273	0.037613	0.209967	0.266643	-0.242487	-0.169221	1.000000	-0.920719	0.727633	
-0.063860	0.102133	-0.645887	0.221870	-0.255886	0.474794	-0.272364	-0.239620	0.434808	-0.098638	-0.319827	-0.441032	0.408114	0.253538	-0.920719	1.000000	-0.701556	
-0.273226	0.255742	0.260215	-0.061252	0.158630	-0.223375	0.081947	0.037387	-0.134055	0.175935	-0.068877	0.159017	-0.241495	0.089577	0.727633	-0.701556	1.000000	

Time taken for mcmc chain: 47.833333 minutes
