Number of steps: 8956141
Number of accepted steps: 2000004
Burn-in number of steps: 60000
Accepted fraction of steps: 0.223311
Convergence Status
R[0]= 1.000890	R[1]= 1.002811	R[2]= 1.004852	R[3]= 1.001643	R[4]= 1.000980	R[5]= 1.002792	R[6]= 1.002149	R[7]= 1.001512	R[8]= 1.002502	R[9]= 1.000881	R[10]= 1.000617	R[11]= 1.001803	R[12]= 1.003632	R[13]= 1.001107	R[14]= 1.000634	R[15]= 1.001623	R[16]= 1.000289	
<R>= 1.001807

Mean parameters
A[0]= 1.006590 pm 0.024329
A[1]= 1.023851 pm 0.016364
A[2]= 0.213605 pm 0.151851
A[3]= 4.179974 pm 0.506385
A[4]= 1463.078255 pm 3178.941375
A[5]= -954.359933 pm 1133.202314
A[6]= 195.832409 pm 159.427985
A[7]= 6212.767719 pm 6148.400302
A[8]= -2560.461816 pm 2080.243314
A[9]= -27.667624 pm 94.331974
A[10]= 4.847200 pm 0.741141
A[11]= 729.197320 pm 4698.655743
A[12]= -125.916214 pm 1440.660371
A[13]= -86.284216 pm 221.313006
A[14]= 2531.714938 pm 8453.991611
A[15]= -1129.614082 pm 2742.445608
A[16]= -182.810187 pm 137.994630

Best-fitting parameters
A[0]= 1.003233
A[1]= 1.028721
A[2]= 0.124122
A[3]= 4.124464
A[4]= -501.248800
A[5]= -307.158000
A[6]= 186.607300
A[7]= 4032.119000
A[8]= -1630.745000
A[9]= -45.490460
A[10]= 5.064526
A[11]= -1829.936000
A[12]= 921.645700
A[13]= -189.275000
A[14]= -4597.741000
A[15]= 1041.451000
A[16]= -254.905900
chi2_min= 60.546180


Cross-Covariance parameters
1.000000	-0.429381	-0.053332	-0.113930	-0.022319	0.004872	0.081983	0.207006	-0.130154	-0.080796	0.136966	0.053467	0.021939	-0.146247	0.155470	-0.114937	-0.066595	
-0.429381	1.000000	0.063337	-0.022986	0.272497	-0.226118	0.040527	-0.177625	0.104291	0.092366	-0.053106	0.217831	-0.217639	0.065290	-0.134795	0.084336	0.069172	
-0.053332	0.063337	1.000000	-0.331394	0.585353	-0.809692	0.461644	0.577151	-0.753439	0.462064	-0.040322	0.533063	-0.732257	0.172276	0.458283	-0.659060	0.329757	
-0.113930	-0.022986	-0.331394	1.000000	0.045701	0.351866	-0.958700	-0.115993	0.147775	-0.067857	0.003970	-0.204727	0.263295	-0.049264	-0.169996	0.234636	-0.105482	
-0.022319	0.272497	0.585353	0.045701	1.000000	-0.892283	0.210385	0.320593	-0.446804	0.282955	-0.019108	0.376204	-0.478781	0.096005	0.247793	-0.370594	0.203101	
0.004872	-0.226118	-0.809692	0.351866	-0.892283	1.000000	-0.574496	-0.431859	0.584631	-0.356904	0.027376	-0.486078	0.635426	-0.134462	-0.360798	0.526729	-0.273911	
0.081983	0.040527	0.461644	-0.958700	0.210385	-0.574496	1.000000	0.185358	-0.245964	0.123528	-0.012468	0.271445	-0.357481	0.074791	0.225962	-0.317221	0.150216	
0.207006	-0.177625	0.577151	-0.115993	0.320593	-0.431859	0.185358	1.000000	-0.961983	0.860684	0.008050	0.298254	-0.402084	0.066819	0.322993	-0.425301	0.173565	
-0.130154	0.104291	-0.753439	0.147775	-0.446804	0.584631	-0.245964	-0.961983	1.000000	-0.863621	0.008215	-0.395079	0.537228	-0.106631	-0.386297	0.527897	-0.235509	
-0.080796	0.092366	0.462064	-0.067857	0.282955	-0.356904	0.123528	0.860684	-0.863621	1.000000	-0.029529	0.252935	-0.347259	0.090731	0.195106	-0.289430	0.150672	
0.136966	-0.053106	-0.040322	0.003970	-0.019108	0.027376	-0.012468	0.008050	0.008215	-0.029529	1.000000	0.317840	0.085077	-0.955382	0.057441	-0.088011	0.019196	
0.053467	0.217831	0.533063	-0.204727	0.376204	-0.486078	0.271445	0.298254	-0.395079	0.252935	0.317840	1.000000	-0.889044	-0.055642	0.204127	-0.339330	0.130118	
0.021939	-0.217639	-0.732257	0.263295	-0.478781	0.635426	-0.357481	-0.402084	0.537228	-0.347259	0.085077	-0.889044	1.000000	-0.342467	-0.274928	0.434044	-0.189632	
-0.146247	0.065290	0.172276	-0.049264	0.096005	-0.134462	0.074791	0.066819	-0.106631	0.090731	-0.955382	-0.055642	-0.342467	1.000000	-0.014152	0.012879	0.001346	
0.155470	-0.134795	0.458283	-0.169996	0.247793	-0.360798	0.225962	0.322993	-0.386297	0.195106	0.057441	0.204127	-0.274928	-0.014152	1.000000	-0.956317	0.867508	
-0.114937	0.084336	-0.659060	0.234636	-0.370594	0.526729	-0.317221	-0.425301	0.527897	-0.289430	-0.088011	-0.339330	0.434044	0.012879	-0.956317	1.000000	-0.866676	
-0.066595	0.069172	0.329757	-0.105482	0.203101	-0.273911	0.150216	0.173565	-0.235509	0.150672	0.019196	0.130118	-0.189632	0.001346	0.867508	-0.866676	1.000000	

Time taken for mcmc chain: 2.341389 hours
