Number of steps: 2234914
Number of accepted steps: 486767
Burn-in number of steps: 60000
Accepted fraction of steps: 0.217801
Convergence Status
R[0]= 1.002272	R[1]= 1.003715	R[2]= 1.002489	R[3]= 1.002125	R[4]= 1.002201	R[5]= 1.001323	R[6]= 1.001510	R[7]= 1.001124	R[8]= 1.001132	R[9]= 1.000917	R[10]= 1.002193	R[11]= 1.002953	R[12]= 1.003741	R[13]= 1.002397	R[14]= 1.001167	R[15]= 1.001208	R[16]= 1.000772	
<R>= 1.001955

Mean parameters
A[0]= 1.021727 pm 0.080306
A[1]= 0.997404 pm 0.040119
A[2]= 0.183551 pm 0.130902
A[3]= 5.182823 pm 1.029909
A[4]= 2302.091973 pm 5032.589517
A[5]= -1345.940548 pm 1540.669874
A[6]= 109.941568 pm 301.218475
A[7]= 7099.504870 pm 7998.676643
A[8]= -2869.501328 pm 2535.072018
A[9]= -23.250429 pm 144.370190
A[10]= 5.804811 pm 1.755392
A[11]= 5878.542276 pm 6190.615826
A[12]= -1383.619698 pm 2075.372812
A[13]= -75.378642 pm 516.000663
A[14]= 2136.840123 pm 9910.619786
A[15]= -1882.063802 pm 3059.791305
A[16]= -92.020115 pm 191.766825

Best-fitting parameters
A[0]= 1.014117
A[1]= 1.006559
A[2]= 0.113337
A[3]= 5.745203
A[4]= 1434.527000
A[5]= -491.634900
A[6]= -88.484120
A[7]= 4195.039000
A[8]= -1744.717000
A[9]= -53.770830
A[10]= 5.246733
A[11]= 2155.297000
A[12]= -638.199700
A[13]= 39.087440
A[14]= 2751.960000
A[15]= -1407.045000
A[16]= -80.426070
chi2_min= 44.909410


Cross-Covariance parameters
1.000000	-0.423942	-0.057311	-0.095571	0.037818	-0.062215	0.050629	0.270169	-0.219513	-0.380284	-0.173428	0.013344	-0.101246	0.150686	0.172336	-0.135867	-0.344676	
-0.423942	1.000000	0.071241	-0.022546	0.285480	-0.276013	0.005166	-0.211657	0.143584	0.338442	-0.186363	0.189739	-0.267893	0.164942	-0.171624	0.141244	0.298487	
-0.057311	0.071241	1.000000	-0.079779	0.480596	-0.658349	0.172765	0.399316	-0.597846	0.276203	-0.113571	0.362160	-0.515216	0.162425	0.327137	-0.505740	0.209086	
-0.095571	-0.022546	-0.079779	1.000000	0.278750	0.229200	-0.970340	0.042650	-0.081551	0.027751	0.053919	-0.039503	0.076081	-0.054704	-0.055512	0.062225	-0.007998	
0.037818	0.285480	0.480596	0.278750	1.000000	-0.851097	-0.095568	0.170000	-0.306614	0.137038	-0.142716	0.242765	-0.353477	0.153540	0.136107	-0.223590	0.124075	
-0.062215	-0.276013	-0.658349	0.229200	-0.851097	1.000000	-0.404332	-0.210636	0.353932	-0.165105	0.171516	-0.302293	0.446424	-0.191270	-0.209302	0.324991	-0.155213	
0.050629	0.005166	0.172765	-0.970340	-0.095568	-0.404332	1.000000	-0.020459	0.036507	-0.006478	-0.044269	0.061279	-0.103289	0.052191	0.084945	-0.108950	0.033892	
0.270169	-0.211657	0.399316	0.042650	0.170000	-0.210636	-0.020459	1.000000	-0.955820	0.615767	-0.057841	0.144340	-0.213823	0.076495	0.217753	-0.279132	-0.034931	
-0.219513	0.143584	-0.597846	-0.081551	-0.306614	0.353932	0.036507	-0.955820	1.000000	-0.658532	0.084797	-0.217857	0.319418	-0.112026	-0.263166	0.362805	-0.025249	
-0.380284	0.338442	0.276203	0.027751	0.137038	-0.165105	-0.006478	0.615767	-0.658532	1.000000	-0.017652	0.126497	-0.155074	0.031700	0.002948	-0.064158	0.214189	
-0.173428	-0.186363	-0.113571	0.053919	-0.142716	0.171516	-0.044269	-0.057841	0.084797	-0.017652	1.000000	0.154460	0.471035	-0.981443	0.020006	-0.076319	-0.054342	
0.013344	0.189739	0.362160	-0.039503	0.242765	-0.302293	0.061279	0.144340	-0.217857	0.126497	0.154460	1.000000	-0.778359	-0.002386	0.145766	-0.238040	0.104757	
-0.101246	-0.267893	-0.515216	0.076081	-0.353477	0.446424	-0.103289	-0.213823	0.319418	-0.155074	0.471035	-0.778359	1.000000	-0.599564	-0.162658	0.234187	-0.146933	
0.150686	0.164942	0.162425	-0.054704	0.153540	-0.191270	0.052191	0.076495	-0.112026	0.031700	-0.981443	-0.002386	-0.599564	1.000000	-0.002219	0.048568	0.062557	
0.172336	-0.171624	0.327137	-0.055512	0.136107	-0.209302	0.084945	0.217753	-0.263166	0.002948	0.020006	0.145766	-0.162658	-0.002219	1.000000	-0.954736	0.665846	
-0.135867	0.141244	-0.505740	0.062225	-0.223590	0.324991	-0.108950	-0.279132	0.362805	-0.064158	-0.076319	-0.238040	0.234187	0.048568	-0.954736	1.000000	-0.707696	
-0.344676	0.298487	0.209086	-0.007998	0.124075	-0.155213	0.033892	-0.034931	-0.025249	0.214189	-0.054342	0.104757	-0.146933	0.062557	0.665846	-0.707696	1.000000	

Time taken for mcmc chain: 14.350000 minutes
