Number of steps: 5060727
Number of accepted steps: 943270
Burn-in number of steps: 60000
Accepted fraction of steps: 0.186390
Convergence Status
R[0]= 1.005123	R[1]= 1.004530	R[2]= 1.002787	R[3]= 1.001836	R[4]= 1.000733	R[5]= 1.001164	R[6]= 1.001058	R[7]= 1.001295	R[8]= 1.000565	R[9]= 1.003747	R[10]= 1.001322	R[11]= 1.000485	R[12]= 1.000273	R[13]= 1.001553	R[14]= 1.000209	R[15]= 1.000214	R[16]= 1.001343	
<R>= 1.001661

Mean parameters
A[0]= 0.838626 pm 0.145638
A[1]= 1.041913 pm 0.054639
A[2]= 0.137005 pm 0.104446
A[3]= 5.721528 pm 1.376532
A[4]= 3929.410432 pm 5310.490324
A[5]= -1345.950612 pm 1761.856777
A[6]= 67.448147 pm 358.450160
A[7]= 12061.127052 pm 6602.183585
A[8]= -5139.336253 pm 1836.768113
A[9]= 513.386142 pm 227.621674
A[10]= 4.752303 pm 1.799017
A[11]= -525.280205 pm 6470.723430
A[12]= -999.182180 pm 2084.184271
A[13]= 281.696037 pm 520.962093
A[14]= 1220.447719 pm 9894.816707
A[15]= -568.163401 pm 2804.193510
A[16]= 58.562291 pm 234.182832

Best-fitting parameters
A[0]= 0.977434
A[1]= 1.041255
A[2]= 0.023991
A[3]= 5.213939
A[4]= 4074.485000
A[5]= -1413.812000
A[6]= 120.010300
A[7]= 16407.850000
A[8]= -5948.092000
A[9]= 426.745700
A[10]= 5.253982
A[11]= 1949.795000
A[12]= -997.164400
A[13]= 79.507410
A[14]= -2073.295000
A[15]= 485.721900
A[16]= -57.064820
chi2_min= 56.672800


Cross-Covariance parameters
1.000000	-0.466616	-0.203259	-0.521637	0.067571	-0.276630	0.392249	0.374479	-0.260759	-0.831913	0.131500	0.156154	-0.013017	-0.224062	0.214099	-0.188792	-0.570021	
-0.466616	1.000000	0.228564	0.075315	0.317055	-0.259540	-0.039429	-0.284223	0.197884	0.507002	-0.255437	0.163746	-0.314740	0.272941	-0.164062	0.144672	0.317168	
-0.203259	0.228564	1.000000	0.011288	0.533107	-0.558387	0.089574	0.224485	-0.387048	0.165120	-0.061813	0.344610	-0.417862	0.116418	0.190889	-0.276872	0.155943	
-0.521637	0.075315	0.011288	1.000000	0.072162	0.463042	-0.969307	-0.274095	0.166661	0.572717	-0.025556	-0.155206	0.102748	0.074753	-0.114854	0.108786	0.291612	
0.067571	0.317055	0.533107	0.072162	1.000000	-0.837531	0.047074	0.133885	-0.222070	0.008024	-0.084566	0.292566	-0.334849	0.082999	0.113167	-0.142612	-0.017257	
-0.276630	-0.259540	-0.558387	0.463042	-0.837531	1.000000	-0.567857	-0.270576	0.309278	0.251962	0.064968	-0.357454	0.376730	-0.047518	-0.170307	0.202886	0.131841	
0.392249	-0.039429	0.089574	-0.969307	0.047074	-0.567857	1.000000	0.248391	-0.163605	-0.476372	0.018235	0.155489	-0.119336	-0.050333	0.109014	-0.112481	-0.216576	
0.374479	-0.284223	0.224485	-0.274095	0.133885	-0.270576	0.248391	1.000000	-0.952973	-0.067082	0.074821	0.144176	-0.084954	-0.095841	0.179507	-0.185206	-0.213037	
-0.260759	0.197884	-0.387048	0.166661	-0.222070	0.309278	-0.163605	-0.952973	1.000000	-0.095456	-0.051138	-0.179778	0.147378	0.056790	-0.186448	0.213014	0.133720	
-0.831913	0.507002	0.165120	0.572717	0.008024	0.251962	-0.476372	-0.067082	-0.095456	1.000000	-0.126797	-0.102816	-0.022010	0.199964	-0.191140	0.165562	0.501065	
0.131500	-0.255437	-0.061813	-0.025556	-0.084566	0.064968	0.018235	0.074821	-0.051138	-0.126797	1.000000	0.144279	0.484406	-0.976120	-0.065436	-0.004918	0.131887	
0.156154	0.163746	0.344610	-0.155206	0.292566	-0.357454	0.155489	0.144176	-0.179778	-0.102816	0.144279	1.000000	-0.782789	-0.006270	0.099750	-0.147408	-0.010649	
-0.013017	-0.314740	-0.417862	0.102748	-0.334849	0.376730	-0.119336	-0.084954	0.147378	-0.022010	0.484406	-0.782789	1.000000	-0.602228	-0.137917	0.145356	0.060297	
-0.224062	0.272941	0.116418	0.074753	0.082999	-0.047518	-0.050333	-0.095841	0.056790	0.199964	-0.976120	-0.006270	-0.602228	1.000000	0.052135	0.009482	-0.068001	
0.214099	-0.164062	0.190889	-0.114854	0.113167	-0.170307	0.109014	0.179507	-0.186448	-0.191140	-0.065436	0.099750	-0.137917	0.052135	1.000000	-0.969066	0.435869	
-0.188792	0.144672	-0.276872	0.108786	-0.142612	0.202886	-0.112481	-0.185206	0.213014	0.165562	-0.004918	-0.147408	0.145356	0.009482	-0.969066	1.000000	-0.527222	
-0.570021	0.317168	0.155943	0.291612	-0.017257	0.131841	-0.216576	-0.213037	0.133720	0.501065	0.131887	-0.010649	0.060297	-0.068001	0.435869	-0.527222	1.000000	

Time taken for mcmc chain: 46.700000 minutes
