Number of steps: 2992519
Number of accepted steps: 479118
Burn-in number of steps: 60000
Accepted fraction of steps: 0.160105
Convergence Status
R[0]= 1.000990	R[1]= 1.002920	R[2]= 1.002534	R[3]= 1.000676	R[4]= 1.002342	R[5]= 1.002537	R[6]= 1.000616	R[7]= 1.002351	R[8]= 1.002712	R[9]= 1.001216	R[10]= 1.002291	R[11]= 1.000355	R[12]= 1.001709	R[13]= 1.002511	R[14]= 1.000698	R[15]= 1.000867	R[16]= 1.000991	
<R>= 1.001666

Mean parameters
A[0]= 0.961957 pm 0.087499
A[1]= 1.027395 pm 0.033236
A[2]= 0.328401 pm 0.172161
A[3]= 4.284030 pm 1.008855
A[4]= 12480.187757 pm 4384.541554
A[5]= -4810.094592 pm 1384.533749
A[6]= 505.210501 pm 296.704983
A[7]= -11070.798207 pm 6898.615936
A[8]= 1178.722920 pm 2426.558173
A[9]= -232.640495 pm 132.855298
A[10]= 5.681702 pm 1.770252
A[11]= 9798.011755 pm 5942.860123
A[12]= -3453.872818 pm 1996.157715
A[13]= 52.129256 pm 517.436267
A[14]= 3383.102662 pm 9886.313031
A[15]= -2231.854854 pm 3211.814496
A[16]= -57.429801 pm 196.967657

Best-fitting parameters
A[0]= 0.938598
A[1]= 1.023347
A[2]= 0.188743
A[3]= 4.768928
A[4]= 10964.220000
A[5]= -3754.780000
A[6]= 349.113200
A[7]= -19974.010000
A[8]= 4088.678000
A[9]= -335.238300
A[10]= 5.932983
A[11]= 3936.156000
A[12]= -1377.266000
A[13]= -82.841540
A[14]= -1552.814000
A[15]= 67.286220
A[16]= -146.891000
chi2_min= 59.974930


Cross-Covariance parameters
1.000000	-0.469076	-0.020859	0.051244	0.040580	-0.008325	-0.116414	0.160381	-0.183104	-0.408699	-0.367574	-0.123663	-0.099414	0.314547	0.097538	-0.074935	-0.424690	
-0.469076	1.000000	0.029669	-0.187046	0.103210	-0.185786	0.182776	-0.162285	0.153107	0.305162	0.111292	0.224701	-0.132499	-0.110654	-0.129138	0.095678	0.273228	
-0.020859	0.029669	1.000000	-0.086035	0.487952	-0.714271	0.167783	0.454305	-0.646823	0.227793	-0.220627	0.390387	-0.654438	0.275296	0.372892	-0.556067	0.168309	
0.051244	-0.187046	-0.086035	1.000000	0.333562	0.194916	-0.973604	0.146916	-0.204946	0.099772	0.037831	-0.062115	0.090615	-0.041316	0.011530	0.007238	-0.035832	
0.040580	0.103210	0.487952	0.333562	1.000000	-0.829379	-0.155249	0.239759	-0.379190	0.121069	-0.117257	0.231950	-0.361775	0.137964	0.192199	-0.285198	0.067701	
-0.008325	-0.185786	-0.714271	0.194916	-0.829379	1.000000	-0.364414	-0.264208	0.409052	-0.124268	0.177573	-0.326054	0.520084	-0.210525	-0.254173	0.389726	-0.118011	
-0.116414	0.182776	0.167783	-0.973604	-0.155249	-0.364414	1.000000	-0.122159	0.162610	-0.066428	-0.028814	0.095921	-0.130471	0.041610	0.016454	-0.050728	0.073270	
0.160381	-0.162285	0.454305	0.146916	0.239759	-0.264208	-0.122159	1.000000	-0.944513	0.649385	-0.178270	0.120547	-0.292207	0.195740	0.192309	-0.264563	-0.006076	
-0.183104	0.153107	-0.646823	-0.204946	-0.379190	0.409052	0.162610	-0.944513	1.000000	-0.638808	0.223106	-0.195482	0.419222	-0.249034	-0.261876	0.373161	-0.020182	
-0.408699	0.305162	0.227793	0.099772	0.121069	-0.124268	-0.066428	0.649385	-0.638808	1.000000	0.079723	0.133891	-0.110578	-0.050665	0.005648	-0.058529	0.223565	
-0.367574	0.111292	-0.220627	0.037831	-0.117257	0.177573	-0.028814	-0.178270	0.223106	0.079723	1.000000	0.256784	0.395476	-0.982696	-0.037012	-0.039866	0.190406	
-0.123663	0.224701	0.390387	-0.062115	0.231950	-0.326054	0.095921	0.120547	-0.195482	0.133891	0.256784	1.000000	-0.758155	-0.112391	0.182443	-0.306053	0.166917	
-0.099414	-0.132499	-0.654438	0.090615	-0.361775	0.520084	-0.130471	-0.292207	0.419222	-0.110578	0.395476	-0.758155	1.000000	-0.522757	-0.259874	0.360357	-0.067257	
0.314547	-0.110654	0.275296	-0.041316	0.137964	-0.210525	0.041610	0.195740	-0.249034	-0.050665	-0.982696	-0.112391	-0.522757	1.000000	0.054883	0.010380	-0.161238	
0.097538	-0.129138	0.372892	0.011530	0.192199	-0.254173	0.016454	0.192309	-0.261876	0.005648	-0.037012	0.182443	-0.259874	0.054883	1.000000	-0.945120	0.668477	
-0.074935	0.095678	-0.556067	0.007238	-0.285198	0.389726	-0.050728	-0.264563	0.373161	-0.058529	-0.039866	-0.306053	0.360357	0.010380	-0.945120	1.000000	-0.689831	
-0.424690	0.273228	0.168309	-0.035832	0.067701	-0.118011	0.073270	-0.006076	-0.020182	0.223565	0.190406	0.166917	-0.067257	-0.161238	0.668477	-0.689831	1.000000	

Time taken for mcmc chain: 18.066667 minutes
