Number of steps: 9745152
Number of accepted steps: 2000004
Burn-in number of steps: 60000
Accepted fraction of steps: 0.205231
Convergence Status
R[0]= 1.000392	R[1]= 1.001507	R[2]= 1.009814	R[3]= 1.002640	R[4]= 1.001279	R[5]= 1.002505	R[6]= 1.002477	R[7]= 1.000954	R[8]= 1.002881	R[9]= 1.000045	R[10]= 1.000923	R[11]= 1.000349	R[12]= 1.001514	R[13]= 1.001153	R[14]= 1.000416	R[15]= 1.001386	R[16]= 1.000002	
<R>= 1.001779

Mean parameters
A[0]= 1.052987 pm 0.024761
A[1]= 1.003747 pm 0.018126
A[2]= 0.091679 pm 0.075557
A[3]= 4.422772 pm 0.486006
A[4]= 3632.918358 pm 2741.059382
A[5]= -1002.820342 pm 835.861972
A[6]= 139.103630 pm 148.997136
A[7]= 14666.377162 pm 3772.925425
A[8]= -4345.889349 pm 1143.167990
A[9]= 78.880979 pm 70.805723
A[10]= 4.198512 pm 0.760068
A[11]= 2244.117118 pm 3947.478168
A[12]= -654.028201 pm 1073.937115
A[13]= 155.364216 pm 227.297075
A[14]= 13326.971762 pm 5053.740748
A[15]= -3966.978422 pm 1468.167767
A[16]= 42.867054 pm 100.933187

Best-fitting parameters
A[0]= 1.065599
A[1]= 0.996779
A[2]= 0.005957
A[3]= 4.612050
A[4]= 2449.767000
A[5]= -335.615600
A[6]= 62.041870
A[7]= 15714.720000
A[8]= -4195.038000
A[9]= 76.750490
A[10]= 4.288678
A[11]= -820.423600
A[12]= 350.842400
A[13]= 87.758740
A[14]= 18532.200000
A[15]= -5029.508000
A[16]= 123.270700
chi2_min= 47.964440


Cross-Covariance parameters
1.000000	-0.437276	-0.137227	-0.067912	0.007876	-0.003860	0.053943	0.216468	-0.118724	-0.252719	0.120346	0.064699	0.019759	-0.117690	0.130534	-0.077127	-0.190479	
-0.437276	1.000000	0.091516	-0.053892	0.319622	-0.308895	0.055447	-0.177174	0.093944	0.277416	-0.058336	0.217937	-0.238474	0.056228	-0.096973	0.051486	0.188185	
-0.137227	0.091516	1.000000	-0.164260	0.374684	-0.573410	0.245825	0.238152	-0.490339	0.174105	-0.123530	0.224044	-0.414774	0.172703	0.120144	-0.311239	0.068656	
-0.067912	-0.053892	-0.164260	1.000000	0.149448	0.317487	-0.962640	0.035268	-0.008297	-0.057943	0.014059	-0.066466	0.091373	-0.021955	-0.027013	0.059022	-0.006004	
0.007876	0.319622	0.374684	0.149448	1.000000	-0.868338	0.082774	0.068241	-0.180698	0.077532	-0.040111	0.180033	-0.238512	0.057212	0.043534	-0.118741	0.058917	
-0.003860	-0.308895	-0.573410	0.317487	-0.868338	1.000000	-0.529729	-0.085021	0.238521	-0.117711	0.063902	-0.220538	0.316784	-0.090834	-0.069505	0.182386	-0.065126	
0.053943	0.055447	0.245825	-0.962640	0.082774	-0.529729	1.000000	-0.021551	-0.026985	0.055156	-0.024705	0.081649	-0.122446	0.036284	0.038030	-0.085299	0.011897	
0.216468	-0.177174	0.238152	0.035268	0.068241	-0.085021	-0.021551	1.000000	-0.939347	0.694604	-0.002277	0.050253	-0.083057	0.016158	0.070831	-0.108927	-0.037976	
-0.118724	0.093944	-0.490339	-0.008297	-0.180698	0.238521	-0.026985	-0.939347	1.000000	-0.768921	0.039966	-0.110269	0.193709	-0.065456	-0.089594	0.178818	0.003964	
-0.252719	0.277416	0.174105	-0.057943	0.077532	-0.117711	0.055156	0.694604	-0.768921	1.000000	-0.045257	0.063076	-0.104469	0.050079	-0.023361	-0.022423	0.080846	
0.120346	-0.058336	-0.123530	0.014059	-0.040111	0.063902	-0.024705	-0.002277	0.039966	-0.045257	1.000000	0.313935	0.228969	-0.965598	0.041972	-0.049582	-0.086537	
0.064699	0.217937	0.224044	-0.066466	0.180033	-0.220538	0.081649	0.050253	-0.110269	0.063076	0.313935	1.000000	-0.832268	-0.090258	-0.010875	-0.044951	-0.055667	
0.019759	-0.238474	-0.414774	0.091373	-0.238512	0.316784	-0.122446	-0.083057	0.193709	-0.104469	0.228969	-0.832268	1.000000	-0.450571	0.016829	0.058772	0.005656	
-0.117690	0.056228	0.172703	-0.021955	0.057212	-0.090834	0.036284	0.016158	-0.065456	0.050079	-0.965598	-0.090258	-0.450571	1.000000	-0.049499	0.047695	0.063723	
0.130534	-0.096973	0.120144	-0.027013	0.043534	-0.069505	0.038030	0.070831	-0.089594	-0.023361	0.041972	-0.010875	0.016829	-0.049499	1.000000	-0.944375	0.739343	
-0.077127	0.051486	-0.311239	0.059022	-0.118741	0.182386	-0.085299	-0.108927	0.178818	-0.022423	-0.049582	-0.044951	0.058772	0.047695	-0.944375	1.000000	-0.838960	
-0.190479	0.188185	0.068656	-0.006004	0.058917	-0.065126	0.011897	-0.037976	0.003964	0.080846	-0.086537	-0.055667	0.005656	0.063723	0.739343	-0.838960	1.000000	

Time taken for mcmc chain: 2.361944 hours
