Number of steps: 8578690
Number of accepted steps: 2000004
Burn-in number of steps: 60000
Accepted fraction of steps: 0.233136
Convergence Status
R[0]= 1.000085	R[1]= 1.000567	R[2]= 1.002236	R[3]= 1.000485	R[4]= 1.001251	R[5]= 1.001893	R[6]= 1.000684	R[7]= 1.000409	R[8]= 1.000848	R[9]= 1.000158	R[10]= 1.001256	R[11]= 1.000408	R[12]= 1.000236	R[13]= 1.001086	R[14]= 1.000617	R[15]= 1.000892	R[16]= 1.000493	
<R>= 1.000800

Mean parameters
A[0]= 1.032041 pm 0.025980
A[1]= 1.007653 pm 0.016820
A[2]= 0.219266 pm 0.149112
A[3]= 4.202514 pm 0.484505
A[4]= 4857.848427 pm 3196.531784
A[5]= -1828.166510 pm 1109.017045
A[6]= 246.655462 pm 151.756321
A[7]= 7721.434916 pm 5978.794098
A[8]= -2907.059688 pm 2042.283499
A[9]= -50.612160 pm 93.506726
A[10]= 2.527247 pm 0.746687
A[11]= -1139.765503 pm 3983.397971
A[12]= -1351.261318 pm 1075.406477
A[13]= 644.909737 pm 220.333584
A[14]= 996.197723 pm 7902.818589
A[15]= -1108.462060 pm 2310.711885
A[16]= -105.458607 pm 136.096682

Best-fitting parameters
A[0]= 1.024822
A[1]= 1.010921
A[2]= 0.234168
A[3]= 4.291510
A[4]= 5590.180000
A[5]= -1967.209000
A[6]= 224.815500
A[7]= 6983.647000
A[8]= -2748.822000
A[9]= -67.199990
A[10]= 2.549992
A[11]= -2175.349000
A[12]= -1052.393000
A[13]= 619.315200
A[14]= 1139.526000
A[15]= -941.059400
A[16]= -137.329700
chi2_min= 68.497300


Cross-Covariance parameters
1.000000	-0.430271	-0.139667	0.051781	-0.006873	0.069033	-0.076141	0.192624	-0.094522	-0.109410	-0.109419	-0.053730	0.030011	0.094222	0.060832	-0.019955	-0.053712	
-0.430271	1.000000	0.070123	-0.088474	0.252478	-0.239330	0.096365	-0.161803	0.087443	0.129933	0.087443	0.172994	-0.137609	-0.078903	-0.063407	0.032901	0.042062	
-0.139667	0.070123	1.000000	-0.241446	0.593486	-0.800320	0.390226	0.553283	-0.746486	0.478873	-0.043624	0.286331	-0.475666	0.106756	0.262728	-0.411741	0.199931	
0.051781	-0.088474	-0.241446	1.000000	0.093869	0.284599	-0.953955	0.019468	0.021381	-0.051221	0.000498	-0.081625	0.122458	-0.016822	-0.053477	0.092803	-0.050320	
-0.006873	0.252478	0.593486	0.093869	1.000000	-0.900058	0.176935	0.346449	-0.475237	0.304037	-0.026352	0.213104	-0.323092	0.063834	0.151362	-0.241875	0.122095	
0.069033	-0.239330	-0.800320	0.284599	-0.900058	1.000000	-0.528079	-0.410242	0.575191	-0.378467	0.030854	-0.265580	0.413324	-0.081818	-0.203530	0.325592	-0.163995	
-0.076141	0.096365	0.390226	-0.953955	0.176935	-0.528079	1.000000	0.065762	-0.138806	0.116174	-0.007971	0.123453	-0.193110	0.033756	0.092807	-0.154519	0.080991	
0.192624	-0.161803	0.553283	0.019468	0.346449	-0.410242	0.065762	1.000000	-0.957272	0.853446	-0.056861	0.139950	-0.259932	0.089922	0.182077	-0.255550	0.102393	
-0.094522	0.087443	-0.746486	0.021381	-0.475237	0.575191	-0.138806	-0.957272	1.000000	-0.863587	0.055756	-0.201489	0.353467	-0.101437	-0.223539	0.328169	-0.143788	
-0.109410	0.129933	0.478873	-0.051221	0.304037	-0.378467	0.116174	0.853446	-0.863587	1.000000	-0.008541	0.151521	-0.235700	0.039026	0.124086	-0.195543	0.101064	
-0.109419	0.087443	-0.043624	0.000498	-0.026352	0.030854	-0.007971	-0.056861	0.055756	-0.008541	1.000000	0.370518	0.109871	-0.962715	0.093402	-0.145280	0.049499	
-0.053730	0.172994	0.286331	-0.081625	0.213104	-0.265580	0.123453	0.139950	-0.201489	0.151521	0.370518	1.000000	-0.857329	-0.132575	0.046394	-0.119080	0.005436	
0.030011	-0.137609	-0.475666	0.122458	-0.323092	0.413324	-0.193110	-0.259932	0.353467	-0.235700	0.109871	-0.857329	1.000000	-0.353093	-0.050921	0.125898	-0.017550	
0.094222	-0.078903	0.106756	-0.016822	0.063834	-0.081818	0.033756	0.089922	-0.101437	0.039026	-0.962715	-0.132575	-0.353093	1.000000	-0.094090	0.132961	-0.060353	
0.060832	-0.063407	0.262728	-0.053477	0.151362	-0.203530	0.092807	0.182077	-0.223539	0.124086	0.093402	0.046394	-0.050921	-0.094090	1.000000	-0.969581	0.891855	
-0.019955	0.032901	-0.411741	0.092803	-0.241875	0.325592	-0.154519	-0.255550	0.328169	-0.195543	-0.145280	-0.119080	0.125898	0.132961	-0.969581	1.000000	-0.923539	
-0.053712	0.042062	0.199931	-0.050320	0.122095	-0.163995	0.080991	0.102393	-0.143788	0.101064	0.049499	0.005436	-0.017550	-0.060353	0.891855	-0.923539	1.000000	

Time taken for mcmc chain: 2.293611 hours
