Number of steps: 10134388
Number of accepted steps: 2000004
Burn-in number of steps: 60000
Accepted fraction of steps: 0.197348
Convergence Status
R[0]= 1.000133	R[1]= 1.000388	R[2]= 1.018917	R[3]= 1.003019	R[4]= 1.006353	R[5]= 1.012989	R[6]= 1.006166	R[7]= 1.006346	R[8]= 1.011381	R[9]= 1.005403	R[10]= 1.002456	R[11]= 1.002268	R[12]= 1.008384	R[13]= 1.003985	R[14]= 1.001510	R[15]= 1.006059	R[16]= 1.000821	
<R>= 1.005681

Mean parameters
A[0]= 0.975144 pm 0.025659
A[1]= 1.020425 pm 0.024726
A[2]= 0.502380 pm 0.236590
A[3]= 3.091365 pm 0.478558
A[4]= 2366.885489 pm 3688.062349
A[5]= -2229.450797 pm 1319.002762
A[6]= 517.156392 pm 147.932497
A[7]= 9523.658405 pm 6079.255359
A[8]= -4290.735168 pm 2298.926918
A[9]= 60.922125 pm 95.759219
A[10]= 2.967166 pm 0.748994
A[11]= 6257.396086 pm 4465.846537
A[12]= -3503.698006 pm 1421.713646
A[13]= 633.775208 pm 224.012819
A[14]= 11855.118393 pm 5998.806799
A[15]= -4117.937495 pm 2073.994107
A[16]= -45.153610 pm 108.881779

Best-fitting parameters
A[0]= 0.971326
A[1]= 1.013878
A[2]= 0.671571
A[3]= 3.154550
A[4]= 3320.210000
A[5]= -2762.284000
A[6]= 508.714500
A[7]= 14393.670000
A[8]= -6161.762000
A[9]= 106.184700
A[10]= 2.786998
A[11]= 7742.830000
A[12]= -4223.670000
A[13]= 701.616200
A[14]= 18640.060000
A[15]= -6632.919000
A[16]= 71.773140
chi2_min= 58.705830


Cross-Covariance parameters
1.000000	-0.485552	-0.103913	-0.129938	-0.191311	0.158183	0.067575	0.028152	0.031461	-0.176280	0.186476	-0.030536	0.110711	-0.197818	0.060330	-0.046234	-0.111082	
-0.485552	1.000000	0.082827	0.035216	0.330091	-0.278636	0.008363	-0.092593	0.013512	0.162550	-0.158115	0.185953	-0.225630	0.163065	-0.099711	0.061905	0.113463	
-0.103913	0.082827	1.000000	-0.271825	0.646977	-0.847754	0.469775	0.640090	-0.811104	0.530472	-0.357893	0.402922	-0.713268	0.465464	0.325318	-0.589350	0.179829	
-0.129938	0.035216	-0.271825	1.000000	0.155996	0.154969	-0.938981	-0.002291	0.004494	0.027080	0.079467	-0.107795	0.185961	-0.107549	-0.084916	0.162893	-0.026986	
-0.191311	0.330091	0.646977	0.155996	1.000000	-0.926863	0.166612	0.434025	-0.584853	0.415395	-0.268077	0.306738	-0.511125	0.336620	0.184991	-0.357040	0.146105	
0.158183	-0.278636	-0.847754	0.154969	-0.926863	1.000000	-0.455113	-0.525944	0.695188	-0.473014	0.329845	-0.376824	0.641909	-0.419935	-0.254516	0.480148	-0.171570	
0.067575	0.008363	0.469775	-0.938981	0.166612	-0.455113	1.000000	0.139213	-0.185864	0.089396	-0.158283	0.188202	-0.330147	0.207580	0.146412	-0.275468	0.067575	
0.028152	-0.092593	0.640090	-0.002291	0.434025	-0.525944	0.139213	1.000000	-0.953170	0.879020	-0.198790	0.252190	-0.443324	0.270499	0.246161	-0.409330	0.104478	
0.031461	0.013512	-0.811104	0.004494	-0.584853	0.695188	-0.185864	-0.953170	1.000000	-0.866939	0.273184	-0.324414	0.571867	-0.362060	-0.287188	0.497283	-0.140292	
-0.176280	0.162550	0.530472	0.027080	0.415395	-0.473014	0.089396	0.879020	-0.866939	1.000000	-0.207368	0.231337	-0.399206	0.265095	0.164049	-0.302399	0.113450	
0.186476	-0.158115	-0.357893	0.079467	-0.268077	0.329845	-0.158283	-0.198790	0.273184	-0.207368	1.000000	0.256250	0.163954	-0.956529	0.027525	-0.058342	0.004930	
-0.030536	0.185953	0.402922	-0.107795	0.306738	-0.376824	0.188202	0.252190	-0.324414	0.231337	0.256250	1.000000	-0.880330	0.007651	0.136805	-0.325733	0.068716	
0.110711	-0.225630	-0.713268	0.185961	-0.511125	0.641909	-0.330147	-0.443324	0.571867	-0.399206	0.163954	-0.880330	1.000000	-0.415086	-0.198816	0.426250	-0.105427	
-0.197818	0.163065	0.465464	-0.107549	0.336620	-0.419935	0.207580	0.270499	-0.362060	0.265095	-0.956529	0.007651	-0.415086	1.000000	0.003309	-0.017714	-0.000890	
0.060330	-0.099711	0.325318	-0.084916	0.184991	-0.254516	0.146412	0.246161	-0.287188	0.164049	0.027525	0.136805	-0.198816	0.003309	1.000000	-0.913502	0.805565	
-0.046234	0.061905	-0.589350	0.162893	-0.357040	0.480148	-0.275468	-0.409330	0.497283	-0.302399	-0.058342	-0.325733	0.426250	-0.017714	-0.913502	1.000000	-0.793395	
-0.111082	0.113463	0.179829	-0.026986	0.146105	-0.171570	0.067575	0.104478	-0.140292	0.113450	0.004930	0.068716	-0.105427	-0.000890	0.805565	-0.793395	1.000000	

Time taken for mcmc chain: 2.410556 hours
