Number of steps: 8150240
Number of accepted steps: 2000004
Burn-in number of steps: 60000
Accepted fraction of steps: 0.245392
Convergence Status
R[0]= 1.000120	R[1]= 1.000267	R[2]= 1.003378	R[3]= 1.000253	R[4]= 1.001300	R[5]= 1.002564	R[6]= 1.000716	R[7]= 1.001733	R[8]= 1.002531	R[9]= 1.001013	R[10]= 1.000843	R[11]= 1.000759	R[12]= 1.001634	R[13]= 1.000930	R[14]= 1.001007	R[15]= 1.001919	R[16]= 1.000678	
<R>= 1.001273

Mean parameters
A[0]= 1.003693 pm 0.020969
A[1]= 1.034353 pm 0.015235
A[2]= 0.505193 pm 0.177168
A[3]= 3.681987 pm 0.463406
A[4]= 7408.735486 pm 3401.320372
A[5]= -3484.476429 pm 1183.305807
A[6]= 429.609188 pm 143.223653
A[7]= 9424.022435 pm 5877.345113
A[8]= -4260.185671 pm 2172.401044
A[9]= -19.662579 pm 94.668544
A[10]= 4.895647 pm 0.699657
A[11]= 12472.452436 pm 4257.420042
A[12]= -3987.024021 pm 1461.437721
A[13]= 81.337648 pm 214.439557
A[14]= 5639.108031 pm 8272.227498
A[15]= -3878.637481 pm 2910.717285
A[16]= -108.283661 pm 137.605025

Best-fitting parameters
A[0]= 1.002607
A[1]= 1.030570
A[2]= 0.615446
A[3]= 3.588758
A[4]= 7359.200000
A[5]= -3754.170000
A[6]= 459.566900
A[7]= 11035.800000
A[8]= -5117.942000
A[9]= -8.592839
A[10]= 4.798883
A[11]= 13783.180000
A[12]= -4771.130000
A[13]= 142.507800
A[14]= 6692.136000
A[15]= -4642.523000
A[16]= -121.682500
chi2_min= 56.765820


Cross-Covariance parameters
1.000000	-0.448061	-0.149235	0.016051	-0.102507	0.139368	-0.060220	0.074928	0.001825	-0.117265	0.022884	-0.084132	0.131455	-0.053951	0.059549	0.003433	-0.101591	
-0.448061	1.000000	0.057961	-0.043021	0.233334	-0.215484	0.068631	-0.131353	0.062841	0.088084	-0.026606	0.217426	-0.199901	0.035103	-0.114647	0.060074	0.070303	
-0.149235	0.057961	1.000000	-0.273171	0.585603	-0.826262	0.459028	0.587791	-0.776857	0.517274	-0.304078	0.473306	-0.789366	0.428884	0.486226	-0.703158	0.394111	
0.016051	-0.043021	-0.273171	1.000000	0.219535	0.120378	-0.940175	0.036182	-0.033891	0.018992	0.100426	-0.130846	0.221037	-0.132895	-0.129956	0.189699	-0.110667	
-0.102507	0.233334	0.585603	0.219535	1.000000	-0.912671	0.101462	0.387769	-0.537488	0.362245	-0.177818	0.324079	-0.499388	0.250413	0.263512	-0.397164	0.233234	
0.139368	-0.215484	-0.826262	0.120378	-0.912671	1.000000	-0.422905	-0.478048	0.656155	-0.440165	0.255874	-0.427354	0.682381	-0.358168	-0.382549	0.567505	-0.328313	
-0.060220	0.068631	0.459028	-0.940175	0.101462	-0.422905	1.000000	0.083525	-0.131491	0.084170	-0.157275	0.219716	-0.368974	0.212961	0.216422	-0.317198	0.182610	
0.074928	-0.131353	0.587791	0.036182	0.387769	-0.478048	0.083525	1.000000	-0.950044	0.891076	-0.167559	0.268836	-0.452453	0.242293	0.328799	-0.445622	0.227002	
0.001825	0.062841	-0.776857	-0.033891	-0.537488	0.656155	-0.131491	-0.950044	1.000000	-0.883306	0.227217	-0.362479	0.606037	-0.325040	-0.406063	0.567794	-0.302045	
-0.117265	0.088084	0.517274	0.018992	0.362245	-0.440165	0.084170	0.891076	-0.883306	1.000000	-0.144776	0.265252	-0.421594	0.212308	0.248580	-0.362627	0.210403	
0.022884	-0.026606	-0.304078	0.100426	-0.177818	0.255874	-0.157275	-0.167559	0.227217	-0.144776	1.000000	0.259010	0.157310	-0.956633	0.007635	-0.018246	0.006400	
-0.084132	0.217426	0.473306	-0.130846	0.324079	-0.427354	0.219716	0.268836	-0.362479	0.265252	0.259010	1.000000	-0.870506	0.001392	0.233812	-0.387069	0.190816	
0.131455	-0.199901	-0.789366	0.221037	-0.499388	0.682381	-0.368974	-0.452453	0.606037	-0.421594	0.157310	-0.870506	1.000000	-0.402749	-0.347415	0.540456	-0.282416	
-0.053951	0.035103	0.428884	-0.132895	0.250413	-0.358168	0.212961	0.242293	-0.325040	0.212308	-0.956633	0.001392	-0.402749	1.000000	0.047892	-0.074555	0.030809	
0.059549	-0.114647	0.486226	-0.129956	0.263512	-0.382549	0.216422	0.328799	-0.406063	0.248580	0.007635	0.233812	-0.347415	0.047892	1.000000	-0.942500	0.881287	
0.003433	0.060074	-0.703158	0.189699	-0.397164	0.567505	-0.317198	-0.445622	0.567794	-0.362627	-0.018246	-0.387069	0.540456	-0.074555	-0.942500	1.000000	-0.870844	
-0.101591	0.070303	0.394111	-0.110667	0.233234	-0.328313	0.182610	0.227002	-0.302045	0.210403	0.006400	0.190816	-0.282416	0.030809	0.881287	-0.870844	1.000000	

Time taken for mcmc chain: 2.286667 hours
