Number of steps: 8790645
Number of accepted steps: 2000004
Burn-in number of steps: 60000
Accepted fraction of steps: 0.227515
Convergence Status
R[0]= 1.001261	R[1]= 1.001674	R[2]= 1.026999	R[3]= 1.000884	R[4]= 1.012984	R[5]= 1.018582	R[6]= 1.003007	R[7]= 1.008434	R[8]= 1.014674	R[9]= 1.005579	R[10]= 1.000503	R[11]= 1.005909	R[12]= 1.010457	R[13]= 1.001249	R[14]= 1.004305	R[15]= 1.009526	R[16]= 1.002492	
<R>= 1.007560

Mean parameters
A[0]= 0.958020 pm 0.025370
A[1]= 0.996840 pm 0.015746
A[2]= 0.209624 pm 0.158607
A[3]= 4.327047 pm 0.514329
A[4]= 160.307866 pm 3369.534479
A[5]= -482.741633 pm 1213.324846
A[6]= 177.649508 pm 157.917700
A[7]= 4898.650019 pm 6382.341756
A[8]= -2270.248790 pm 2193.238425
A[9]= -20.276155 pm 97.202810
A[10]= 3.864945 pm 0.807456
A[11]= -4639.644290 pm 4116.715554
A[12]= 467.220388 pm 1331.957531
A[13]= 213.262520 pm 243.340110
A[14]= 8169.585765 pm 7141.647389
A[15]= -2632.071744 pm 2183.517756
A[16]= -31.157059 pm 123.852368

Best-fitting parameters
A[0]= 0.971975
A[1]= 0.998255
A[2]= 0.024495
A[3]= 4.537625
A[4]= -2137.332000
A[5]= 684.324600
A[6]= 77.074580
A[7]= -303.510800
A[8]= -94.097470
A[9]= -98.534170
A[10]= 4.057181
A[11]= -6475.365000
A[12]= 1411.066000
A[13]= 133.020700
A[14]= 1238.466000
A[15]= -132.179100
A[16]= -123.511900
chi2_min= 62.451940


Cross-Covariance parameters
1.000000	-0.390208	-0.166428	-0.136020	-0.132927	0.106865	0.067619	0.008306	0.050070	-0.234282	0.177328	-0.024323	0.130448	-0.199712	0.017452	0.013541	-0.144541	
-0.390208	1.000000	0.080796	-0.090918	0.219144	-0.209962	0.097502	-0.089714	0.038102	0.147355	-0.033328	0.186115	-0.178500	0.039600	-0.064581	0.030756	0.095937	
-0.166428	0.080796	1.000000	-0.202201	0.694480	-0.835512	0.364501	0.644133	-0.793298	0.482077	-0.331511	0.420400	-0.684303	0.409404	0.339691	-0.524248	0.173427	
-0.136020	-0.090918	-0.202201	1.000000	0.013684	0.324398	-0.953917	-0.046706	0.059163	0.002938	0.047188	-0.116101	0.151997	-0.059220	-0.059087	0.101171	-0.015294	
-0.132927	0.219144	0.694480	0.013684	1.000000	-0.919467	0.257290	0.430729	-0.549497	0.340289	-0.223074	0.324054	-0.498318	0.276790	0.231387	-0.361705	0.133963	
0.106865	-0.209962	-0.835512	0.324398	-0.919467	1.000000	-0.562209	-0.502926	0.634311	-0.377971	0.266102	-0.382912	0.591890	-0.329716	-0.276999	0.434142	-0.149197	
0.067619	0.097502	0.364501	-0.953917	0.257290	-0.562209	1.000000	0.146160	-0.187148	0.073041	-0.106469	0.177342	-0.260072	0.131561	0.114212	-0.185507	0.048177	
0.008306	-0.089714	0.644133	-0.046706	0.430729	-0.502926	0.146160	1.000000	-0.968168	0.866159	-0.202544	0.265441	-0.432685	0.252933	0.247078	-0.362213	0.098789	
0.050070	0.038102	-0.793298	0.059163	-0.549497	0.634311	-0.187148	-0.968168	1.000000	-0.856033	0.255381	-0.329691	0.537270	-0.317452	-0.290161	0.433900	-0.128974	
-0.234282	0.147355	0.482077	0.002938	0.340289	-0.377971	0.073041	0.866159	-0.856033	1.000000	-0.177623	0.213646	-0.347150	0.217879	0.158146	-0.247506	0.109619	
0.177328	-0.033328	-0.331511	0.047188	-0.223074	0.266102	-0.106469	-0.202544	0.255381	-0.177623	1.000000	0.138000	0.358578	-0.966246	-0.060412	0.065339	-0.021925	
-0.024323	0.186115	0.420400	-0.116101	0.324054	-0.382912	0.177342	0.265441	-0.329691	0.213646	0.138000	1.000000	-0.850715	0.092960	0.092797	-0.198372	0.015724	
0.130448	-0.178500	-0.684303	0.151997	-0.498318	0.591890	-0.260072	-0.432685	0.537270	-0.347150	0.358578	-0.850715	1.000000	-0.562384	-0.172400	0.300686	-0.056902	
-0.199712	0.039600	0.409404	-0.059220	0.276790	-0.329716	0.131561	0.252933	-0.317452	0.217879	-0.966246	0.092960	-0.562384	1.000000	0.071420	-0.096056	0.015748	
0.017452	-0.064581	0.339691	-0.059087	0.231387	-0.276999	0.114212	0.247078	-0.290161	0.158146	-0.060412	0.092797	-0.172400	0.071420	1.000000	-0.958495	0.847885	
0.013541	0.030756	-0.524248	0.101171	-0.361705	0.434142	-0.185507	-0.362213	0.433900	-0.247506	0.065339	-0.198372	0.300686	-0.096056	-0.958495	1.000000	-0.862630	
-0.144541	0.095937	0.173427	-0.015294	0.133963	-0.149197	0.048177	0.098789	-0.128974	0.109619	-0.021925	0.015724	-0.056902	0.015748	0.847885	-0.862630	1.000000	

Time taken for mcmc chain: 2.296667 hours
