Number of steps: 8911330
Number of accepted steps: 1643000
Burn-in number of steps: 60000
Accepted fraction of steps: 0.184372
Convergence Status
R[0]= 1.000840	R[1]= 1.000908	R[2]= 1.000317	R[3]= 1.001040	R[4]= 1.000275	R[5]= 1.000240	R[6]= 1.000861	R[7]= 1.000608	R[8]= 1.000561	R[9]= 1.000465	R[10]= 1.000919	R[11]= 1.000116	R[12]= 1.000245	R[13]= 1.000946	R[14]= 1.000203	R[15]= 1.000342	R[16]= 1.000483	
<R>= 1.000551

Mean parameters
A[0]= 1.003268 pm 0.031491
A[1]= 1.015916 pm 0.022029
A[2]= 0.153812 pm 0.127723
A[3]= 3.911802 pm 0.489061
A[4]= 1669.383962 pm 3046.084135
A[5]= -884.321240 pm 1000.722404
A[6]= 271.006380 pm 150.475956
A[7]= -163.236177 pm 6083.455126
A[8]= -603.251581 pm 1924.056502
A[9]= -109.785273 pm 94.303174
A[10]= 2.783437 pm 0.755440
A[11]= 2923.272128 pm 3927.427027
A[12]= -2099.280729 pm 1087.901572
A[13]= 641.576201 pm 225.083850
A[14]= 12647.174295 pm 5347.677105
A[15]= -3733.614560 pm 1574.842111
A[16]= 71.303562 pm 103.419042

Best-fitting parameters
A[0]= 0.997987
A[1]= 1.020114
A[2]= 0.002877
A[3]= 4.234352
A[4]= -57.222980
A[5]= 70.259800
A[6]= 153.394300
A[7]= -3427.431000
A[8]= 813.820100
A[9]= -137.668700
A[10]= 2.777633
A[11]= 660.516100
A[12]= -1255.943000
A[13]= 602.235400
A[14]= 17240.160000
A[15]= -4489.343000
A[16]= 138.607300
chi2_min= 74.724420


Cross-Covariance parameters
1.000000	-0.443508	-0.101204	-0.082357	-0.019428	0.020211	0.050083	0.238230	-0.153600	-0.126946	0.141435	0.040492	0.050477	-0.148623	0.093016	-0.059944	-0.149802	
-0.443508	1.000000	0.063876	-0.031888	0.320280	-0.281619	0.045039	-0.235041	0.158651	0.111382	-0.064587	0.172126	-0.197026	0.066450	-0.094694	0.058645	0.134574	
-0.101204	0.063876	1.000000	-0.191921	0.522768	-0.725609	0.313724	0.506824	-0.678585	0.416466	-0.100958	0.282814	-0.473688	0.160636	0.154786	-0.353951	0.058754	
-0.082357	-0.031888	-0.191921	1.000000	0.110812	0.292435	-0.958162	-0.026140	0.037213	-0.002723	0.007149	-0.067173	0.095324	-0.015723	-0.032244	0.070546	0.001226	
-0.019428	0.320280	0.522768	0.110812	1.000000	-0.891861	0.138647	0.223370	-0.335503	0.222217	-0.044780	0.223706	-0.311768	0.075852	0.067493	-0.177845	0.055686	
0.020211	-0.281619	-0.725609	0.292435	-0.891861	1.000000	-0.518365	-0.309390	0.445170	-0.278369	0.063398	-0.268677	0.395338	-0.105556	-0.101496	0.251070	-0.058908	
0.050083	0.045039	0.313724	-0.958162	0.138647	-0.518365	1.000000	0.077767	-0.113852	0.044443	-0.021063	0.100659	-0.152901	0.037151	0.050145	-0.113057	0.010014	
0.238230	-0.235041	0.506824	-0.026140	0.223370	-0.309390	0.077767	1.000000	-0.967107	0.827823	-0.019296	0.125500	-0.207536	0.047656	0.121136	-0.214281	-0.024630	
-0.153600	0.158651	-0.678585	0.037213	-0.335503	0.445170	-0.113852	-0.967107	1.000000	-0.853751	0.044676	-0.178537	0.297064	-0.083574	-0.137291	0.266837	0.001432	
-0.126946	0.111382	0.416466	-0.002723	0.222217	-0.278369	0.044443	0.827823	-0.853751	1.000000	-0.062488	0.115416	-0.204362	0.085048	0.051941	-0.137128	0.041236	
0.141435	-0.064587	-0.100958	0.007149	-0.044780	0.063398	-0.021063	-0.019296	0.044676	-0.062488	1.000000	0.314135	0.202839	-0.964595	0.022287	-0.063813	-0.015206	
0.040492	0.172126	0.282814	-0.067173	0.223706	-0.268677	0.100659	0.125500	-0.178537	0.115416	0.314135	1.000000	-0.843498	-0.083395	-0.008024	-0.076190	-0.042237	
0.050477	-0.197026	-0.473688	0.095324	-0.311768	0.395338	-0.152901	-0.207536	0.297064	-0.204362	0.202839	-0.843498	1.000000	-0.431017	-0.005781	0.098413	0.027110	
-0.148623	0.066450	0.160636	-0.015723	0.075852	-0.105556	0.037151	0.047656	-0.083574	0.085048	-0.964595	-0.083395	-0.431017	1.000000	-0.029211	0.056226	-0.003509	
0.093016	-0.094694	0.154786	-0.032244	0.067493	-0.101496	0.050145	0.121136	-0.137291	0.051941	0.022287	-0.008024	-0.005781	-0.029211	1.000000	-0.943757	0.778774	
-0.059944	0.058645	-0.353951	0.070546	-0.177845	0.251070	-0.113057	-0.214281	0.266837	-0.137128	-0.063813	-0.076190	0.098413	0.056226	-0.943757	1.000000	-0.851790	
-0.149802	0.134574	0.058754	0.001226	0.055686	-0.058908	0.010014	-0.024630	0.001432	0.041236	-0.015206	-0.042237	0.027110	-0.003509	0.778774	-0.851790	1.000000	

Time taken for mcmc chain: 1.771111 hours
