Number of steps: 8572556
Number of accepted steps: 1431734
Burn-in number of steps: 60000
Accepted fraction of steps: 0.167014
Convergence Status
R[0]= 1.000501	R[1]= 1.001249	R[2]= 1.004364	R[3]= 1.001635	R[4]= 1.001227	R[5]= 1.002530	R[6]= 1.001689	R[7]= 1.000200	R[8]= 1.001353	R[9]= 1.000357	R[10]= 1.003830	R[11]= 1.000264	R[12]= 1.000827	R[13]= 1.003526	R[14]= 1.000194	R[15]= 1.000169	R[16]= 1.000347	
<R>= 1.001427

Mean parameters
A[0]= 1.011589 pm 0.075966
A[1]= 1.053760 pm 0.044236
A[2]= 0.306128 pm 0.201516
A[3]= 4.114696 pm 0.988932
A[4]= 8230.156714 pm 5262.595206
A[5]= -3627.322435 pm 1647.252919
A[6]= 462.433595 pm 292.249308
A[7]= 10107.177324 pm 7129.949505
A[8]= -5000.145938 pm 2528.055316
A[9]= 187.361557 pm 131.172203
A[10]= 3.810979 pm 1.531907
A[11]= 7704.440928 pm 6131.066237
A[12]= -4032.657488 pm 1882.791850
A[13]= 600.477388 pm 461.095364
A[14]= 12727.996220 pm 6122.015271
A[15]= -5649.902818 pm 2075.313934
A[16]= 253.227321 pm 150.273706

Best-fitting parameters
A[0]= 1.042961
A[1]= 1.054306
A[2]= 0.410962
A[3]= 4.374025
A[4]= 11007.120000
A[5]= -4382.982000
A[6]= 385.934800
A[7]= 13477.940000
A[8]= -6604.910000
A[9]= 221.355200
A[10]= 4.559927
A[11]= 12235.560000
A[12]= -4992.148000
A[13]= 386.152500
A[14]= 19516.720000
A[15]= -8072.449000
A[16]= 288.980000
chi2_min= 52.061750


Cross-Covariance parameters
1.000000	-0.439890	0.126336	-0.049333	0.087277	-0.117453	0.014025	0.275877	-0.269082	-0.320185	-0.101983	0.029736	-0.098794	0.076951	0.140807	-0.167459	-0.394688	
-0.439890	1.000000	0.035211	-0.104693	0.190731	-0.228929	0.098552	-0.202390	0.141283	0.296209	-0.087165	0.159690	-0.200771	0.080908	-0.097588	0.072882	0.333476	
0.126336	0.035211	1.000000	-0.087182	0.530214	-0.751074	0.197324	0.416428	-0.675965	0.208022	-0.280412	0.252939	-0.557155	0.323478	0.196336	-0.468105	-0.003955	
-0.049333	-0.104693	-0.087182	1.000000	0.365091	0.088731	-0.968088	0.073191	-0.134021	0.078358	0.074089	-0.035676	0.086252	-0.075729	-0.001150	0.022120	-0.009053	
0.087277	0.190731	0.530214	0.365091	1.000000	-0.869885	-0.165217	0.230317	-0.424279	0.149222	-0.158760	0.185634	-0.348293	0.174862	0.107163	-0.255534	0.016695	
-0.117453	-0.228929	-0.751074	0.088731	-0.869885	1.000000	-0.286324	-0.277939	0.495128	-0.157770	0.240506	-0.239184	0.479031	-0.265928	-0.141396	0.347782	-0.022800	
0.014025	0.098552	0.197324	-0.968088	-0.165217	-0.286324	1.000000	-0.039237	0.064356	-0.050033	-0.095743	0.058287	-0.137980	0.104656	0.019095	-0.070141	0.023124	
0.275877	-0.202390	0.416428	0.073191	0.230317	-0.277939	-0.039237	1.000000	-0.923476	0.636036	-0.104224	0.105637	-0.226354	0.119317	0.133988	-0.244417	-0.122366	
-0.269082	0.141283	-0.675965	-0.134021	-0.424279	0.495128	0.064356	-0.923476	1.000000	-0.633271	0.180180	-0.167924	0.368930	-0.205799	-0.170289	0.353192	0.096746	
-0.320185	0.296209	0.208022	0.078358	0.149222	-0.157770	-0.050033	0.636036	-0.633271	1.000000	-0.038776	0.087334	-0.139522	0.056174	-0.004457	-0.059587	0.170647	
-0.101983	-0.087165	-0.280412	0.074089	-0.158760	0.240506	-0.095743	-0.104224	0.180180	-0.038776	1.000000	0.293287	0.308697	-0.977827	-0.027335	-0.078365	0.026676	
0.029736	0.159690	0.252939	-0.035676	0.185634	-0.239184	0.058287	0.105637	-0.167924	0.087334	0.293287	1.000000	-0.793653	-0.121757	0.073148	-0.246105	0.047965	
-0.098794	-0.200771	-0.557155	0.086252	-0.348293	0.479031	-0.137980	-0.226354	0.368930	-0.139522	0.308697	-0.793653	1.000000	-0.468276	-0.121064	0.281390	-0.026122	
0.076951	0.080908	0.323478	-0.075729	0.174862	-0.265928	0.104656	0.119317	-0.205799	0.056174	-0.977827	-0.121757	-0.468276	1.000000	0.032253	0.052667	-0.020271	
0.140807	-0.097588	0.196336	-0.001150	0.107163	-0.141396	0.019095	0.133988	-0.170289	-0.004457	-0.027335	0.073148	-0.121064	0.032253	1.000000	-0.877036	0.548689	
-0.167459	0.072882	-0.468105	0.022120	-0.255534	0.347782	-0.070141	-0.244417	0.353192	-0.059587	-0.078365	-0.246105	0.281390	0.052667	-0.877036	1.000000	-0.590920	
-0.394688	0.333476	-0.003955	-0.009053	0.016695	-0.022800	0.023124	-0.122366	0.096746	0.170647	0.026676	0.047965	-0.026122	-0.020271	0.548689	-0.590920	1.000000	

Time taken for mcmc chain: 1.452222 hours
