Number of steps: 2165300
Number of accepted steps: 601000
Burn-in number of steps: 60000
Accepted fraction of steps: 0.277560
Convergence Status
R[0]= 1.000298	R[1]= 1.002032	R[2]= 1.003130	R[3]= 1.001422	R[4]= 1.001069	R[5]= 1.002108	R[6]= 1.001431	R[7]= 1.000934	R[8]= 1.000818	R[9]= 1.000079	R[10]= 1.000877	R[11]= 1.000305	R[12]= 1.001226	R[13]= 1.001165	R[14]= 1.000177	R[15]= 1.000442	R[16]= 1.000673	
<R>= 1.001070

Mean parameters
A[0]= 0.957576 pm 0.050241
A[1]= 1.041904 pm 0.025455
A[2]= 0.273810 pm 0.138296
A[3]= 6.663300 pm 1.015256
A[4]= 14179.022589 pm 4120.484168
A[5]= -3945.791158 pm 1523.025883
A[6]= -175.711831 pm 304.581772
A[7]= 8232.988947 pm 8181.493579
A[8]= -3905.719775 pm 2791.169770
A[9]= 95.928358 pm 139.213542
A[10]= 2.429398 pm 1.362750
A[11]= 8356.656047 pm 5590.029415
A[12]= -4979.601888 pm 1544.013904
A[13]= 1042.275269 pm 404.321005
A[14]= 454.759129 pm 9556.727435
A[15]= -889.706448 pm 2777.596891
A[16]= -48.012808 pm 180.589938

Best-fitting parameters
A[0]= 0.974081
A[1]= 1.040037
A[2]= 0.459902
A[3]= 6.569750
A[4]= 18774.510000
A[5]= -5876.476000
A[6]= -104.348100
A[7]= 19599.240000
A[8]= -8297.664000
A[9]= 203.818300
A[10]= 2.614039
A[11]= 13473.100000
A[12]= -6614.083000
A[13]= 1072.753000
A[14]= -1071.831000
A[15]= -1407.298000
A[16]= -44.149710
chi2_min= 74.382210


Cross-Covariance parameters
1.000000	-0.400828	0.017631	-0.180670	0.005084	-0.081234	0.125387	0.183333	-0.158377	-0.371889	0.038819	0.028371	-0.008399	-0.048232	0.050179	-0.064022	-0.095734	
-0.400828	1.000000	-0.009898	-0.075873	0.149039	-0.147259	0.048324	-0.191661	0.155381	0.273322	-0.153436	0.012349	-0.098554	0.145424	-0.069182	0.083374	0.054384	
0.017631	-0.009898	1.000000	-0.258693	0.534474	-0.787034	0.332254	0.559209	-0.726928	0.260744	-0.023785	0.199144	-0.309896	0.054160	0.165103	-0.261989	0.065736	
-0.180670	-0.075873	-0.258693	1.000000	0.159596	0.389119	-0.977380	-0.066433	0.050415	0.111993	0.056003	-0.058077	0.116757	-0.062166	-0.044106	0.064452	0.000116	
0.005084	0.149039	0.534474	0.159596	1.000000	-0.814383	0.000738	0.294711	-0.414053	0.183428	-0.013702	0.116018	-0.175475	0.027046	0.079375	-0.130506	0.035693	
-0.081234	-0.147259	-0.787034	0.389119	-0.814383	1.000000	-0.524560	-0.404114	0.533488	-0.162873	0.042989	-0.167639	0.269218	-0.064320	-0.124539	0.197709	-0.045367	
0.125387	0.048324	0.332254	-0.977380	0.000738	-0.524560	1.000000	0.099833	-0.098537	-0.084447	-0.050205	0.070925	-0.133318	0.059988	0.055148	-0.082219	0.007356	
0.183333	-0.191661	0.559209	-0.066433	0.294711	-0.404114	0.099833	1.000000	-0.958632	0.660899	0.030582	0.115928	-0.152411	-0.014453	0.122270	-0.177215	0.023649	
-0.158377	0.155381	-0.726928	0.050415	-0.414053	0.533488	-0.098537	-0.958632	1.000000	-0.663598	-0.020107	-0.149723	0.208560	-0.001062	-0.144144	0.216559	-0.038008	
-0.371889	0.273322	0.260744	0.111993	0.183428	-0.162873	-0.084447	0.660899	-0.663598	1.000000	-0.026967	0.050918	-0.090352	0.036296	0.023628	-0.044371	0.060665	
0.038819	-0.153436	-0.023785	0.056003	-0.013702	0.042989	-0.050205	0.030582	-0.020107	-0.026967	1.000000	0.336080	0.242410	-0.974568	0.074332	-0.183213	0.097212	
0.028371	0.012349	0.199144	-0.058077	0.116018	-0.167639	0.070925	0.115928	-0.149723	0.050918	0.336080	1.000000	-0.814529	-0.140025	0.074908	-0.144483	0.078784	
-0.008399	-0.098554	-0.309896	0.116757	-0.175475	0.269218	-0.133318	-0.152411	0.208560	-0.090352	0.242410	-0.814529	1.000000	-0.437123	-0.055828	0.073583	-0.028984	
-0.048232	0.145424	0.054160	-0.062166	0.027046	-0.064320	0.059988	-0.014453	-0.001062	0.036296	-0.974568	-0.140025	-0.437123	1.000000	-0.069740	0.171909	-0.094536	
0.050179	-0.069182	0.165103	-0.044106	0.079375	-0.124539	0.055148	0.122270	-0.144144	0.023628	0.074332	0.074908	-0.055828	-0.069740	1.000000	-0.964304	0.843553	
-0.064022	0.083374	-0.261989	0.064452	-0.130506	0.197709	-0.082219	-0.177215	0.216559	-0.044371	-0.183213	-0.144483	0.073583	0.171909	-0.964304	1.000000	-0.903733	
-0.095734	0.054384	0.065736	0.000116	0.035693	-0.045367	0.007356	0.023649	-0.038008	0.060665	0.097212	0.078784	-0.028984	-0.094536	0.843553	-0.903733	1.000000	

Time taken for mcmc chain: 17.483333 minutes
