Number of steps: 9796857
Number of accepted steps: 2000004
Burn-in number of steps: 60000
Accepted fraction of steps: 0.204148
Convergence Status
R[0]= 1.000176	R[1]= 1.000659	R[2]= 1.011083	R[3]= 1.000883	R[4]= 1.005088	R[5]= 1.008198	R[6]= 1.001927	R[7]= 1.003379	R[8]= 1.005867	R[9]= 1.002780	R[10]= 1.000780	R[11]= 1.003161	R[12]= 1.004033	R[13]= 1.000578	R[14]= 1.000878	R[15]= 1.002260	R[16]= 1.000758	
<R>= 1.003088

Mean parameters
A[0]= 0.994547 pm 0.029703
A[1]= 1.017191 pm 0.018571
A[2]= 0.183213 pm 0.142709
A[3]= 4.158006 pm 0.497061
A[4]= 2375.008030 pm 3167.939506
A[5]= -1097.647168 pm 1094.033502
A[6]= 229.926886 pm 155.119465
A[7]= -5141.831365 pm 6354.582160
A[8]= 493.109361 pm 2099.594097
A[9]= -169.267843 pm 95.843079
A[10]= 3.467934 pm 0.751171
A[11]= 5145.655255 pm 4077.856958
A[12]= -2342.510430 pm 1186.104276
A[13]= 468.467258 pm 223.112299
A[14]= -41.589115 pm 8114.063295
A[15]= -535.232995 pm 2422.828215
A[16]= -128.097469 pm 136.771062

Best-fitting parameters
A[0]= 0.983788
A[1]= 1.023348
A[2]= 0.021777
A[3]= 4.312806
A[4]= 726.622000
A[5]= -258.573300
A[6]= 170.203900
A[7]= -13332.470000
A[8]= 3352.487000
A[9]= -274.069600
A[10]= 3.119285
A[11]= 2922.550000
A[12]= -1754.229000
A[13]= 546.577200
A[14]= -4030.387000
A[15]= 876.877800
A[16]= -133.774100
chi2_min= 58.207750


Cross-Covariance parameters
1.000000	-0.442353	-0.050610	-0.007164	0.026913	-0.001766	-0.018475	0.234739	-0.163496	-0.102273	-0.092239	-0.018663	-0.006781	0.072401	0.128098	-0.094747	-0.073200	
-0.442353	1.000000	0.002028	-0.045827	0.233967	-0.193753	0.050648	-0.232080	0.169350	0.082053	0.009174	0.179424	-0.153331	-0.004316	-0.146984	0.120843	0.039885	
-0.050610	0.002028	1.000000	-0.251227	0.582721	-0.785610	0.386696	0.585195	-0.745714	0.466762	-0.109692	0.360818	-0.578964	0.188621	0.347758	-0.510125	0.235243	
-0.007164	-0.045827	-0.251227	1.000000	0.069605	0.318806	-0.957162	-0.052739	0.076359	-0.036863	0.013581	-0.107870	0.153803	-0.033414	-0.075128	0.118107	-0.050618	
0.026913	0.233967	0.582721	0.069605	1.000000	-0.897287	0.187986	0.327326	-0.438660	0.280339	-0.084533	0.267570	-0.395221	0.129085	0.183604	-0.279984	0.133427	
-0.001766	-0.193753	-0.785610	0.318806	-0.897287	1.000000	-0.547352	-0.419875	0.555112	-0.347819	0.096036	-0.331819	0.500278	-0.157007	-0.253890	0.383675	-0.179711	
-0.018475	0.050648	0.386696	-0.957162	0.187986	-0.547352	1.000000	0.126689	-0.176238	0.095121	-0.027116	0.155492	-0.230669	0.057940	0.119627	-0.184663	0.082614	
0.234739	-0.232080	0.585195	-0.052739	0.327326	-0.419875	0.126689	1.000000	-0.967718	0.844552	-0.084904	0.188229	-0.327082	0.127946	0.254507	-0.341254	0.120546	
-0.163496	0.169350	-0.745714	0.076359	-0.438660	0.555112	-0.176238	-0.967718	1.000000	-0.855068	0.099053	-0.252018	0.423772	-0.155340	-0.295913	0.410970	-0.161167	
-0.102273	0.082053	0.466762	-0.036863	0.280339	-0.347819	0.095121	0.844552	-0.855068	1.000000	-0.048063	0.177998	-0.278212	0.086375	0.141180	-0.220964	0.112244	
-0.092239	0.009174	-0.109692	0.013581	-0.084533	0.096036	-0.027116	-0.084904	0.099053	-0.048063	1.000000	0.289530	0.192134	-0.961987	-0.004381	-0.027350	0.023790	
-0.018663	0.179424	0.360818	-0.107870	0.267570	-0.331819	0.155492	0.188229	-0.252018	0.177998	0.289530	1.000000	-0.856472	-0.048289	0.061590	-0.145723	0.026964	
-0.006781	-0.153331	-0.578964	0.153803	-0.395221	0.500278	-0.230669	-0.327082	0.423772	-0.278212	0.192134	-0.856472	1.000000	-0.425932	-0.129129	0.226253	-0.060026	
0.072401	-0.004316	0.188621	-0.033414	0.129085	-0.157007	0.057940	0.127946	-0.155340	0.086375	-0.961987	-0.048289	-0.425932	1.000000	0.010330	0.004658	-0.029214	
0.128098	-0.146984	0.347758	-0.075128	0.183604	-0.253890	0.119627	0.254507	-0.295913	0.141180	-0.004381	0.061590	-0.129129	0.010330	1.000000	-0.967943	0.873485	
-0.094747	0.120843	-0.510125	0.118107	-0.279984	0.383675	-0.184663	-0.341254	0.410970	-0.220964	-0.027350	-0.145723	0.226253	0.004658	-0.967943	1.000000	-0.897670	
-0.073200	0.039885	0.235243	-0.050618	0.133427	-0.179711	0.082614	0.120546	-0.161167	0.112244	0.023790	0.026964	-0.060026	-0.029214	0.873485	-0.897670	1.000000	

Time taken for mcmc chain: 2.408889 hours
