Number of steps: 11250413
Number of accepted steps: 2000004
Burn-in number of steps: 60000
Accepted fraction of steps: 0.177772
Convergence Status
R[0]= 1.001468	R[1]= 1.002096	R[2]= 1.004102	R[3]= 1.000277	R[4]= 1.000559	R[5]= 1.000665	R[6]= 1.000124	R[7]= 1.002495	R[8]= 1.003257	R[9]= 1.000632	R[10]= 1.000652	R[11]= 1.000794	R[12]= 1.001468	R[13]= 1.000833	R[14]= 1.000753	R[15]= 1.001104	R[16]= 1.000295	
<R>= 1.001269

Mean parameters
A[0]= 1.081001 pm 0.038006
A[1]= 0.966415 pm 0.024338
A[2]= 0.139377 pm 0.116581
A[3]= 3.825104 pm 0.500154
A[4]= -1353.920755 pm 2782.179794
A[5]= -84.471260 pm 891.703094
A[6]= 255.817605 pm 152.797875
A[7]= 4600.559967 pm 5913.814090
A[8]= -1437.993375 pm 1821.107169
A[9]= -174.261172 pm 92.065269
A[10]= 3.131967 pm 0.796062
A[11]= -136.344506 pm 3806.095935
A[12]= -1093.237577 pm 1088.194653
A[13]= 499.202019 pm 234.740034
A[14]= 3978.563497 pm 7774.548553
A[15]= -835.166731 pm 2234.501776
A[16]= -241.575815 pm 131.938456

Best-fitting parameters
A[0]= 1.081899
A[1]= 0.964164
A[2]= 0.009856
A[3]= 3.627686
A[4]= -2857.832000
A[5]= 413.682700
A[6]= 297.084400
A[7]= -392.914500
A[8]= 431.491800
A[9]= -251.592000
A[10]= 3.480299
A[11]= -3008.622000
A[12]= 80.845760
A[13]= 358.285300
A[14]= -1573.026000
A[15]= 935.186800
A[16]= -310.751900
chi2_min= 46.274050


Cross-Covariance parameters
1.000000	-0.543028	-0.034282	0.062158	0.060272	-0.007801	-0.055807	0.345475	-0.274900	-0.089028	0.044246	0.048642	-0.014988	-0.035324	0.196467	-0.170589	-0.057656	
-0.543028	1.000000	-0.029510	-0.069103	0.214693	-0.200969	0.042113	-0.243267	0.198638	0.158520	-0.203678	0.090762	-0.175848	0.180819	-0.174161	0.166125	0.081999	
-0.034282	-0.029510	1.000000	-0.193247	0.425419	-0.645708	0.288799	0.426611	-0.608821	0.378863	-0.051361	0.255948	-0.410313	0.103510	0.224576	-0.370576	0.168107	
0.062158	-0.069103	-0.193247	1.000000	0.124569	0.332586	-0.962514	0.140130	-0.095629	-0.050281	0.021021	-0.056340	0.090342	-0.029956	-0.027943	0.057409	-0.037457	
0.060272	0.214693	0.425419	0.124569	1.000000	-0.867816	0.107224	0.208763	-0.293602	0.172928	-0.087936	0.163487	-0.255425	0.105274	0.093044	-0.153990	0.093596	
-0.007801	-0.200969	-0.645708	0.332586	-0.867816	1.000000	-0.540398	-0.206856	0.334863	-0.242770	0.091615	-0.212302	0.335228	-0.120880	-0.136127	0.230012	-0.129958	
-0.055807	0.042113	0.288799	-0.962514	0.107224	-0.540398	1.000000	-0.097104	0.034819	0.066096	-0.020607	0.078219	-0.124752	0.035230	0.054504	-0.097690	0.053150	
0.345475	-0.243267	0.426611	0.140130	0.208763	-0.206856	-0.097104	1.000000	-0.967138	0.791284	0.008733	0.128223	-0.176752	0.018646	0.172035	-0.225783	0.046966	
-0.274900	0.198638	-0.608821	-0.095629	-0.293602	0.334863	0.034819	-0.967138	1.000000	-0.827673	0.009011	-0.172779	0.253858	-0.044780	-0.198119	0.280003	-0.082294	
-0.089028	0.158520	0.378863	-0.050281	0.172928	-0.242770	0.066096	0.791284	-0.827673	1.000000	-0.051983	0.120425	-0.192389	0.068801	0.056184	-0.112508	0.072894	
0.044246	-0.203678	-0.051361	0.021021	-0.087936	0.091615	-0.020607	0.008733	0.009011	-0.051983	1.000000	0.250302	0.289359	-0.967407	0.163396	-0.179827	-0.042894	
0.048642	0.090762	0.255948	-0.056340	0.163487	-0.212302	0.078219	0.128223	-0.172779	0.120425	0.250302	1.000000	-0.831632	-0.029078	0.034366	-0.082193	-0.039314	
-0.014988	-0.175848	-0.410313	0.090342	-0.255425	0.335228	-0.124752	-0.176752	0.253858	-0.192389	0.289359	-0.831632	1.000000	-0.500274	0.019680	0.038701	-0.006857	
-0.035324	0.180819	0.103510	-0.029956	0.105274	-0.120880	0.035230	0.018646	-0.044780	0.068801	-0.967407	-0.029078	-0.500274	1.000000	-0.164773	0.172486	0.022680	
0.196467	-0.174161	0.224576	-0.027943	0.093044	-0.136127	0.054504	0.172035	-0.198119	0.056184	0.163396	0.034366	0.019680	-0.164773	1.000000	-0.971827	0.841284	
-0.170589	0.166125	-0.370576	0.057409	-0.153990	0.230012	-0.097690	-0.225783	0.280003	-0.112508	-0.179827	-0.082193	0.038701	0.172486	-0.971827	1.000000	-0.880183	
-0.057656	0.081999	0.168107	-0.037457	0.093596	-0.129958	0.053150	0.046966	-0.082294	0.072894	-0.042894	-0.039314	-0.006857	0.022680	0.841284	-0.880183	1.000000	

Time taken for mcmc chain: 2.437500 hours
