Number of steps: 9389538
Number of accepted steps: 2000004
Burn-in number of steps: 60000
Accepted fraction of steps: 0.213003
Convergence Status
R[0]= 1.000459	R[1]= 1.000776	R[2]= 1.021236	R[3]= 1.000569	R[4]= 1.010586	R[5]= 1.015274	R[6]= 1.001846	R[7]= 1.007617	R[8]= 1.012917	R[9]= 1.005551	R[10]= 1.002077	R[11]= 1.005776	R[12]= 1.012396	R[13]= 1.003493	R[14]= 1.004529	R[15]= 1.009554	R[16]= 1.003510	
<R>= 1.006951

Mean parameters
A[0]= 1.012120 pm 0.026036
A[1]= 0.964721 pm 0.018350
A[2]= 0.321129 pm 0.190285
A[3]= 3.633962 pm 0.491949
A[4]= -1089.037687 pm 3291.465206
A[5]= -912.163810 pm 1170.539635
A[6]= 381.809261 pm 150.288269
A[7]= 5343.965074 pm 6437.349151
A[8]= -2497.060851 pm 2290.202797
A[9]= -100.665332 pm 100.321475
A[10]= 4.241115 pm 0.787824
A[11]= -466.979154 pm 4361.801633
A[12]= -681.109196 pm 1476.456813
A[13]= 193.108912 pm 235.829043
A[14]= -3012.040002 pm 8493.063790
A[15]= -656.417999 pm 2822.305572
A[16]= -265.322397 pm 140.093360

Best-fitting parameters
A[0]= 1.000167
A[1]= 0.973817
A[2]= 0.222703
A[3]= 3.786429
A[4]= -1012.853000
A[5]= -636.111100
A[6]= 333.511700
A[7]= 1779.965000
A[8]= -1134.745000
A[9]= -142.158400
A[10]= 4.094034
A[11]= -1834.895000
A[12]= -158.857600
A[13]= 204.508000
A[14]= -2193.086000
A[15]= -482.573800
A[16]= -214.374100
chi2_min= 60.919610


Cross-Covariance parameters
1.000000	-0.441380	-0.102024	-0.061594	-0.072592	0.075932	0.028267	0.076650	-0.015415	-0.140719	0.113845	-0.017754	0.083110	-0.125707	0.082953	-0.046081	-0.107219	
-0.441380	1.000000	0.054455	-0.043236	0.184991	-0.173925	0.035341	-0.056076	0.016199	0.164322	-0.145946	0.151735	-0.180569	0.131593	-0.082020	0.056531	0.102351	
-0.102024	0.054455	1.000000	-0.180518	0.671296	-0.832839	0.349863	0.639204	-0.797566	0.543356	-0.265450	0.516867	-0.752597	0.373917	0.464700	-0.657377	0.363895	
-0.061594	-0.043236	-0.180518	1.000000	0.080442	0.250884	-0.949598	0.067354	-0.048014	-0.014810	0.063129	-0.098371	0.145092	-0.079374	-0.088168	0.121957	-0.064245	
-0.072592	0.184991	0.671296	0.080442	1.000000	-0.919772	0.206580	0.451152	-0.570224	0.380953	-0.196609	0.372420	-0.530807	0.265331	0.301441	-0.431701	0.250449	
0.075932	-0.173925	-0.832839	0.250884	-0.919772	1.000000	-0.508884	-0.500621	0.641286	-0.443175	0.241201	-0.450557	0.649005	-0.327333	-0.378140	0.539294	-0.307767	
0.028267	0.035341	0.349863	-0.949598	0.206580	-0.508884	1.000000	0.045224	-0.095593	0.098450	-0.107441	0.180565	-0.268325	0.142469	0.165275	-0.231735	0.124027	
0.076650	-0.056076	0.639204	0.067354	0.451152	-0.500621	0.045224	1.000000	-0.964013	0.887699	-0.157761	0.338199	-0.482647	0.229324	0.318485	-0.438456	0.221001	
-0.015415	0.016199	-0.797566	-0.048014	-0.570224	0.641286	-0.095593	-0.964013	1.000000	-0.880057	0.204811	-0.418086	0.602204	-0.292911	-0.384340	0.535977	-0.281921	
-0.140719	0.164322	0.543356	-0.014810	0.380953	-0.443175	0.098450	0.887699	-0.880057	1.000000	-0.170356	0.300078	-0.433125	0.228657	0.233719	-0.340781	0.208984	
0.113845	-0.145946	-0.265450	0.063129	-0.196609	0.241201	-0.107441	-0.157761	0.204811	-0.170356	1.000000	0.122627	0.300378	-0.961154	0.064703	-0.053824	-0.039348	
-0.017754	0.151735	0.516867	-0.098371	0.372420	-0.450557	0.180565	0.338199	-0.418086	0.300078	0.122627	1.000000	-0.879950	0.124696	0.245171	-0.367953	0.154243	
0.083110	-0.180569	-0.752597	0.145092	-0.530807	0.649005	-0.268325	-0.482647	0.602204	-0.433125	0.300378	-0.879950	1.000000	-0.521413	-0.295402	0.446970	-0.230140	
-0.125707	0.131593	0.373917	-0.079374	0.265331	-0.327333	0.142469	0.229324	-0.292911	0.228657	-0.961154	0.124696	-0.521413	1.000000	-0.015912	-0.021281	0.060694	
0.082953	-0.082020	0.464700	-0.088168	0.301441	-0.378140	0.165275	0.318485	-0.384340	0.233719	0.064703	0.245171	-0.295402	-0.015912	1.000000	-0.956981	0.875044	
-0.046081	0.056531	-0.657377	0.121957	-0.431701	0.539294	-0.231735	-0.438456	0.535977	-0.340781	-0.053824	-0.367953	0.446970	-0.021281	-0.956981	1.000000	-0.869393	
-0.107219	0.102351	0.363895	-0.064245	0.250449	-0.307767	0.124027	0.221001	-0.281921	0.208984	-0.039348	0.154243	-0.230140	0.060694	0.875044	-0.869393	1.000000	

Time taken for mcmc chain: 2.370556 hours
