Number of steps: 1696173
Number of accepted steps: 453820
Burn-in number of steps: 60000
Accepted fraction of steps: 0.267555
Convergence Status
R[0]= 1.001294	R[1]= 1.000708	R[2]= 1.002552	R[3]= 1.000555	R[4]= 1.000961	R[5]= 1.000610	R[6]= 1.000411	R[7]= 1.002639	R[8]= 1.002757	R[9]= 1.000712	R[10]= 1.000983	R[11]= 1.000842	R[12]= 1.001542	R[13]= 1.001047	R[14]= 1.000768	R[15]= 1.001558	R[16]= 1.000861	
<R>= 1.001223

Mean parameters
A[0]= 1.066957 pm 0.050897
A[1]= 0.961913 pm 0.046089
A[2]= 0.356176 pm 0.179930
A[3]= 5.410616 pm 1.087145
A[4]= 7153.352049 pm 5370.118888
A[5]= -2728.286810 pm 1810.477905
A[6]= 102.843175 pm 310.513469
A[7]= 4964.794052 pm 8638.563266
A[8]= -3402.124148 pm 3096.038869
A[9]= -191.919517 pm 158.108386
A[10]= 7.486413 pm 1.679364
A[11]= 4361.776630 pm 7424.412170
A[12]= -987.954584 pm 2499.235105
A[13]= -562.213192 pm 487.609009
A[14]= 756.983784 pm 10522.603685
A[15]= -2497.303975 pm 3957.013109
A[16]= -415.222491 pm 205.238456

Best-fitting parameters
A[0]= 1.052142
A[1]= 0.982948
A[2]= 0.565744
A[3]= 5.599605
A[4]= 11978.670000
A[5]= -4480.178000
A[6]= 76.942200
A[7]= 14847.060000
A[8]= -7432.651000
A[9]= -40.591860
A[10]= 8.161737
A[11]= 10269.280000
A[12]= -3126.886000
A[13]= -713.521300
A[14]= 4758.306000
A[15]= -5864.257000
A[16]= -356.295200
chi2_min= 66.963960


Cross-Covariance parameters
1.000000	-0.495890	-0.124893	0.028201	-0.162457	0.176503	-0.043979	0.106924	-0.043564	-0.335051	-0.019162	-0.167662	0.161818	0.009041	0.083437	-0.024596	-0.337237	
-0.495890	1.000000	0.146090	-0.270606	0.335616	-0.416592	0.226563	-0.145622	0.060537	0.400455	-0.118389	0.344609	-0.371113	0.074474	-0.109629	0.019411	0.404920	
-0.124893	0.146090	1.000000	-0.146223	0.574029	-0.762392	0.260633	0.478236	-0.696537	0.444631	-0.056919	0.567877	-0.730156	0.149516	0.454230	-0.700329	0.374616	
0.028201	-0.270606	-0.146223	1.000000	0.203662	0.245694	-0.969370	0.215767	-0.217203	-0.108778	0.046435	-0.143024	0.175320	-0.038853	-0.047109	0.096246	-0.146058	
-0.162457	0.335616	0.574029	0.203662	1.000000	-0.876636	-0.018085	0.285067	-0.457573	0.316763	-0.056333	0.406279	-0.493202	0.093833	0.218500	-0.370921	0.291319	
0.176503	-0.416592	-0.762392	0.245694	-0.876636	1.000000	-0.418231	-0.266382	0.461405	-0.409183	0.079234	-0.522188	0.645056	-0.128977	-0.303359	0.505227	-0.384697	
-0.043979	0.226563	0.260633	-0.969370	-0.018085	-0.418231	1.000000	-0.154310	0.128470	0.131182	-0.043380	0.190608	-0.240082	0.051032	0.107215	-0.180640	0.170331	
0.106924	-0.145622	0.478236	0.215767	0.285067	-0.266382	-0.154310	1.000000	-0.943735	0.711435	0.004612	0.226962	-0.297197	0.050282	0.251934	-0.360183	0.076772	
-0.043564	0.060537	-0.696537	-0.217203	-0.457573	0.461405	0.128470	-0.943735	1.000000	-0.736197	0.020739	-0.362077	0.471366	-0.093143	-0.340103	0.504823	-0.182842	
-0.335051	0.400455	0.444631	-0.108778	0.316763	-0.409183	0.131182	0.711435	-0.736197	1.000000	-0.046982	0.340460	-0.406774	0.071600	0.124275	-0.256757	0.298330	
-0.019162	-0.118389	-0.056919	0.046435	-0.056333	0.079234	-0.043380	0.004612	0.020739	-0.046982	1.000000	0.220037	0.249304	-0.974964	0.200562	-0.257009	-0.123406	
-0.167662	0.344609	0.567877	-0.143024	0.406279	-0.522188	0.190608	0.226962	-0.362077	0.340460	0.220037	1.000000	-0.864234	-0.054821	0.282562	-0.468577	0.301076	
0.161818	-0.371113	-0.730156	0.175320	-0.493202	0.645056	-0.240082	-0.297197	0.471366	-0.406774	0.249304	-0.864234	1.000000	-0.402371	-0.261032	0.452532	-0.390551	
0.009041	0.074474	0.149516	-0.038853	0.093833	-0.128977	0.051032	0.050282	-0.093143	0.071600	-0.974964	-0.054821	-0.402371	1.000000	-0.149097	0.182229	0.135450	
0.083437	-0.109629	0.454230	-0.047109	0.218500	-0.303359	0.107215	0.251934	-0.340103	0.124275	0.200562	0.282562	-0.261032	-0.149097	1.000000	-0.924898	0.679073	
-0.024596	0.019411	-0.700329	0.096246	-0.370921	0.505227	-0.180640	-0.360183	0.504823	-0.256757	-0.257009	-0.468577	0.452532	0.182229	-0.924898	1.000000	-0.684201	
-0.337237	0.404920	0.374616	-0.146058	0.291319	-0.384697	0.170331	0.076772	-0.182842	0.298330	-0.123406	0.301076	-0.390551	0.135450	0.679073	-0.684201	1.000000	

Time taken for mcmc chain: 10.966667 minutes
