Number of steps: 9615553
Number of accepted steps: 2000004
Burn-in number of steps: 60000
Accepted fraction of steps: 0.207997
Convergence Status
R[0]= 1.000600	R[1]= 1.000625	R[2]= 1.037090	R[3]= 1.001513	R[4]= 1.012116	R[5]= 1.021511	R[6]= 1.003824	R[7]= 1.014065	R[8]= 1.021476	R[9]= 1.006284	R[10]= 1.000163	R[11]= 1.009685	R[12]= 1.015634	R[13]= 1.000131	R[14]= 1.007934	R[15]= 1.014623	R[16]= 1.002389	
<R>= 1.009980

Mean parameters
A[0]= 0.958389 pm 0.025179
A[1]= 1.045538 pm 0.017232
A[2]= 0.207539 pm 0.146466
A[3]= 3.614782 pm 0.489603
A[4]= 2188.327523 pm 3128.778834
A[5]= -1313.228906 pm 1043.962468
A[6]= 357.469265 pm 150.603733
A[7]= -95.425116 pm 6127.163724
A[8]= -913.529298 pm 1988.513644
A[9]= -39.874141 pm 95.004557
A[10]= 4.591998 pm 0.751570
A[11]= -856.549510 pm 4577.669260
A[12]= -278.350227 pm 1412.416992
A[13]= 41.621300 pm 225.008251
A[14]= -1066.269781 pm 8451.063681
A[15]= -247.260985 pm 2649.179908
A[16]= -149.752511 pm 138.229701

Best-fitting parameters
A[0]= 0.963720
A[1]= 1.050709
A[2]= 0.140957
A[3]= 3.446294
A[4]= 2138.260000
A[5]= -1293.247000
A[6]= 406.222700
A[7]= -910.275600
A[8]= -399.534800
A[9]= -52.210650
A[10]= 4.630604
A[11]= -1874.307000
A[12]= 249.070800
A[13]= 3.305106
A[14]= -1667.398000
A[15]= 273.182000
A[16]= -156.752500
chi2_min= 59.029430


Cross-Covariance parameters
1.000000	-0.458997	-0.111514	-0.021268	-0.068284	0.080037	-0.021227	0.097333	-0.046595	-0.148831	-0.059955	-0.076898	0.076038	0.021125	0.060270	-0.021652	-0.145530	
-0.458997	1.000000	0.078580	-0.033406	0.258358	-0.234743	0.058313	-0.146869	0.087133	0.098856	0.020093	0.247337	-0.218143	0.001193	-0.127857	0.080457	0.075760	
-0.111514	0.078580	1.000000	-0.217679	0.574815	-0.781178	0.353473	0.579600	-0.728998	0.429697	-0.146918	0.499350	-0.723776	0.266548	0.462780	-0.633457	0.298801	
-0.021268	-0.033406	-0.217679	1.000000	0.151125	0.247002	-0.955333	-0.082270	0.077981	0.009193	0.043228	-0.115104	0.166241	-0.067993	-0.107529	0.143148	-0.066962	
-0.068284	0.258358	0.574815	0.151125	1.000000	-0.895801	0.117970	0.297026	-0.410924	0.261451	-0.081368	0.342437	-0.460836	0.150609	0.230311	-0.335836	0.165372	
0.080037	-0.234743	-0.781178	0.247002	-0.895801	1.000000	-0.491298	-0.411470	0.539433	-0.314468	0.115390	-0.435457	0.603206	-0.208940	-0.335132	0.473976	-0.229116	
-0.021227	0.058313	0.353473	-0.955333	0.117970	-0.491298	1.000000	0.150037	-0.172181	0.046634	-0.060328	0.184170	-0.264925	0.102112	0.165484	-0.225077	0.108418	
0.097333	-0.146869	0.579600	-0.082270	0.297026	-0.411470	0.150037	1.000000	-0.970258	0.867042	-0.097324	0.259899	-0.398444	0.162895	0.305455	-0.396471	0.154939	
-0.046595	0.087133	-0.728998	0.077981	-0.410924	0.539433	-0.172181	-0.970258	1.000000	-0.870347	0.116139	-0.342023	0.511857	-0.200183	-0.364653	0.483606	-0.203202	
-0.148831	0.098856	0.429697	0.009193	0.261451	-0.314468	0.046634	0.867042	-0.870347	1.000000	-0.055129	0.223224	-0.315045	0.109087	0.184287	-0.260440	0.140536	
-0.059955	0.020093	-0.146918	0.043228	-0.081368	0.115390	-0.060328	-0.097324	0.116139	-0.055129	1.000000	0.278931	0.155588	-0.957093	-0.072637	0.042086	0.033964	
-0.076898	0.247337	0.499350	-0.115104	0.342437	-0.435457	0.184170	0.259899	-0.342023	0.223224	0.278931	1.000000	-0.878494	-0.020308	0.153446	-0.271647	0.112603	
0.076038	-0.218143	-0.723776	0.166241	-0.460836	0.603206	-0.264925	-0.398444	0.511857	-0.315045	0.155588	-0.878494	1.000000	-0.403693	-0.272334	0.405157	-0.156884	
0.021125	0.001193	0.266548	-0.067993	0.150609	-0.208940	0.102112	0.162895	-0.200183	0.109087	-0.957093	-0.020308	-0.403693	1.000000	0.106833	-0.102438	-0.015942	
0.060270	-0.127857	0.462780	-0.107529	0.230311	-0.335132	0.165484	0.305455	-0.364653	0.184287	-0.072637	0.153446	-0.272334	0.106833	1.000000	-0.964614	0.861146	
-0.021652	0.080457	-0.633457	0.143148	-0.335836	0.473976	-0.225077	-0.396471	0.483606	-0.260440	0.042086	-0.271647	0.405157	-0.102438	-0.964614	1.000000	-0.869220	
-0.145530	0.075760	0.298801	-0.066962	0.165372	-0.229116	0.108418	0.154939	-0.203202	0.140536	0.033964	0.112603	-0.156884	-0.015942	0.861146	-0.869220	1.000000	

Time taken for mcmc chain: 2.454167 hours
