Number of steps: 9958491
Number of accepted steps: 2000004
Burn-in number of steps: 60000
Accepted fraction of steps: 0.200834
Convergence Status
R[0]= 1.001147	R[1]= 1.001048	R[2]= 1.007122	R[3]= 1.000259	R[4]= 1.001515	R[5]= 1.002153	R[6]= 1.000196	R[7]= 1.001887	R[8]= 1.002981	R[9]= 1.000554	R[10]= 1.000840	R[11]= 1.001173	R[12]= 1.000954	R[13]= 1.000512	R[14]= 1.000435	R[15]= 1.000501	R[16]= 1.000142	
<R>= 1.001378

Mean parameters
A[0]= 1.018798 pm 0.034915
A[1]= 1.007386 pm 0.017692
A[2]= 0.101309 pm 0.089540
A[3]= 4.242169 pm 0.488860
A[4]= 291.217658 pm 2801.751700
A[5]= -483.288500 pm 870.554748
A[6]= 188.103966 pm 150.064209
A[7]= 7114.118143 pm 5650.974345
A[8]= -1723.468680 pm 1676.088518
A[9]= -107.664823 pm 87.099514
A[10]= 3.211064 pm 0.773522
A[11]= -814.877463 pm 3821.267621
A[12]= -566.135604 pm 1060.372355
A[13]= 410.739206 pm 229.890502
A[14]= 755.057540 pm 7861.140921
A[15]= -733.804017 pm 2208.133668
A[16]= -113.688983 pm 134.934265

Best-fitting parameters
A[0]= 1.023787
A[1]= 1.007110
A[2]= 0.001872
A[3]= 4.593598
A[4]= -841.066900
A[5]= 253.794400
A[6]= 68.734750
A[7]= 4872.865000
A[8]= -841.544200
A[9]= -123.592600
A[10]= 3.814390
A[11]= -556.140700
A[12]= 60.969710
A[13]= 213.832300
A[14]= 1970.951000
A[15]= -823.748700
A[16]= -82.280220
chi2_min= 46.603330


Cross-Covariance parameters
1.000000	-0.450264	-0.053641	0.017029	0.131269	-0.081030	-0.033943	0.361802	-0.289357	-0.092583	-0.142757	0.018698	-0.078715	0.129238	0.165505	-0.135770	-0.053344	
-0.450264	1.000000	0.018572	-0.023003	0.225015	-0.202877	0.026992	-0.280828	0.222802	0.094722	-0.030540	0.136654	-0.141611	0.031797	-0.138319	0.118635	0.046020	
-0.053641	0.018572	1.000000	-0.182794	0.414018	-0.624963	0.273614	0.383068	-0.553812	0.300471	-0.033688	0.245388	-0.377409	0.081679	0.205028	-0.319285	0.139532	
0.017029	-0.023003	-0.182794	1.000000	0.148473	0.310818	-0.961928	0.022311	-0.003287	-0.009996	0.004310	-0.039226	0.061376	-0.010269	-0.035444	0.056833	-0.028389	
0.131269	0.225015	0.414018	0.148473	1.000000	-0.870143	0.086163	0.170624	-0.248991	0.108548	-0.072041	0.154340	-0.232918	0.087761	0.085937	-0.131896	0.054618	
-0.081030	-0.202877	-0.624963	0.310818	-0.870143	1.000000	-0.524679	-0.207641	0.316513	-0.153527	0.067143	-0.194678	0.295635	-0.092794	-0.126225	0.196955	-0.085807	
-0.033943	0.026992	0.273614	-0.961928	0.086163	-0.524679	1.000000	0.001448	-0.038231	0.024062	-0.006227	0.059361	-0.093340	0.016569	0.050878	-0.082880	0.040194	
0.361802	-0.280828	0.383068	0.022311	0.170624	-0.207641	0.001448	1.000000	-0.969943	0.784370	-0.045192	0.087295	-0.153057	0.059630	0.157259	-0.190487	0.032496	
-0.289357	0.222802	-0.553812	-0.003287	-0.248991	0.316513	-0.038231	-0.969943	1.000000	-0.826197	0.046193	-0.131729	0.217749	-0.069490	-0.178582	0.233122	-0.059795	
-0.092583	0.094722	0.300471	-0.009996	0.108548	-0.153527	0.024062	0.784370	-0.826197	1.000000	0.001609	0.082623	-0.115083	0.013020	0.044015	-0.080226	0.045538	
-0.142757	-0.030540	-0.033688	0.004310	-0.072041	0.067143	-0.006227	-0.045192	0.046193	0.001609	1.000000	0.281150	0.261846	-0.966279	0.012404	-0.039589	0.007529	
0.018698	0.136654	0.245388	-0.039226	0.154340	-0.194678	0.059361	0.087295	-0.131729	0.082623	0.281150	1.000000	-0.832710	-0.054752	-0.022814	-0.015207	-0.052775	
-0.078715	-0.141611	-0.377409	0.061376	-0.232918	0.295635	-0.093340	-0.153057	0.217749	-0.115083	0.261846	-0.832710	1.000000	-0.481581	0.005208	0.031644	0.040609	
0.129238	0.031797	0.081679	-0.010269	0.087761	-0.092794	0.016569	0.059630	-0.069490	0.013020	-0.966279	-0.054752	-0.481581	1.000000	-0.028005	0.048848	-0.029637	
0.165505	-0.138319	0.205028	-0.035444	0.085937	-0.126225	0.050878	0.157259	-0.178582	0.044015	0.012404	-0.022814	0.005208	-0.028005	1.000000	-0.976914	0.872039	
-0.135770	0.118635	-0.319285	0.056833	-0.131896	0.196955	-0.082880	-0.190487	0.233122	-0.080226	-0.039589	-0.015207	0.031644	0.048848	-0.976914	1.000000	-0.919702	
-0.053344	0.046020	0.139532	-0.028389	0.054618	-0.085807	0.040194	0.032496	-0.059795	0.045538	0.007529	-0.052775	0.040609	-0.029637	0.872039	-0.919702	1.000000	

Time taken for mcmc chain: 2.421944 hours
