Number of steps: 1630847
Number of accepted steps: 448028
Burn-in number of steps: 60000
Accepted fraction of steps: 0.274721
Convergence Status
R[0]= 1.001148	R[1]= 1.005168	R[2]= 1.009936	R[3]= 1.005247	R[4]= 1.005454	R[5]= 1.006087	R[6]= 1.004149	R[7]= 1.003627	R[8]= 1.005836	R[9]= 1.002294	R[10]= 1.000976	R[11]= 1.000987	R[12]= 1.002060	R[13]= 1.001050	R[14]= 1.002053	R[15]= 1.003221	R[16]= 1.001113	
<R>= 1.003553

Mean parameters
A[0]= 0.983466 pm 0.058057
A[1]= 1.056580 pm 0.040371
A[2]= 0.225993 pm 0.154370
A[3]= 5.446615 pm 1.009930
A[4]= -449.647971 pm 5477.085051
A[5]= -762.232661 pm 1708.164468
A[6]= -30.052434 pm 295.603120
A[7]= 1260.696947 pm 9190.186937
A[8]= -2285.278666 pm 3074.895975
A[9]= 40.853968 pm 150.586990
A[10]= 4.278436 pm 1.501638
A[11]= 12295.448627 pm 4962.873385
A[12]= -4727.725420 pm 1594.195796
A[13]= 540.384589 pm 456.522507
A[14]= 3794.569867 pm 9519.323471
A[15]= -2082.101605 pm 2890.416902
A[16]= 25.853141 pm 179.184010

Best-fitting parameters
A[0]= 0.974839
A[1]= 1.052872
A[2]= 0.405140
A[3]= 6.279079
A[4]= 7131.394000
A[5]= -2868.482000
A[6]= -181.720800
A[7]= 11747.330000
A[8]= -6427.816000
A[9]= 183.655800
A[10]= 4.260208
A[11]= 15687.540000
A[12]= -6141.653000
A[13]= 591.606100
A[14]= 17211.560000
A[15]= -6308.319000
A[16]= 187.258200
chi2_min= 59.941470


Cross-Covariance parameters
1.000000	-0.448853	-0.002828	-0.061201	-0.003780	-0.013853	0.023784	0.230742	-0.194983	-0.292612	-0.101611	-0.046245	-0.017729	0.079868	0.112518	-0.098174	-0.240526	
-0.448853	1.000000	-0.055705	-0.149047	0.192273	-0.223212	0.125171	-0.275008	0.236737	0.224635	-0.017941	0.161779	-0.142617	-0.004837	-0.139061	0.127868	0.194719	
-0.002828	-0.055705	1.000000	-0.030502	0.559466	-0.740707	0.162591	0.545036	-0.711690	0.350868	-0.138253	0.230652	-0.471403	0.165921	0.309247	-0.466007	0.137052	
-0.061201	-0.149047	-0.030502	1.000000	0.340034	0.108514	-0.965961	0.071825	-0.118656	0.109831	0.070551	-0.016691	0.062924	-0.061851	0.005034	-0.004623	-0.001137	
-0.003780	0.192273	0.559466	0.340034	1.000000	-0.876122	-0.130082	0.269642	-0.409067	0.254942	-0.065216	0.186285	-0.307452	0.073032	0.158746	-0.254469	0.109676	
-0.013853	-0.223212	-0.740707	0.108514	-0.876122	1.000000	-0.317311	-0.340497	0.484962	-0.268826	0.119580	-0.225344	0.408441	-0.129420	-0.208360	0.330146	-0.130378	
0.023784	0.125171	0.162591	-0.965961	-0.130082	-0.317311	1.000000	-0.009760	0.029303	-0.064095	-0.079859	0.042232	-0.116145	0.077023	0.034377	-0.055947	0.025137	
0.230742	-0.275008	0.545036	0.071825	0.269642	-0.340497	-0.009760	1.000000	-0.962363	0.708972	-0.077096	0.100225	-0.238541	0.094442	0.221072	-0.299469	-0.001923	
-0.194983	0.236737	-0.711690	-0.118656	-0.409067	0.484962	0.029303	-0.962363	1.000000	-0.724303	0.100466	-0.143854	0.320849	-0.121643	-0.260407	0.366741	-0.033524	
-0.292612	0.224635	0.350868	0.109831	0.254942	-0.268826	-0.064095	0.708972	-0.724303	1.000000	-0.019224	0.124445	-0.187345	0.032143	0.072764	-0.132580	0.131734	
-0.101611	-0.017941	-0.138253	0.070551	-0.065216	0.119580	-0.079859	-0.077096	0.100466	-0.019224	1.000000	0.266670	0.429217	-0.982797	-0.039083	-0.034116	0.037206	
-0.046245	0.161779	0.230652	-0.016691	0.186285	-0.225344	0.042232	0.100225	-0.143854	0.124445	0.266670	1.000000	-0.723483	-0.120965	0.074949	-0.149206	0.091302	
-0.017729	-0.142617	-0.471403	0.062924	-0.307452	0.408441	-0.116145	-0.238541	0.320849	-0.187345	0.429217	-0.723483	1.000000	-0.558337	-0.155211	0.205334	-0.082370	
0.079868	-0.004837	0.165921	-0.061851	0.073032	-0.129420	0.077023	0.094442	-0.121643	0.032143	-0.982797	-0.120965	-0.558337	1.000000	0.046651	0.020771	-0.035471	
0.112518	-0.139061	0.309247	0.005034	0.158746	-0.208360	0.034377	0.221072	-0.260407	0.072764	-0.039083	0.074949	-0.155211	0.046651	1.000000	-0.956247	0.761099	
-0.098174	0.127868	-0.466007	-0.004623	-0.254469	0.330146	-0.055947	-0.299469	0.366741	-0.132580	-0.034116	-0.149206	0.205334	0.020771	-0.956247	1.000000	-0.804085	
-0.240526	0.194719	0.137052	-0.001137	0.109676	-0.130378	0.025137	-0.001923	-0.033524	0.131734	0.037206	0.091302	-0.082370	-0.035471	0.761099	-0.804085	1.000000	

Time taken for mcmc chain: 11.316667 minutes
