Number of steps: 2312730
Number of accepted steps: 518588
Burn-in number of steps: 60000
Accepted fraction of steps: 0.224232
Convergence Status
R[0]= 1.000719	R[1]= 1.001666	R[2]= 1.000849	R[3]= 1.001713	R[4]= 1.000161	R[5]= 1.000569	R[6]= 1.001565	R[7]= 1.001361	R[8]= 1.001442	R[9]= 1.001312	R[10]= 1.001107	R[11]= 1.003118	R[12]= 1.002052	R[13]= 1.000887	R[14]= 1.001003	R[15]= 1.000596	R[16]= 1.000201	
<R>= 1.001195

Mean parameters
A[0]= 0.981753 pm 0.092126
A[1]= 1.035305 pm 0.036169
A[2]= 0.258783 pm 0.163528
A[3]= 5.725809 pm 1.027799
A[4]= 8336.945620 pm 5503.519806
A[5]= -2999.502601 pm 1753.244880
A[6]= 35.070950 pm 300.635287
A[7]= 1781.092123 pm 9570.643273
A[8]= -2240.279593 pm 3281.981124
A[9]= -11.961905 pm 161.717848
A[10]= 4.163594 pm 1.745919
A[11]= 1397.767370 pm 6471.135882
A[12]= -1873.735707 pm 1996.091098
A[13]= 372.560972 pm 506.872518
A[14]= 6942.715294 pm 8861.263012
A[15]= -3738.346254 pm 2749.393235
A[16]= 173.790035 pm 183.467556

Best-fitting parameters
A[0]= 1.001959
A[1]= 1.027421
A[2]= 0.288630
A[3]= 5.378609
A[4]= 8712.703000
A[5]= -3386.789000
A[6]= 139.523400
A[7]= 4174.557000
A[8]= -3054.746000
A[9]= 7.112978
A[10]= 4.069400
A[11]= -321.276600
A[12]= -1535.724000
A[13]= 349.820300
A[14]= 16619.750000
A[15]= -6557.993000
A[16]= 298.990700
chi2_min= 44.119490


Cross-Covariance parameters
1.000000	-0.401953	0.010803	-0.093010	0.072948	-0.096294	0.002193	0.276925	-0.252663	-0.411110	-0.383043	-0.085366	-0.142953	0.338263	0.108173	-0.084845	-0.391524	
-0.401953	1.000000	-0.000161	-0.017835	0.223634	-0.204628	0.017868	-0.236940	0.185137	0.285166	-0.072569	0.126591	-0.156891	0.074251	-0.126388	0.122441	0.220634	
0.010803	-0.000161	1.000000	-0.048622	0.590635	-0.775475	0.173294	0.583100	-0.739250	0.373465	-0.119904	0.349558	-0.529494	0.177152	0.282489	-0.458572	0.102065	
-0.093010	-0.017835	-0.048622	1.000000	0.328398	0.119684	-0.964875	0.048452	-0.094410	0.133480	0.066776	-0.027441	0.069591	-0.069459	-0.014941	0.023925	0.013290	
0.072948	0.223634	0.590635	0.328398	1.000000	-0.875544	-0.139078	0.346116	-0.472413	0.240026	-0.158652	0.246244	-0.400254	0.185434	0.162042	-0.261119	0.043830	
-0.096294	-0.204628	-0.775475	0.119684	-0.875544	1.000000	-0.305884	-0.423926	0.555762	-0.251801	0.192143	-0.308297	0.501814	-0.230628	-0.212534	0.345204	-0.059766	
0.002193	0.017868	0.173294	-0.964875	-0.139078	-0.305884	1.000000	-0.000688	0.023428	-0.059112	-0.034998	0.078679	-0.115751	0.050900	0.044736	-0.078367	0.035930	
0.276925	-0.236940	0.583100	0.048452	0.346116	-0.423926	-0.000688	1.000000	-0.963063	0.616191	-0.135653	0.172594	-0.319883	0.158620	0.204698	-0.301829	-0.074506	
-0.252663	0.185137	-0.739250	-0.094410	-0.472413	0.555762	0.023428	-0.963063	1.000000	-0.631227	0.157157	-0.226370	0.402728	-0.188698	-0.238413	0.364006	0.042773	
-0.411110	0.285166	0.373465	0.133480	0.240026	-0.251801	-0.059112	0.616191	-0.631227	1.000000	0.087529	0.172709	-0.160798	-0.050558	0.040853	-0.118292	0.207622	
-0.383043	-0.072569	-0.119904	0.066776	-0.158652	0.192143	-0.034998	-0.135653	0.157157	0.087529	1.000000	0.272470	0.350488	-0.979178	-0.019384	-0.079560	0.178005	
-0.085366	0.126591	0.349558	-0.027441	0.246244	-0.308297	0.078679	0.172594	-0.226370	0.172709	0.272470	1.000000	-0.786667	-0.103844	0.145682	-0.262547	0.134011	
-0.142953	-0.156891	-0.529494	0.069591	-0.400254	0.501814	-0.115751	-0.319883	0.402728	-0.160798	0.350488	-0.786667	1.000000	-0.505269	-0.190363	0.266899	-0.032297	
0.338263	0.074251	0.177152	-0.069459	0.185434	-0.230628	0.050900	0.158620	-0.188698	-0.050558	-0.979178	-0.103844	-0.505269	1.000000	0.035684	0.050037	-0.149546	
0.108173	-0.126388	0.282489	-0.014941	0.162042	-0.212534	0.044736	0.204698	-0.238413	0.040853	-0.019384	0.145682	-0.190363	0.035684	1.000000	-0.944658	0.667996	
-0.084845	0.122441	-0.458572	0.023925	-0.261119	0.345204	-0.078367	-0.301829	0.364006	-0.118292	-0.079560	-0.262547	0.266899	0.050037	-0.944658	1.000000	-0.712190	
-0.391524	0.220634	0.102065	0.013290	0.043830	-0.059766	0.035930	-0.074506	0.042773	0.207622	0.178005	0.134011	-0.032297	-0.149546	0.667996	-0.712190	1.000000	

Time taken for mcmc chain: 15.016667 minutes
