Number of steps: 1855748
Number of accepted steps: 489300
Burn-in number of steps: 60000
Accepted fraction of steps: 0.263667
Convergence Status
R[0]= 1.000412	R[1]= 1.000379	R[2]= 1.002549	R[3]= 1.000543	R[4]= 1.000362	R[5]= 1.000663	R[6]= 1.000554	R[7]= 1.001066	R[8]= 1.001766	R[9]= 1.000662	R[10]= 1.000196	R[11]= 1.000532	R[12]= 1.000188	R[13]= 1.000121	R[14]= 1.001312	R[15]= 1.001938	R[16]= 1.000697	
<R>= 1.000820

Mean parameters
A[0]= 0.991714 pm 0.050194
A[1]= 1.028562 pm 0.032100
A[2]= 0.289657 pm 0.162519
A[3]= 6.285832 pm 1.014923
A[4]= 8305.193465 pm 5659.304515
A[5]= -2220.454302 pm 1854.831323
A[6]= -217.725156 pm 295.571604
A[7]= 2364.563558 pm 9583.754732
A[8]= -3117.627511 pm 3406.312082
A[9]= 6.951020 pm 152.494138
A[10]= 4.605107 pm 1.572337
A[11]= 8009.489295 pm 6178.604617
A[12]= -3373.090467 pm 1906.510845
A[13]= 311.939097 pm 469.915235
A[14]= 8731.622503 pm 8153.324015
A[15]= -5341.282019 pm 2623.874306
A[16]= 300.310068 pm 163.848128

Best-fitting parameters
A[0]= 0.994217
A[1]= 1.030563
A[2]= 0.419589
A[3]= 6.672604
A[4]= 14320.700000
A[5]= -4050.744000
A[6]= -267.123000
A[7]= 9093.650000
A[8]= -5972.368000
A[9]= 86.159070
A[10]= 5.206477
A[11]= 14583.690000
A[12]= -5221.979000
A[13]= 221.752200
A[14]= 16290.600000
A[15]= -8171.406000
A[16]= 363.195200
chi2_min= 45.341770


Cross-Covariance parameters
1.000000	-0.398664	0.013018	-0.069852	-0.005295	-0.019756	0.029878	0.183481	-0.157460	-0.272958	-0.063071	-0.015126	-0.020797	0.045577	0.080085	-0.082978	-0.243599	
-0.398664	1.000000	-0.010150	-0.141629	0.187496	-0.211022	0.114595	-0.216148	0.167478	0.228547	-0.002823	0.155371	-0.139105	-0.012905	-0.102916	0.080181	0.220668	
0.013018	-0.010150	1.000000	-0.014722	0.651235	-0.812391	0.162402	0.623414	-0.779545	0.421029	-0.189760	0.340557	-0.584894	0.246007	0.278519	-0.488150	0.086550	
-0.069852	-0.141629	-0.014722	1.000000	0.317179	0.094938	-0.964767	0.131162	-0.170886	0.103015	0.031813	-0.034891	0.048064	-0.028238	0.022022	-0.015454	0.001339	
-0.005295	0.187496	0.651235	0.317179	1.000000	-0.891935	-0.099990	0.402637	-0.538774	0.325596	-0.132505	0.265931	-0.425796	0.165202	0.178519	-0.317951	0.090258	
-0.019756	-0.211022	-0.812391	0.094938	-0.891935	1.000000	-0.307852	-0.455452	0.597600	-0.350066	0.172015	-0.324872	0.527474	-0.212825	-0.214249	0.388837	-0.100551	
0.029878	0.114595	0.162402	-0.964767	-0.099990	-0.307852	1.000000	-0.042111	0.056466	-0.040532	-0.059381	0.081616	-0.131088	0.066612	0.021062	-0.056784	0.015803	
0.183481	-0.216148	0.623414	0.131162	0.402637	-0.455452	-0.042111	1.000000	-0.961602	0.749594	-0.119064	0.184483	-0.340278	0.154302	0.198824	-0.324145	-0.019348	
-0.157460	0.167478	-0.779545	-0.170886	-0.538774	0.597600	0.056466	-0.961602	1.000000	-0.747531	0.149820	-0.241320	0.435605	-0.192680	-0.237648	0.397702	-0.011863	
-0.272958	0.228547	0.421029	0.103015	0.325596	-0.350066	-0.040532	0.749594	-0.747531	1.000000	-0.066232	0.162585	-0.256504	0.089871	0.083817	-0.174175	0.115553	
-0.063071	-0.002823	-0.189760	0.031813	-0.132505	0.172015	-0.059381	-0.119064	0.149820	-0.066232	1.000000	0.284036	0.311803	-0.978137	0.008708	-0.108336	0.028800	
-0.015126	0.155371	0.340557	-0.034891	0.265931	-0.324872	0.081616	0.184483	-0.241320	0.162585	0.284036	1.000000	-0.798916	-0.107012	0.105772	-0.246868	0.078236	
-0.020797	-0.139105	-0.584894	0.048064	-0.425796	0.527474	-0.131088	-0.340278	0.435605	-0.256504	0.311803	-0.798916	1.000000	-0.476575	-0.144661	0.259217	-0.067606	
0.045577	-0.012905	0.246007	-0.028238	0.165202	-0.212825	0.066612	0.154302	-0.192680	0.089871	-0.978137	-0.107012	-0.476575	1.000000	0.003521	0.078607	-0.028372	
0.080085	-0.102916	0.278519	0.022022	0.178519	-0.214249	0.021062	0.198824	-0.237648	0.083817	0.008708	0.105772	-0.144661	0.003521	1.000000	-0.929113	0.729399	
-0.082978	0.080181	-0.488150	-0.015454	-0.317951	0.388837	-0.056784	-0.324145	0.397702	-0.174175	-0.108336	-0.246868	0.259217	0.078607	-0.929113	1.000000	-0.756594	
-0.243599	0.220668	0.086550	0.001339	0.090258	-0.100551	0.015803	-0.019348	-0.011863	0.115553	0.028800	0.078236	-0.067606	-0.028372	0.729399	-0.756594	1.000000	

Time taken for mcmc chain: 12.900000 minutes
