Number of steps: 2752431
Number of accepted steps: 791000
Burn-in number of steps: 60000
Accepted fraction of steps: 0.287382
Convergence Status
R[0]= 1.000555	R[1]= 1.002158	R[2]= 1.002747	R[3]= 1.002115	R[4]= 1.000992	R[5]= 1.001720	R[6]= 1.001945	R[7]= 1.001028	R[8]= 1.001283	R[9]= 1.000122	R[10]= 1.002730	R[11]= 1.000475	R[12]= 1.002244	R[13]= 1.002856	R[14]= 1.002284	R[15]= 1.003291	R[16]= 1.002213	
<R>= 1.001809

Mean parameters
A[0]= 0.972646 pm 0.054609
A[1]= 0.970500 pm 0.027753
A[2]= 0.249819 pm 0.137483
A[3]= 6.128274 pm 1.085648
A[4]= 3758.726649 pm 5450.776560
A[5]= -1176.435719 pm 1714.773228
A[6]= -111.977743 pm 313.022316
A[7]= 10497.044919 pm 6999.929332
A[8]= -4019.168735 pm 2426.174050
A[9]= -9.486830 pm 132.691651
A[10]= 8.459019 pm 2.023061
A[11]= 3032.307216 pm 6994.192786
A[12]= 698.223287 pm 2558.175806
A[13]= -839.920923 pm 576.622116
A[14]= 4605.207545 pm 9883.286656
A[15]= -3075.452426 pm 3325.393913
A[16]= -103.079696 pm 190.972950

Best-fitting parameters
A[0]= 0.978645
A[1]= 0.966658
A[2]= 0.364945
A[3]= 6.350393
A[4]= 6597.612000
A[5]= -2139.896000
A[6]= -143.895100
A[7]= 16941.870000
A[8]= -6622.316000
A[9]= 69.845640
A[10]= 7.934377
A[11]= 8358.353000
A[12]= -1538.979000
A[13]= -619.104200
A[14]= 12339.870000
A[15]= -5553.626000
A[16]= -97.548790
chi2_min= 61.689730


Cross-Covariance parameters
1.000000	-0.313501	0.004798	-0.021997	0.059511	-0.059742	-0.020741	0.160606	-0.147256	-0.386676	-0.219031	-0.016033	-0.101324	0.185305	0.115287	-0.090698	-0.386013	
-0.313501	1.000000	0.113150	0.070027	0.298525	-0.254085	-0.081057	-0.063882	-0.012890	0.344943	-0.334050	0.167569	-0.317727	0.313877	-0.124997	0.095358	0.316167	
0.004798	0.113150	1.000000	-0.040142	0.620836	-0.761201	0.150806	0.461220	-0.684478	0.204758	-0.191012	0.559208	-0.698013	0.263187	0.417577	-0.620786	0.184975	
-0.021997	0.070027	-0.040142	1.000000	0.286110	0.178576	-0.970689	0.086800	-0.149663	0.031445	0.004764	-0.008897	0.016463	-0.011494	-0.023983	0.029188	0.014812	
0.059511	0.298525	0.620836	0.286110	1.000000	-0.874998	-0.093488	0.290178	-0.471537	0.132422	-0.227540	0.377137	-0.512953	0.259057	0.237130	-0.359995	0.137396	
-0.059742	-0.254085	-0.761201	0.178576	-0.874998	1.000000	-0.362561	-0.310430	0.489584	-0.143693	0.238249	-0.444607	0.594158	-0.283310	-0.300338	0.450919	-0.151761	
-0.020741	-0.081057	0.150806	-0.970689	-0.093488	-0.362561	1.000000	-0.043436	0.077718	-0.010284	0.001260	0.067150	-0.077246	0.016604	0.071290	-0.099903	0.013794	
0.160606	-0.063882	0.461220	0.086800	0.290178	-0.310430	-0.043436	1.000000	-0.937838	0.649166	-0.081756	0.259991	-0.320758	0.111741	0.242459	-0.328443	0.010755	
-0.147256	-0.012890	-0.684478	-0.149663	-0.471537	0.489584	0.077718	-0.937838	1.000000	-0.641367	0.144512	-0.383928	0.485725	-0.188959	-0.318654	0.451896	-0.068160	
-0.386676	0.344943	0.204758	0.031445	0.132422	-0.143693	-0.010284	0.649166	-0.641367	1.000000	-0.036710	0.145857	-0.164367	0.055270	0.016608	-0.066147	0.228094	
-0.219031	-0.334050	-0.191012	0.004764	-0.227540	0.238249	0.001260	-0.081756	0.144512	-0.036710	1.000000	0.077719	0.494117	-0.982622	0.052096	-0.094771	-0.039433	
-0.016033	0.167569	0.559208	-0.008897	0.377137	-0.444607	0.067150	0.259991	-0.383928	0.145857	0.077719	1.000000	-0.810479	0.074275	0.277995	-0.421144	0.146473	
-0.101324	-0.317727	-0.698013	0.016463	-0.512953	0.594158	-0.077246	-0.320758	0.485725	-0.164367	0.494117	-0.810479	1.000000	-0.617481	-0.260564	0.384266	-0.163261	
0.185305	0.313877	0.263187	-0.011494	0.259057	-0.283310	0.016604	0.111741	-0.188959	0.055270	-0.982622	0.074275	-0.617481	1.000000	-0.018784	0.044368	0.056579	
0.115287	-0.124997	0.417577	-0.023983	0.237130	-0.300338	0.071290	0.242459	-0.318654	0.016608	0.052096	0.277995	-0.260564	-0.018784	1.000000	-0.943319	0.647361	
-0.090698	0.095358	-0.620786	0.029188	-0.359995	0.450919	-0.099903	-0.328443	0.451896	-0.066147	-0.094771	-0.421144	0.384266	0.044368	-0.943319	1.000000	-0.645715	
-0.386013	0.316167	0.184975	0.014812	0.137396	-0.151761	0.013794	0.010755	-0.068160	0.228094	-0.039433	0.146473	-0.163261	0.056579	0.647361	-0.645715	1.000000	

Time taken for mcmc chain: 26.766667 minutes
