Number of steps: 1498132
Number of accepted steps: 337402
Burn-in number of steps: 60000
Accepted fraction of steps: 0.225215
Convergence Status
R[0]= 1.003322	R[1]= 1.001245	R[2]= 1.000287	R[3]= 1.002688	R[4]= 1.001677	R[5]= 1.001093	R[6]= 1.003361	R[7]= 1.000198	R[8]= 1.000268	R[9]= 1.001936	R[10]= 1.001157	R[11]= 1.001139	R[12]= 1.000641	R[13]= 1.000883	R[14]= 1.000115	R[15]= 1.000037	R[16]= 1.000243	
<R>= 1.001194

Mean parameters
A[0]= 0.965171 pm 0.052473
A[1]= 0.998373 pm 0.024940
A[2]= 0.250285 pm 0.129994
A[3]= 7.063197 pm 1.067873
A[4]= 14363.542993 pm 3963.728772
A[5]= -3758.637699 pm 1502.436932
A[6]= -218.126909 pm 313.984665
A[7]= 8095.799087 pm 8151.572617
A[8]= -3449.840958 pm 2748.863120
A[9]= -60.188117 pm 141.362972
A[10]= 3.926151 pm 1.641095
A[11]= 4348.165366 pm 6076.132585
A[12]= -2938.617645 pm 1754.887606
A[13]= 531.787961 pm 476.769593
A[14]= -7338.618082 pm 8609.079231
A[15]= 877.940836 pm 2653.667005
A[16]= -283.107144 pm 167.843049

Best-fitting parameters
A[0]= 0.935003
A[1]= 1.000353
A[2]= 0.378864
A[3]= 7.690175
A[4]= 18598.520000
A[5]= -5007.989000
A[6]= -339.877000
A[7]= 16724.380000
A[8]= -6513.291000
A[9]= 32.617350
A[10]= 4.114759
A[11]= 5582.876000
A[12]= -3487.158000
A[13]= 504.205900
A[14]= -11701.020000
A[15]= 1945.850000
A[16]= -409.578200
chi2_min= 57.072320


Cross-Covariance parameters
1.000000	-0.382833	-0.001924	-0.167805	-0.021988	-0.058692	0.103101	0.194698	-0.161314	-0.390420	-0.112765	-0.036894	-0.032438	0.089094	0.051883	-0.054257	-0.197254	
-0.382833	1.000000	0.006469	-0.115815	0.194851	-0.196776	0.085717	-0.181728	0.141211	0.301606	0.054803	0.136833	-0.090835	-0.059228	-0.061521	0.049793	0.156551	
-0.001924	0.006469	1.000000	-0.236812	0.537356	-0.759703	0.299558	0.527174	-0.707355	0.261344	0.064272	0.331511	-0.400871	-0.020244	0.243306	-0.409172	0.095563	
-0.167805	-0.115815	-0.236812	1.000000	0.112329	0.453958	-0.978506	-0.036926	0.026756	0.051588	-0.005191	-0.118050	0.138176	-0.002448	-0.064903	0.111076	-0.019700	
-0.021988	0.194851	0.537356	0.112329	1.000000	-0.802739	0.034512	0.262525	-0.387201	0.168531	0.060949	0.200686	-0.217294	-0.041166	0.105084	-0.194317	0.051651	
-0.058692	-0.196776	-0.759703	0.453958	-0.802739	1.000000	-0.572812	-0.345267	0.478268	-0.166596	-0.064785	-0.288044	0.326618	0.035000	-0.168273	0.298028	-0.071841	
0.103101	0.085717	0.299558	-0.978506	0.034512	-0.572812	1.000000	0.057779	-0.061571	-0.027674	0.020475	0.132963	-0.151167	-0.007669	0.075820	-0.131738	0.030299	
0.194698	-0.181728	0.527174	-0.036926	0.262525	-0.345267	0.057779	1.000000	-0.956736	0.645345	0.007193	0.159015	-0.211432	0.012538	0.146042	-0.230326	0.001493	
-0.161314	0.141211	-0.707355	0.026756	-0.387201	0.478268	-0.061571	-0.956736	1.000000	-0.652408	-0.023612	-0.221874	0.283631	-0.004431	-0.183833	0.298975	-0.025107	
-0.390420	0.301606	0.261344	0.051588	0.168531	-0.166596	-0.027674	0.645345	-0.652408	1.000000	0.056856	0.125509	-0.114928	-0.039196	0.036409	-0.080483	0.118620	
-0.112765	0.054803	0.064272	-0.005191	0.060949	-0.064785	0.020475	0.007193	-0.023612	0.056856	1.000000	0.323407	0.299628	-0.979235	0.116278	-0.241912	0.088435	
-0.036894	0.136833	0.331511	-0.118050	0.200686	-0.288044	0.132963	0.159015	-0.221874	0.125509	0.323407	1.000000	-0.788031	-0.148221	0.123797	-0.225691	0.086212	
-0.032438	-0.090835	-0.400871	0.138176	-0.217294	0.326618	-0.151167	-0.211432	0.283631	-0.114928	0.299628	-0.788031	1.000000	-0.467680	-0.084306	0.127018	-0.040665	
0.089094	-0.059228	-0.020244	-0.002448	-0.041166	0.035000	-0.007669	0.012538	-0.004431	-0.039196	-0.979235	-0.148221	-0.467680	1.000000	-0.105460	0.221004	-0.082478	
0.051883	-0.061521	0.243306	-0.064903	0.105084	-0.168273	0.075820	0.146042	-0.183833	0.036409	0.116278	0.123797	-0.084306	-0.105460	1.000000	-0.948202	0.784942	
-0.054257	0.049793	-0.409172	0.111076	-0.194317	0.298028	-0.131738	-0.230326	0.298975	-0.080483	-0.241912	-0.225691	0.127018	0.221004	-0.948202	1.000000	-0.827237	
-0.197254	0.156551	0.095563	-0.019700	0.051651	-0.071841	0.030299	0.001493	-0.025107	0.118620	0.088435	0.086212	-0.040665	-0.082478	0.784942	-0.827237	1.000000	

Time taken for mcmc chain: 8.166667 minutes
