Number of steps: 6268393
Number of accepted steps: 1561000
Burn-in number of steps: 60000
Accepted fraction of steps: 0.249027
Convergence Status
R[0]= 1.000912	R[1]= 1.000324	R[2]= 1.005841	R[3]= 1.000334	R[4]= 1.002520	R[5]= 1.003733	R[6]= 1.000714	R[7]= 1.002323	R[8]= 1.003877	R[9]= 1.001782	R[10]= 1.000373	R[11]= 1.001593	R[12]= 1.002754	R[13]= 1.000370	R[14]= 1.000492	R[15]= 1.001701	R[16]= 1.000287	
<R>= 1.001761

Mean parameters
A[0]= 0.983824 pm 0.021300
A[1]= 1.017718 pm 0.014264
A[2]= 0.220188 pm 0.141691
A[3]= 4.696512 pm 0.497967
A[4]= 2859.386615 pm 3316.203642
A[5]= -915.950376 pm 1185.506092
A[6]= 53.209253 pm 156.845082
A[7]= 5590.858182 pm 6326.744821
A[8]= -1930.255794 pm 2166.591919
A[9]= -109.303863 pm 96.060630
A[10]= 4.618636 pm 0.744156
A[11]= 6237.355842 pm 4383.572063
A[12]= -1322.270385 pm 1344.571863
A[13]= 29.631589 pm 220.728096
A[14]= 3490.841057 pm 8185.052043
A[15]= -1830.629163 pm 2578.163726
A[16]= -52.733071 pm 136.466955

Best-fitting parameters
A[0]= 0.999076
A[1]= 1.008237
A[2]= 0.114083
A[3]= 4.550373
A[4]= 898.115300
A[5]= -282.739500
A[6]= 81.688930
A[7]= 2356.675000
A[8]= -525.909300
A[9]= -174.046200
A[10]= 4.929062
A[11]= 4353.441000
A[12]= -425.808600
A[13]= -74.020990
A[14]= 1248.917000
A[15]= -765.486300
A[16]= -92.012050
chi2_min= 62.378720


Cross-Covariance parameters
1.000000	-0.426994	-0.170471	0.054831	-0.080532	0.128188	-0.097965	0.093573	-0.015004	-0.156199	-0.092889	-0.106313	0.103440	0.054284	0.045977	0.011773	-0.114333	
-0.426994	1.000000	0.066240	-0.075604	0.247989	-0.224342	0.089853	-0.148339	0.081855	0.104729	-0.006825	0.206938	-0.192424	0.019093	-0.106100	0.065276	0.060226	
-0.170471	0.066240	1.000000	-0.279188	0.642433	-0.829868	0.430411	0.624352	-0.782600	0.497674	-0.060148	0.503887	-0.700509	0.178376	0.427505	-0.615204	0.288859	
0.054831	-0.075604	-0.279188	1.000000	0.039332	0.324884	-0.954435	-0.065432	0.093814	-0.045016	0.018303	-0.150816	0.204588	-0.051027	-0.114158	0.167800	-0.082524	
-0.080532	0.247989	0.642433	0.039332	1.000000	-0.907825	0.231588	0.384912	-0.506161	0.326837	-0.051563	0.370064	-0.492981	0.127077	0.255935	-0.379217	0.184978	
0.128188	-0.224342	-0.829868	0.324884	-0.907825	1.000000	-0.562774	-0.475144	0.617276	-0.391084	0.059284	-0.455040	0.615318	-0.157166	-0.338623	0.496891	-0.239962	
-0.097965	0.089853	0.430411	-0.954435	0.231588	-0.562774	1.000000	0.155673	-0.213044	0.115839	-0.024873	0.227107	-0.309910	0.076091	0.176510	-0.258668	0.126300	
0.093573	-0.148339	0.624352	-0.065432	0.384912	-0.475144	0.155673	1.000000	-0.965995	0.869564	-0.062913	0.287142	-0.422938	0.132825	0.302882	-0.411709	0.165264	
-0.015004	0.081855	-0.782600	0.093814	-0.506161	0.617276	-0.213044	-0.965995	1.000000	-0.868225	0.066383	-0.375047	0.538614	-0.155949	-0.359591	0.500625	-0.214059	
-0.156199	0.104729	0.497674	-0.045016	0.326837	-0.391084	0.115839	0.869564	-0.868225	1.000000	-0.034559	0.256051	-0.354965	0.093580	0.197994	-0.293998	0.146673	
-0.092889	-0.006825	-0.060148	0.018303	-0.051563	0.059284	-0.024873	-0.062913	0.066383	-0.034559	1.000000	0.278905	0.141142	-0.957315	0.019393	-0.058975	0.042043	
-0.106313	0.206938	0.503887	-0.150816	0.370064	-0.455040	0.227107	0.287142	-0.375047	0.256051	0.278905	1.000000	-0.882711	-0.019899	0.154501	-0.277562	0.094018	
0.103440	-0.192424	-0.700509	0.204588	-0.492981	0.615318	-0.309910	-0.422938	0.538614	-0.354965	0.141142	-0.882711	1.000000	-0.391001	-0.231153	0.369534	-0.134482	
0.054284	0.019093	0.178376	-0.051027	0.127077	-0.157166	0.076091	0.132825	-0.155949	0.093580	-0.957315	-0.019899	-0.391001	1.000000	0.010616	0.001699	-0.031361	
0.045977	-0.106100	0.427505	-0.114158	0.255935	-0.338623	0.176510	0.302882	-0.359591	0.197994	0.019393	0.154501	-0.231153	0.010616	1.000000	-0.960165	0.873893	
0.011773	0.065276	-0.615204	0.167800	-0.379217	0.496891	-0.258668	-0.411709	0.500625	-0.293998	-0.058975	-0.277562	0.369534	0.001699	-0.960165	1.000000	-0.880288	
-0.114333	0.060226	0.288859	-0.082524	0.184978	-0.239962	0.126300	0.165264	-0.214059	0.146673	0.042043	0.094018	-0.134482	-0.031361	0.873893	-0.880288	1.000000	

Time taken for mcmc chain: 1.442778 hours
