Number of steps: 8563752
Number of accepted steps: 2000004
Burn-in number of steps: 60000
Accepted fraction of steps: 0.233543
Convergence Status
R[0]= 1.000162	R[1]= 1.001238	R[2]= 1.001979	R[3]= 1.000416	R[4]= 1.001914	R[5]= 1.001995	R[6]= 1.000563	R[7]= 1.001306	R[8]= 1.001690	R[9]= 1.000914	R[10]= 1.000306	R[11]= 1.000679	R[12]= 1.001385	R[13]= 1.000556	R[14]= 1.001074	R[15]= 1.001408	R[16]= 1.000808	
<R>= 1.001082

Mean parameters
A[0]= 0.996515 pm 0.020531
A[1]= 1.001321 pm 0.017238
A[2]= 0.401381 pm 0.196886
A[3]= 3.981206 pm 0.489896
A[4]= 6474.165798 pm 3567.655085
A[5]= -2800.112455 pm 1321.955259
A[6]= 339.525776 pm 154.930646
A[7]= 8670.018551 pm 6269.859373
A[8]= -3450.147528 pm 2350.806152
A[9]= -100.046818 pm 97.478633
A[10]= 3.768115 pm 0.744604
A[11]= 3297.325708 pm 4465.294356
A[12]= -1982.806639 pm 1434.668917
A[13]= 327.364734 pm 222.227221
A[14]= 4181.222260 pm 8283.665379
A[15]= -1840.933159 pm 2743.217508
A[16]= -245.045249 pm 137.528897

Best-fitting parameters
A[0]= 0.999077
A[1]= 1.000746
A[2]= 0.530377
A[3]= 3.919684
A[4]= 8138.052000
A[5]= -3529.042000
A[6]= 374.841800
A[7]= 14448.650000
A[8]= -5503.296000
A[9]= -30.508320
A[10]= 3.953060
A[11]= 8036.174000
A[12]= -3373.810000
A[13]= 329.093700
A[14]= 12509.940000
A[15]= -4648.394000
A[16]= -139.658400
chi2_min= 62.044120


Cross-Covariance parameters
1.000000	-0.439720	-0.090698	-0.053124	-0.105100	0.100555	0.012401	0.068984	-0.006765	-0.135495	0.105667	-0.033772	0.088782	-0.120283	0.073248	-0.044180	-0.062317	
-0.439720	1.000000	0.056388	-0.019296	0.255007	-0.213562	0.036291	-0.091410	0.028758	0.144442	-0.135130	0.161002	-0.189423	0.135918	-0.099025	0.068899	0.052236	
-0.090698	0.056388	1.000000	-0.325146	0.672693	-0.863109	0.502538	0.649659	-0.819414	0.544075	-0.229126	0.479447	-0.738069	0.349767	0.438795	-0.640193	0.335722	
-0.053124	-0.019296	-0.325146	1.000000	0.042932	0.280819	-0.946080	-0.040515	0.074940	-0.053649	0.087412	-0.151086	0.239771	-0.124280	-0.141271	0.207371	-0.104403	
-0.105100	0.255007	0.672693	0.042932	1.000000	-0.922206	0.256861	0.458339	-0.596025	0.407690	-0.176321	0.362338	-0.535965	0.257004	0.276052	-0.413465	0.231287	
0.100555	-0.213562	-0.863109	0.280819	-0.922206	1.000000	-0.547634	-0.539498	0.700225	-0.473739	0.217672	-0.441956	0.666223	-0.320909	-0.363413	0.538848	-0.293035	
0.012401	0.036291	0.502538	-0.946080	0.256861	-0.547634	1.000000	0.166422	-0.237738	0.153995	-0.129322	0.236562	-0.371684	0.188054	0.216960	-0.318667	0.163872	
0.068984	-0.091410	0.649659	-0.040515	0.458339	-0.539498	0.166422	1.000000	-0.956635	0.885299	-0.127400	0.307665	-0.468996	0.206898	0.318060	-0.442015	0.216698	
-0.006765	0.028758	-0.819414	0.074940	-0.596025	0.700225	-0.237738	-0.956635	1.000000	-0.871091	0.173803	-0.392184	0.599553	-0.273449	-0.380910	0.541414	-0.274540	
-0.135495	0.144442	0.544075	-0.053649	0.407690	-0.473739	0.153995	0.885299	-0.871091	1.000000	-0.139574	0.276195	-0.419211	0.205448	0.229223	-0.338343	0.189357	
0.105667	-0.135130	-0.229126	0.087412	-0.176321	0.217672	-0.129322	-0.127400	0.173803	-0.139574	1.000000	0.241711	0.163616	-0.955502	0.067433	-0.088378	0.013504	
-0.033772	0.161002	0.479447	-0.151086	0.362338	-0.441956	0.236562	0.307665	-0.392184	0.276195	0.241711	1.000000	-0.886229	0.026417	0.204403	-0.343660	0.132870	
0.088782	-0.189423	-0.738069	0.239771	-0.535965	0.666223	-0.371684	-0.468996	0.599553	-0.419211	0.163616	-0.886229	1.000000	-0.417243	-0.269395	0.435655	-0.196769	
-0.120283	0.135918	0.349767	-0.124280	0.257004	-0.320909	0.188054	0.206898	-0.273449	0.205448	-0.955502	0.026417	-0.417243	1.000000	-0.023514	0.010813	0.007477	
0.073248	-0.099025	0.438795	-0.141271	0.276052	-0.363413	0.216960	0.318060	-0.380910	0.229223	0.067433	0.204403	-0.269395	-0.023514	1.000000	-0.952081	0.886804	
-0.044180	0.068899	-0.640193	0.207371	-0.413465	0.538848	-0.318667	-0.442015	0.541414	-0.338343	-0.088378	-0.343660	0.435655	0.010813	-0.952081	1.000000	-0.878347	
-0.062317	0.052236	0.335722	-0.104403	0.231287	-0.293035	0.163872	0.216698	-0.274540	0.189357	0.013504	0.132870	-0.196769	0.007477	0.886804	-0.878347	1.000000	

Time taken for mcmc chain: 2.269722 hours
