Number of steps: 1118537
Number of accepted steps: 308000
Burn-in number of steps: 60000
Accepted fraction of steps: 0.275360
Convergence Status
R[0]= 1.000820	R[1]= 1.001603	R[2]= 1.000726	R[3]= 1.000435	R[4]= 1.001969	R[5]= 1.001189	R[6]= 1.000234	R[7]= 1.000206	R[8]= 1.000208	R[9]= 1.000413	R[10]= 1.004992	R[11]= 1.000571	R[12]= 1.001860	R[13]= 1.005225	R[14]= 1.004387	R[15]= 1.004113	R[16]= 1.003183	
<R>= 1.001890

Mean parameters
A[0]= 1.015200 pm 0.042892
A[1]= 1.023206 pm 0.026859
A[2]= 0.251280 pm 0.124412
A[3]= 7.039492 pm 0.985413
A[4]= 11175.499974 pm 4748.890836
A[5]= -2456.158379 pm 1588.843849
A[6]= -403.867363 pm 292.971251
A[7]= 10130.197620 pm 7183.630483
A[8]= -4759.907630 pm 2521.854763
A[9]= 114.158890 pm 133.460491
A[10]= 7.611225 pm 1.568845
A[11]= 10841.396892 pm 5635.746482
A[12]= -2162.776126 pm 1912.205816
A[13]= -558.315935 pm 471.963824
A[14]= 169.033334 pm 10019.873198
A[15]= -1597.624556 pm 3288.841495
A[16]= -207.093811 pm 188.675629

Best-fitting parameters
A[0]= 1.004833
A[1]= 1.025026
A[2]= 0.362862
A[3]= 6.889172
A[4]= 13897.200000
A[5]= -3652.447000
A[6]= -327.631900
A[7]= 18785.060000
A[8]= -7752.115000
A[9]= 226.258600
A[10]= 8.040492
A[11]= 18255.140000
A[12]= -4298.033000
A[13]= -600.276600
A[14]= 13580.680000
A[15]= -6194.442000
A[16]= -8.097596
chi2_min= 80.786410


Cross-Covariance parameters
1.000000	-0.394751	-0.077222	-0.129569	-0.076950	0.035873	0.079450	0.144058	-0.085623	-0.374272	-0.038730	-0.039512	0.031786	0.012072	0.088413	-0.065490	-0.284227	
-0.394751	1.000000	0.066412	-0.143986	0.229940	-0.268692	0.115420	-0.171063	0.106126	0.325297	-0.112140	0.213833	-0.248035	0.087475	-0.117259	0.084973	0.242149	
-0.077222	0.066412	1.000000	-0.098350	0.566564	-0.760705	0.207251	0.458247	-0.697166	0.278174	-0.140339	0.408152	-0.634933	0.193676	0.400399	-0.602127	0.251613	
-0.129569	-0.143986	-0.098350	1.000000	0.247382	0.237213	-0.970242	0.098101	-0.123568	0.058739	0.057800	-0.079393	0.117068	-0.052830	-0.026483	0.050234	-0.019903	
-0.076950	0.229940	0.566564	0.247382	1.000000	-0.855607	-0.053305	0.243050	-0.418410	0.203049	-0.086207	0.275433	-0.396838	0.108125	0.211040	-0.328665	0.177972	
0.035873	-0.268692	-0.760705	0.237213	-0.855607	1.000000	-0.417842	-0.273898	0.469704	-0.214210	0.129484	-0.364520	0.536804	-0.159290	-0.285753	0.444012	-0.221229	
0.079450	0.115420	0.207251	-0.970242	-0.053305	-0.417842	1.000000	-0.055132	0.050596	-0.033001	-0.059851	0.113383	-0.170264	0.063695	0.072943	-0.118236	0.052608	
0.144058	-0.171063	0.458247	0.098101	0.243050	-0.273898	-0.055132	1.000000	-0.935888	0.670283	-0.018184	0.174611	-0.255921	0.045209	0.227789	-0.317650	0.050891	
-0.085623	0.106126	-0.697166	-0.123568	-0.418410	0.469704	0.050596	-0.935888	1.000000	-0.682309	0.063490	-0.274431	0.415321	-0.101813	-0.313540	0.452835	-0.126986	
-0.374272	0.325297	0.278174	0.058739	0.203049	-0.214210	-0.033001	0.670283	-0.682309	1.000000	-0.023883	0.161503	-0.206160	0.038410	0.052395	-0.116919	0.193553	
-0.038730	-0.112140	-0.140339	0.057800	-0.086207	0.129484	-0.059851	-0.018184	0.063490	-0.023883	1.000000	0.219090	0.394155	-0.981247	0.030985	-0.092282	-0.024670	
-0.039512	0.213833	0.408152	-0.079393	0.275433	-0.364520	0.113383	0.174611	-0.274431	0.161503	0.219090	1.000000	-0.778132	-0.067352	0.171594	-0.288196	0.143468	
0.031786	-0.248035	-0.634933	0.117068	-0.396838	0.536804	-0.170264	-0.255921	0.415321	-0.206160	0.394155	-0.778132	1.000000	-0.527054	-0.218273	0.326578	-0.187661	
0.012072	0.087475	0.193676	-0.052830	0.108125	-0.159290	0.063695	0.045209	-0.101813	0.038410	-0.981247	-0.067352	-0.527054	1.000000	-0.009970	0.059363	0.033215	
0.088413	-0.117259	0.400399	-0.026483	0.211040	-0.285753	0.072943	0.227789	-0.313540	0.052395	0.030985	0.171594	-0.218273	-0.009970	1.000000	-0.946776	0.761392	
-0.065490	0.084973	-0.602127	0.050234	-0.328665	0.444012	-0.118236	-0.317650	0.452835	-0.116919	-0.092282	-0.288196	0.326578	0.059363	-0.946776	1.000000	-0.773970	
-0.284227	0.242149	0.251613	-0.019903	0.177972	-0.221229	0.052608	0.050891	-0.126986	0.193553	-0.024670	0.143468	-0.187661	0.033215	0.761392	-0.773970	1.000000	

Time taken for mcmc chain: 5.933333 minutes
