Number of steps: 7964056
Number of accepted steps: 2000004
Burn-in number of steps: 60000
Accepted fraction of steps: 0.251129
Convergence Status
R[0]= 1.000304	R[1]= 1.002393	R[2]= 1.004679	R[3]= 1.000621	R[4]= 1.003808	R[5]= 1.003526	R[6]= 1.000348	R[7]= 1.004095	R[8]= 1.004744	R[9]= 1.003207	R[10]= 1.001353	R[11]= 1.001960	R[12]= 1.002708	R[13]= 1.001336	R[14]= 1.001796	R[15]= 1.003034	R[16]= 1.000467	
<R>= 1.002375

Mean parameters
A[0]= 0.977004 pm 0.020758
A[1]= 0.968996 pm 0.016103
A[2]= 0.405413 pm 0.197289
A[3]= 4.163399 pm 0.491163
A[4]= 3056.832018 pm 3708.427881
A[5]= -1739.771624 pm 1369.041937
A[6]= 265.877680 pm 151.555724
A[7]= 5094.756961 pm 7138.585048
A[8]= -3361.004755 pm 2653.569489
A[9]= -33.365165 pm 107.741230
A[10]= 4.035346 pm 0.802053
A[11]= 2181.568226 pm 4444.992935
A[12]= -1561.923799 pm 1522.960445
A[13]= 273.299982 pm 239.984090
A[14]= 11032.676615 pm 6396.761937
A[15]= -4833.940672 pm 2204.578049
A[16]= 23.106627 pm 112.754638

Best-fitting parameters
A[0]= 0.968998
A[1]= 0.971599
A[2]= 0.561466
A[3]= 4.158484
A[4]= 4624.510000
A[5]= -2467.048000
A[6]= 276.036900
A[7]= 12481.150000
A[8]= -6005.268000
A[9]= 70.245030
A[10]= 4.028512
A[11]= 3237.123000
A[12]= -2138.244000
A[13]= 274.313700
A[14]= 16131.030000
A[15]= -6772.539000
A[16]= 68.700510
chi2_min= 41.302530


Cross-Covariance parameters
1.000000	-0.417842	-0.127955	0.009314	-0.122098	0.132874	-0.055761	-0.016352	0.051383	-0.182207	-0.021286	-0.119061	0.122224	-0.011682	-0.009494	0.052784	-0.145371	
-0.417842	1.000000	0.080115	-0.090741	0.187469	-0.188861	0.087276	-0.015452	-0.018957	0.174620	-0.100665	0.170550	-0.185234	0.098356	-0.043674	0.010171	0.125713	
-0.127955	0.080115	1.000000	-0.212895	0.744282	-0.881056	0.414613	0.724193	-0.849918	0.613745	-0.373466	0.519332	-0.773329	0.480124	0.389722	-0.640166	0.222565	
0.009314	-0.090741	-0.212895	1.000000	0.041239	0.240229	-0.941734	0.028846	-0.013306	-0.024333	0.092385	-0.116800	0.173138	-0.113027	-0.080923	0.133101	-0.055560	
-0.122098	0.187469	0.744282	0.041239	1.000000	-0.938984	0.270449	0.564723	-0.669901	0.482386	-0.287165	0.412950	-0.599648	0.366830	0.287135	-0.473856	0.178523	
0.132874	-0.188861	-0.881056	0.240229	-0.938984	1.000000	-0.520645	-0.619211	0.737223	-0.538233	0.339376	-0.479019	0.701636	-0.433035	-0.339342	0.560216	-0.207924	
-0.055761	0.087276	0.414613	-0.941734	0.270449	-0.520645	1.000000	0.129005	-0.173744	0.147946	-0.161763	0.222614	-0.328395	0.206036	0.161234	-0.263905	0.100588	
-0.016352	-0.015452	0.724193	0.028846	0.564723	-0.619211	0.129005	1.000000	-0.970167	0.907643	-0.262929	0.376584	-0.558499	0.341806	0.295622	-0.474950	0.149718	
0.051383	-0.018957	-0.849918	-0.013306	-0.669901	0.737223	-0.173744	-0.970167	1.000000	-0.890694	0.313606	-0.441535	0.656406	-0.405154	-0.339020	0.550719	-0.180154	
-0.182207	0.174620	0.613745	-0.024333	0.482386	-0.538233	0.147946	0.907643	-0.890694	1.000000	-0.224864	0.344112	-0.493797	0.292837	0.232010	-0.388035	0.154155	
-0.021286	-0.100665	-0.373466	0.092385	-0.287165	0.339376	-0.161763	-0.262929	0.313606	-0.224864	1.000000	0.090725	0.328457	-0.961190	-0.016061	0.023532	-0.053689	
-0.119061	0.170550	0.519332	-0.116800	0.412950	-0.479019	0.222614	0.376584	-0.441535	0.344112	0.090725	1.000000	-0.884216	0.160079	0.198191	-0.373858	0.083110	
0.122224	-0.185234	-0.773329	0.173138	-0.599648	0.701636	-0.328395	-0.558499	0.656406	-0.493797	0.328457	-0.884216	1.000000	-0.549514	-0.260701	0.466373	-0.136949	
-0.011682	0.098356	0.480124	-0.113027	0.366830	-0.433035	0.206036	0.341806	-0.405154	0.292837	-0.961190	0.160079	-0.549514	1.000000	0.055050	-0.100424	0.060327	
-0.009494	-0.043674	0.389722	-0.080923	0.287135	-0.339342	0.161234	0.295622	-0.339020	0.232010	-0.016061	0.198191	-0.260701	0.055050	1.000000	-0.926610	0.820117	
0.052784	0.010171	-0.640166	0.133101	-0.473856	0.560216	-0.263905	-0.474950	0.550719	-0.388035	0.023532	-0.373858	0.466373	-0.100424	-0.926610	1.000000	-0.799761	
-0.145371	0.125713	0.222565	-0.055560	0.178523	-0.207924	0.100588	0.149718	-0.180154	0.154155	-0.053689	0.083110	-0.136949	0.060327	0.820117	-0.799761	1.000000	

Time taken for mcmc chain: 2.214444 hours
