Number of steps: 4010147
Number of accepted steps: 785559
Burn-in number of steps: 60000
Accepted fraction of steps: 0.195893
Convergence Status
R[0]= 1.002907	R[1]= 1.003498	R[2]= 1.002393	R[3]= 1.001446	R[4]= 1.000319	R[5]= 1.000438	R[6]= 1.001301	R[7]= 1.003119	R[8]= 1.003446	R[9]= 1.002103	R[10]= 1.001644	R[11]= 1.001178	R[12]= 1.001893	R[13]= 1.002059	R[14]= 1.000884	R[15]= 1.001443	R[16]= 1.000553	
<R>= 1.001801

Mean parameters
A[0]= 0.990649 pm 0.064421
A[1]= 1.053742 pm 0.028858
A[2]= 0.352782 pm 0.175764
A[3]= 5.197860 pm 1.012889
A[4]= 10408.784171 pm 5273.910238
A[5]= -3851.641274 pm 1646.339113
A[6]= 146.472669 pm 292.253362
A[7]= 4884.555059 pm 9024.489565
A[8]= -3656.245338 pm 3222.354550
A[9]= 39.478441 pm 150.953354
A[10]= 6.071216 pm 1.562004
A[11]= 10056.933278 pm 5934.077101
A[12]= -2681.787110 pm 2030.507513
A[13]= -206.516728 pm 477.978251
A[14]= 8449.194171 pm 8648.203178
A[15]= -4000.159019 pm 2999.522617
A[16]= -8.531548 pm 170.846884

Best-fitting parameters
A[0]= 1.007672
A[1]= 1.061699
A[2]= 0.527550
A[3]= 5.187115
A[4]= 15154.490000
A[5]= -5655.648000
A[6]= 200.528400
A[7]= 12226.120000
A[8]= -6561.649000
A[9]= 102.255300
A[10]= 6.828377
A[11]= 18703.470000
A[12]= -5256.988000
A[13]= -356.598900
A[14]= 15847.410000
A[15]= -7707.615000
A[16]= 50.177560
chi2_min= 53.969740


Cross-Covariance parameters
1.000000	-0.443271	-0.003668	-0.160172	-0.053917	-0.011348	0.101119	0.159535	-0.139358	-0.284585	0.035358	0.040958	-0.015343	-0.072013	0.141132	-0.166582	-0.346935	
-0.443271	1.000000	-0.000984	-0.119379	0.124458	-0.164615	0.117863	-0.191180	0.159519	0.194420	-0.062062	0.134401	-0.141433	0.051519	-0.131350	0.123030	0.272771	
-0.003668	-0.000984	1.000000	0.058028	0.604742	-0.791606	0.066064	0.576622	-0.749044	0.397150	-0.355248	0.355776	-0.712201	0.411269	0.380923	-0.607713	0.144370	
-0.160172	-0.119379	0.058028	1.000000	0.436134	-0.014400	-0.968582	0.170400	-0.243180	0.208178	0.005516	-0.010870	-0.006372	0.008505	0.039262	-0.046892	0.048142	
-0.053917	0.124458	0.604742	0.436134	1.000000	-0.878589	-0.234755	0.362492	-0.507984	0.301121	-0.203865	0.253353	-0.458184	0.236709	0.233661	-0.371524	0.122725	
-0.011348	-0.164615	-0.791606	-0.014400	-0.878589	1.000000	-0.191120	-0.418050	0.569322	-0.300254	0.284817	-0.327364	0.602924	-0.323849	-0.294399	0.476794	-0.130576	
0.101119	0.117863	0.066064	-0.968582	-0.234755	-0.191120	1.000000	-0.112008	0.160123	-0.154083	-0.047958	0.050126	-0.077148	0.044335	0.003307	-0.021415	-0.013960	
0.159535	-0.191180	0.576622	0.170400	0.362492	-0.418050	-0.112008	1.000000	-0.954908	0.771113	-0.196573	0.197225	-0.400124	0.225237	0.272401	-0.400595	0.011814	
-0.139358	0.159519	-0.749044	-0.243180	-0.507984	0.569322	0.160123	-0.954908	1.000000	-0.764818	0.259024	-0.258417	0.523899	-0.297469	-0.324558	0.494962	-0.046108	
-0.284585	0.194420	0.397150	0.208178	0.301121	-0.300254	-0.154083	0.771113	-0.764818	1.000000	-0.158622	0.145163	-0.295477	0.187415	0.115985	-0.200988	0.171625	
0.035358	-0.062062	-0.355248	0.005516	-0.203865	0.284817	-0.047958	-0.196573	0.259024	-0.158622	1.000000	0.241563	0.366833	-0.980014	-0.058620	0.004172	-0.004105	
0.040958	0.134401	0.355776	-0.010870	0.253353	-0.327364	0.050126	0.197225	-0.258417	0.145163	0.241563	1.000000	-0.780159	-0.079876	0.182418	-0.333157	0.111390	
-0.015343	-0.141433	-0.712201	-0.006372	-0.458184	0.602924	-0.077148	-0.400124	0.523899	-0.295477	0.366833	-0.780159	1.000000	-0.509358	-0.277987	0.437103	-0.128826	
-0.072013	0.051519	0.411269	0.008505	0.236709	-0.323849	0.044335	0.225237	-0.297469	0.187415	-0.980014	-0.079876	-0.509358	1.000000	0.079161	-0.043157	0.023195	
0.141132	-0.131350	0.380923	0.039262	0.233661	-0.294399	0.003307	0.272401	-0.324558	0.115985	-0.058620	0.182418	-0.277987	0.079161	1.000000	-0.920984	0.659760	
-0.166582	0.123030	-0.607713	-0.046892	-0.371524	0.476794	-0.021415	-0.400595	0.494962	-0.200988	0.004172	-0.333157	0.437103	-0.043157	-0.920984	1.000000	-0.648784	
-0.346935	0.272771	0.144370	0.048142	0.122725	-0.130576	-0.013960	0.011814	-0.046108	0.171625	-0.004105	0.111390	-0.128826	0.023195	0.659760	-0.648784	1.000000	

Time taken for mcmc chain: 31.583333 minutes
