Number of steps: 6911112
Number of accepted steps: 1580000
Burn-in number of steps: 60000
Accepted fraction of steps: 0.228617
Convergence Status
R[0]= 1.002005	R[1]= 1.002298	R[2]= 1.002721	R[3]= 1.001172	R[4]= 1.000259	R[5]= 1.001263	R[6]= 1.001329	R[7]= 1.001301	R[8]= 1.001136	R[9]= 1.000147	R[10]= 1.001933	R[11]= 1.000496	R[12]= 1.000755	R[13]= 1.001873	R[14]= 1.000446	R[15]= 1.000419	R[16]= 1.000251	
<R>= 1.001165

Mean parameters
A[0]= 1.049299 pm 0.066671
A[1]= 1.014729 pm 0.032092
A[2]= 0.390274 pm 0.213096
A[3]= 4.725520 pm 1.045119
A[4]= 3962.722717 pm 5615.579594
A[5]= -2133.687379 pm 1828.863332
A[6]= 173.490151 pm 304.840494
A[7]= 12445.403369 pm 6087.740104
A[8]= -5506.852476 pm 2437.494106
A[9]= 70.560014 pm 120.797707
A[10]= 4.747665 pm 1.598683
A[11]= -112.391070 pm 7154.459162
A[12]= -1091.895713 pm 2161.578143
A[13]= 109.720923 pm 473.016122
A[14]= 7037.231520 pm 8972.095401
A[15]= -4746.827713 pm 3225.218494
A[16]= 57.522693 pm 173.793927

Best-fitting parameters
A[0]= 1.087076
A[1]= 0.996960
A[2]= 0.613354
A[3]= 5.044340
A[4]= 9156.190000
A[5]= -3964.137000
A[6]= 150.889400
A[7]= 19736.100000
A[8]= -9224.469000
A[9]= 148.562700
A[10]= 5.052439
A[11]= 4715.810000
A[12]= -2902.645000
A[13]= 88.990400
A[14]= 19653.920000
A[15]= -9703.709000
A[16]= 201.521100
chi2_min= 61.810740


Cross-Covariance parameters
1.000000	-0.416351	0.081646	-0.284548	-0.079011	-0.048033	0.243628	0.139360	-0.116989	-0.357413	0.190003	0.119260	-0.039103	-0.194886	0.159629	-0.213147	-0.199960	
-0.416351	1.000000	0.050392	-0.012707	0.236739	-0.231371	0.015089	-0.117822	0.037870	0.344198	-0.080146	0.157781	-0.199092	0.075985	-0.091451	0.056764	0.212791	
0.081646	0.050392	1.000000	-0.173248	0.546166	-0.788047	0.307305	0.406724	-0.724599	0.237603	-0.140255	0.414391	-0.667837	0.222929	0.325017	-0.587461	0.233963	
-0.284548	-0.012707	-0.173248	1.000000	0.346439	0.100736	-0.966034	0.080825	-0.125496	0.050406	0.012811	-0.092497	0.127849	-0.019655	-0.062708	0.118496	0.010649	
-0.079011	0.236739	0.546166	0.346439	1.000000	-0.875260	-0.124428	0.267641	-0.519043	0.191314	-0.072148	0.277117	-0.411620	0.119282	0.174843	-0.318658	0.180640	
-0.048033	-0.231371	-0.788047	0.100736	-0.875260	1.000000	-0.318602	-0.308419	0.595698	-0.211672	0.103037	-0.380518	0.574250	-0.167479	-0.255959	0.467189	-0.213850	
0.243628	0.015089	0.307305	-0.966034	-0.124428	-0.318602	1.000000	-0.027476	0.018844	-0.011927	-0.042137	0.141514	-0.216535	0.061773	0.103465	-0.191514	0.028796	
0.139360	-0.117822	0.406724	0.080825	0.267641	-0.308419	-0.027476	1.000000	-0.882584	0.645106	0.001216	0.173369	-0.247783	0.031907	0.169404	-0.271975	0.057145	
-0.116989	0.037870	-0.724599	-0.125496	-0.519043	0.595698	0.018844	-0.882584	1.000000	-0.625264	0.057507	-0.312791	0.475535	-0.118169	-0.261618	0.451272	-0.149960	
-0.357413	0.344198	0.237603	0.050406	0.191314	-0.211672	-0.011927	0.645106	-0.625264	1.000000	-0.101764	0.100298	-0.194166	0.122300	0.011202	-0.070606	0.157965	
0.190003	-0.080146	-0.140255	0.012811	-0.072148	0.103037	-0.042137	0.001216	0.057507	-0.101764	1.000000	0.379957	0.128419	-0.975246	0.137469	-0.246191	-0.087793	
0.119260	0.157781	0.414391	-0.092497	0.277117	-0.380518	0.141514	0.173369	-0.312791	0.100298	0.379957	1.000000	-0.842475	-0.191579	0.223798	-0.421251	0.118181	
-0.039103	-0.199092	-0.667837	0.127849	-0.411620	0.574250	-0.216535	-0.247783	0.475535	-0.194166	0.128419	-0.842475	1.000000	-0.316573	-0.222323	0.421709	-0.201775	
-0.194886	0.075985	0.222929	-0.019655	0.119282	-0.167479	0.061773	0.031907	-0.118169	0.122300	-0.975246	-0.191579	-0.316573	1.000000	-0.105652	0.184206	0.105577	
0.159629	-0.091451	0.325017	-0.062708	0.174843	-0.255959	0.103465	0.169404	-0.261618	0.011202	0.137469	0.223798	-0.222323	-0.105652	1.000000	-0.905780	0.741451	
-0.213147	0.056764	-0.587461	0.118496	-0.318658	0.467189	-0.191514	-0.271975	0.451272	-0.070606	-0.246191	-0.421251	0.421709	0.184206	-0.905780	1.000000	-0.715317	
-0.199960	0.212791	0.233963	0.010649	0.180640	-0.213850	0.028796	0.057145	-0.149960	0.157965	-0.087793	0.118181	-0.201775	0.105577	0.741451	-0.715317	1.000000	

Time taken for mcmc chain: 1.524722 hours
