Number of steps: 10817694
Number of accepted steps: 2000004
Burn-in number of steps: 60000
Accepted fraction of steps: 0.184883
Convergence Status
R[0]= 1.001202	R[1]= 1.001114	R[2]= 1.001834	R[3]= 1.002175	R[4]= 1.001878	R[5]= 1.001583	R[6]= 1.001591	R[7]= 1.001010	R[8]= 1.001315	R[9]= 1.000260	R[10]= 1.000735	R[11]= 1.000580	R[12]= 1.000645	R[13]= 1.000576	R[14]= 1.000296	R[15]= 1.001129	R[16]= 1.000360	
<R>= 1.001075

Mean parameters
A[0]= 1.005573 pm 0.030919
A[1]= 1.001405 pm 0.018259
A[2]= 0.391534 pm 0.234852
A[3]= 3.515829 pm 0.486494
A[4]= 5715.955023 pm 3671.936712
A[5]= -2788.438021 pm 1371.323367
A[6]= 473.817340 pm 154.510725
A[7]= 2486.237719 pm 7176.806827
A[8]= -2122.989587 pm 2681.147958
A[9]= -108.331953 pm 109.071817
A[10]= 3.236765 pm 0.796023
A[11]= 1405.967860 pm 4421.049495
A[12]= -1793.058464 pm 1454.801785
A[13]= 459.827554 pm 239.138130
A[14]= 13920.732526 pm 4907.391246
A[15]= -5034.379250 pm 1780.817233
A[16]= 78.459050 pm 96.694859

Best-fitting parameters
A[0]= 1.000328
A[1]= 0.995890
A[2]= 0.470733
A[3]= 3.683151
A[4]= 6490.408000
A[5]= -3068.905000
A[6]= 436.792900
A[7]= 2977.166000
A[8]= -2655.130000
A[9]= -110.307900
A[10]= 3.215800
A[11]= 34.132220
A[12]= -1616.688000
A[13]= 449.538000
A[14]= 18749.110000
A[15]= -6660.479000
A[16]= 156.391300
chi2_min= 58.925080


Cross-Covariance parameters
1.000000	-0.434130	-0.064401	0.117256	0.015187	0.042038	-0.131780	0.162773	-0.099030	-0.071225	-0.227605	-0.115582	0.044811	0.191140	0.047713	0.032726	-0.162193	
-0.434130	1.000000	0.051046	-0.090108	0.193867	-0.179869	0.098621	-0.117678	0.060555	0.101653	0.003870	0.188089	-0.167127	0.007621	-0.059346	0.007116	0.149907	
-0.064401	0.051046	1.000000	-0.280481	0.700203	-0.875410	0.475777	0.686301	-0.833805	0.618595	-0.348429	0.442154	-0.737336	0.455183	0.274201	-0.621932	0.116050	
0.117256	-0.090108	-0.280481	1.000000	0.059674	0.252017	-0.942911	0.000852	0.034310	-0.057958	0.082656	-0.136174	0.211597	-0.115610	-0.066375	0.167689	-0.051701	
0.015187	0.193867	0.700203	0.059674	1.000000	-0.926248	0.250715	0.520661	-0.636644	0.463708	-0.276364	0.337106	-0.549887	0.348615	0.189941	-0.431126	0.085144	
0.042038	-0.179869	-0.875410	0.252017	-0.926248	1.000000	-0.531312	-0.590462	0.729103	-0.541719	0.323358	-0.409817	0.670372	-0.415824	-0.235261	0.539265	-0.109878	
-0.131780	0.098621	0.475777	-0.942911	0.250715	-0.531312	1.000000	0.147203	-0.215793	0.182588	-0.149585	0.222278	-0.355337	0.203568	0.119895	-0.289097	0.073186	
0.162773	-0.117678	0.686301	0.000852	0.520661	-0.590462	0.147203	1.000000	-0.964582	0.901441	-0.282154	0.280731	-0.500912	0.350147	0.210849	-0.436011	0.039546	
-0.099030	0.060555	-0.833805	0.034310	-0.636644	0.729103	-0.215793	-0.964582	1.000000	-0.895417	0.323420	-0.351960	0.611187	-0.408335	-0.242611	0.523011	-0.067583	
-0.071225	0.101653	0.618595	-0.057958	0.463708	-0.541719	0.182588	0.901441	-0.895417	1.000000	-0.212850	0.286526	-0.465754	0.279356	0.163026	-0.380638	0.079704	
-0.227605	0.003870	-0.348429	0.082656	-0.276364	0.323358	-0.149585	-0.282154	0.323420	-0.212850	1.000000	0.204454	0.247700	-0.961046	-0.018230	0.012122	-0.007398	
-0.115582	0.188089	0.442154	-0.136174	0.337106	-0.409817	0.222278	0.280731	-0.351960	0.286526	0.204454	1.000000	-0.867622	0.047879	0.117599	-0.346409	0.021663	
0.044811	-0.167127	-0.737336	0.211597	-0.549887	0.670372	-0.355337	-0.500912	0.611187	-0.465754	0.247700	-0.867622	1.000000	-0.480262	-0.176178	0.458770	-0.048591	
0.191140	0.007621	0.455183	-0.115610	0.348615	-0.415824	0.203568	0.350147	-0.408335	0.279356	-0.961046	0.047879	-0.480262	1.000000	0.040510	-0.087569	0.002456	
0.047713	-0.059346	0.274201	-0.066375	0.189941	-0.235261	0.119895	0.210849	-0.242611	0.163026	-0.018230	0.117599	-0.176178	0.040510	1.000000	-0.871655	0.746911	
0.032726	0.007116	-0.621932	0.167689	-0.431126	0.539265	-0.289097	-0.436011	0.523011	-0.380638	0.012122	-0.346409	0.458770	-0.087569	-0.871655	1.000000	-0.728552	
-0.162193	0.149907	0.116050	-0.051701	0.085144	-0.109878	0.073186	0.039546	-0.067583	0.079704	-0.007398	0.021663	-0.048591	0.002456	0.746911	-0.728552	1.000000	

Time taken for mcmc chain: 2.449444 hours
