Number of steps: 9389242
Number of accepted steps: 1945840
Burn-in number of steps: 60000
Accepted fraction of steps: 0.207241
Convergence Status
R[0]= 1.000282	R[1]= 1.000798	R[2]= 1.009037	R[3]= 1.000365	R[4]= 1.002130	R[5]= 1.003506	R[6]= 1.000449	R[7]= 1.002375	R[8]= 1.003944	R[9]= 1.000997	R[10]= 1.000741	R[11]= 1.001416	R[12]= 1.003725	R[13]= 1.001192	R[14]= 1.001064	R[15]= 1.002146	R[16]= 1.000732	
<R>= 1.002053

Mean parameters
A[0]= 1.017553 pm 0.025191
A[1]= 1.008510 pm 0.015116
A[2]= 0.108817 pm 0.091752
A[3]= 4.345241 pm 0.481505
A[4]= 2056.383296 pm 2820.604761
A[5]= -633.226683 pm 873.790920
A[6]= 156.487071 pm 147.655815
A[7]= -514.369034 pm 5747.384005
A[8]= -195.535913 pm 1744.298713
A[9]= -166.090629 pm 91.076507
A[10]= 5.026162 pm 0.773583
A[11]= 2542.273760 pm 3955.065233
A[12]= -249.525552 pm 1190.340997
A[13]= -92.260457 pm 233.163577
A[14]= -1637.152305 pm 8054.678977
A[15]= -561.177580 pm 2349.909811
A[16]= -103.537504 pm 135.308587

Best-fitting parameters
A[0]= 1.025389
A[1]= 1.005355
A[2]= 0.047492
A[3]= 4.390091
A[4]= 2118.066000
A[5]= -530.234800
A[6]= 154.313900
A[7]= -2410.926000
A[8]= 619.074600
A[9]= -206.409800
A[10]= 5.402479
A[11]= 807.218000
A[12]= 614.947200
A[13]= -230.909600
A[14]= -4673.438000
A[15]= 587.556900
A[16]= -169.027000
chi2_min= 62.832660


Cross-Covariance parameters
1.000000	-0.413757	-0.075378	0.004961	0.067113	-0.029520	-0.022081	0.266604	-0.199557	-0.063571	-0.045289	0.031600	-0.027967	0.029982	0.180048	-0.137816	-0.072978	
-0.413757	1.000000	0.038644	0.047513	0.257256	-0.205322	-0.038209	-0.197847	0.142620	0.089132	-0.155434	0.172570	-0.220058	0.151456	-0.166367	0.138446	0.052603	
-0.075378	0.038644	1.000000	-0.138026	0.449050	-0.649049	0.237123	0.436003	-0.600999	0.345791	-0.154993	0.325534	-0.535239	0.220199	0.310104	-0.463087	0.217690	
0.004961	0.047513	-0.138026	1.000000	0.179383	0.267712	-0.960224	0.032698	-0.022375	0.016070	0.004672	-0.032755	0.056427	-0.014156	-0.053294	0.072797	-0.030456	
0.067113	0.257256	0.449050	0.179383	1.000000	-0.875073	0.065981	0.194378	-0.280402	0.157358	-0.136441	0.216723	-0.328066	0.161723	0.126501	-0.195503	0.097805	
-0.029520	-0.205322	-0.649049	0.267712	-0.875073	1.000000	-0.493839	-0.243242	0.355814	-0.198771	0.149349	-0.264321	0.412752	-0.188722	-0.193364	0.292578	-0.142164	
-0.022081	-0.038209	0.237123	-0.960224	0.065981	-0.493839	1.000000	0.002239	-0.031303	0.007652	-0.020856	0.065541	-0.110432	0.037172	0.081617	-0.116769	0.052749	
0.266604	-0.197847	0.436003	0.032698	0.194378	-0.243242	0.002239	1.000000	-0.970667	0.845230	-0.059130	0.144544	-0.230345	0.086501	0.206884	-0.263774	0.076311	
-0.199557	0.142620	-0.600999	-0.022375	-0.280402	0.355814	-0.031303	-0.970667	1.000000	-0.872492	0.088028	-0.199906	0.321830	-0.126359	-0.242248	0.326446	-0.114612	
-0.063571	0.089132	0.345791	0.016070	0.157358	-0.198771	0.007652	0.845230	-0.872492	1.000000	-0.057560	0.128836	-0.200176	0.080863	0.088262	-0.143828	0.075822	
-0.045289	-0.155434	-0.154993	0.004672	-0.136441	0.149349	-0.020856	-0.059130	0.088028	-0.057560	1.000000	0.192105	0.324236	-0.965677	0.004854	-0.007133	-0.015054	
0.031600	0.172570	0.325534	-0.032755	0.216723	-0.264321	0.065541	0.144544	-0.199906	0.128836	0.192105	1.000000	-0.841449	0.035620	0.033081	-0.094894	-0.007100	
-0.027967	-0.220058	-0.535239	0.056427	-0.328066	0.412752	-0.110432	-0.230345	0.321830	-0.200176	0.324236	-0.841449	1.000000	-0.533566	-0.080708	0.161470	-0.036748	
0.029982	0.151456	0.220199	-0.014156	0.161723	-0.188722	0.037172	0.086501	-0.126359	0.080863	-0.965677	0.035620	-0.533566	1.000000	-0.006198	-0.003615	0.003163	
0.180048	-0.166367	0.310104	-0.053294	0.126501	-0.193364	0.081617	0.206884	-0.242248	0.088262	0.004854	0.033081	-0.080708	-0.006198	1.000000	-0.971572	0.860278	
-0.137816	0.138446	-0.463087	0.072797	-0.195503	0.292578	-0.116769	-0.263774	0.326446	-0.143828	-0.007133	-0.094894	0.161470	-0.003615	-0.971572	1.000000	-0.895030	
-0.072978	0.052603	0.217690	-0.030456	0.097805	-0.142164	0.052749	0.076311	-0.114612	0.075822	-0.015054	-0.007100	-0.036748	0.003163	0.860278	-0.895030	1.000000	

Time taken for mcmc chain: 2.264444 hours
