Number of steps: 4658453
Number of accepted steps: 934000
Burn-in number of steps: 60000
Accepted fraction of steps: 0.200496
Convergence Status
R[0]= 1.001013	R[1]= 1.001267	R[2]= 1.006047	R[3]= 1.001285	R[4]= 1.001282	R[5]= 1.001643	R[6]= 1.001231	R[7]= 1.001044	R[8]= 1.001540	R[9]= 1.000195	R[10]= 1.003634	R[11]= 1.000969	R[12]= 1.000009	R[13]= 1.003232	R[14]= 1.000891	R[15]= 1.001366	R[16]= 1.000365	
<R>= 1.001589

Mean parameters
A[0]= 1.058507 pm 0.046264
A[1]= 0.995871 pm 0.018209
A[2]= 0.077362 pm 0.070144
A[3]= 4.303847 pm 0.493434
A[4]= 3419.480188 pm 2732.772975
A[5]= -974.690262 pm 832.694399
A[6]= 181.941516 pm 150.339618
A[7]= -5093.155978 pm 5976.109027
A[8]= 1128.611812 pm 1706.943915
A[9]= -275.845426 pm 87.880646
A[10]= 3.716265 pm 0.791264
A[11]= -5991.476890 pm 3925.151544
A[12]= 1099.331690 pm 1045.356010
A[13]= 188.688032 pm 236.210898
A[14]= 4014.660541 pm 7848.396723
A[15]= -980.683149 pm 2194.450949
A[16]= -176.607965 pm 129.999933

Best-fitting parameters
A[0]= 1.062193
A[1]= 0.990839
A[2]= 0.005927
A[3]= 4.515604
A[4]= 2472.262000
A[5]= -384.739300
A[6]= 98.708160
A[7]= -7780.356000
A[8]= 2032.735000
A[9]= -307.503300
A[10]= 3.768927
A[11]= -8016.182000
A[12]= 1802.203000
A[13]= 144.607700
A[14]= 680.352500
A[15]= -77.709850
A[16]= -189.867600
chi2_min= 76.713980


Cross-Covariance parameters
1.000000	-0.500713	0.080320	-0.180505	0.233969	-0.277766	0.170340	0.499055	-0.448771	-0.050483	0.260575	0.243263	-0.095215	-0.249268	0.324049	-0.308422	-0.039363	
-0.500713	1.000000	-0.046647	-0.000333	0.154923	-0.125943	-0.004167	-0.339755	0.297937	0.099930	-0.153457	0.061206	-0.133645	0.143875	-0.221746	0.209578	0.045595	
0.080320	-0.046647	1.000000	-0.169964	0.338222	-0.523852	0.237560	0.343589	-0.484968	0.257937	-0.016832	0.228427	-0.347730	0.060386	0.215524	-0.316660	0.127969	
-0.180505	-0.000333	-0.169964	1.000000	0.105784	0.362045	-0.964140	-0.010507	0.022285	-0.011761	-0.055137	-0.095534	0.080681	0.047975	-0.074247	0.088335	-0.008928	
0.233969	0.154923	0.338222	0.105784	1.000000	-0.869032	0.113861	0.182554	-0.228479	0.067083	0.045880	0.195328	-0.199270	-0.030028	0.117570	-0.147958	0.042645	
-0.277766	-0.125943	-0.523852	0.362045	-0.869032	1.000000	-0.559573	-0.209667	0.277022	-0.100320	-0.057025	-0.240940	0.259213	0.033375	-0.163161	0.211917	-0.061216	
0.170340	-0.004167	0.237560	-0.964140	0.113861	-0.559573	1.000000	0.020698	-0.043252	0.013180	0.051248	0.106199	-0.101334	-0.040933	0.084917	-0.106126	0.017887	
0.499055	-0.339755	0.343589	-0.010507	0.182554	-0.209667	0.020698	1.000000	-0.977622	0.736788	0.124430	0.167898	-0.132274	-0.104596	0.229342	-0.251243	0.017755	
-0.448771	0.297937	-0.484968	0.022285	-0.228479	0.277022	-0.043252	-0.977622	1.000000	-0.788427	-0.103657	-0.190709	0.182897	0.077914	-0.237931	0.275749	-0.038097	
-0.050483	0.099930	0.257937	-0.011761	0.067083	-0.100320	0.013180	0.736788	-0.788427	1.000000	-0.025613	0.066816	-0.109761	0.037745	0.026992	-0.054377	0.035651	
0.260575	-0.153457	-0.016832	-0.055137	0.045880	-0.057025	0.051248	0.124430	-0.103657	-0.025613	1.000000	0.340297	0.224862	-0.968710	0.159152	-0.166386	-0.023543	
0.243263	0.061206	0.228427	-0.095534	0.195328	-0.240940	0.106199	0.167898	-0.190709	0.066816	0.340297	1.000000	-0.821504	-0.128749	0.064344	-0.087474	-0.058405	
-0.095215	-0.133645	-0.347730	0.080681	-0.199270	0.259213	-0.101334	-0.132274	0.182897	-0.109761	0.224862	-0.821504	1.000000	-0.437669	0.003505	0.027029	0.032966	
-0.249268	0.143875	0.060386	0.047975	-0.030028	0.033375	-0.040933	-0.104596	0.077914	0.037745	-0.968710	-0.128749	-0.437669	1.000000	-0.163992	0.167080	0.003753	
0.324049	-0.221746	0.215524	-0.074247	0.117570	-0.163161	0.084917	0.229342	-0.237931	0.026992	0.159152	0.064344	0.003505	-0.163992	1.000000	-0.979043	0.822458	
-0.308422	0.209578	-0.316660	0.088335	-0.147958	0.211917	-0.106126	-0.251243	0.275749	-0.054377	-0.166386	-0.087474	0.027029	0.167080	-0.979043	1.000000	-0.873770	
-0.039363	0.045595	0.127969	-0.008928	0.042645	-0.061216	0.017887	0.017755	-0.038097	0.035651	-0.023543	-0.058405	0.032966	0.003753	0.822458	-0.873770	1.000000	

Time taken for mcmc chain: 40.033333 minutes
