Number of steps: 8604732
Number of accepted steps: 2000004
Burn-in number of steps: 60000
Accepted fraction of steps: 0.232431
Convergence Status
R[0]= 1.006519	R[1]= 1.000974	R[2]= 1.000300	R[3]= 1.000137	R[4]= 1.000267	R[5]= 1.000337	R[6]= 1.000079	R[7]= 1.000840	R[8]= 1.000729	R[9]= 1.000161	R[10]= 1.000369	R[11]= 1.000157	R[12]= 1.000219	R[13]= 1.000383	R[14]= 1.000398	R[15]= 1.000372	R[16]= 1.000735	
<R>= 1.000763

Mean parameters
A[0]= 1.034912 pm 0.035798
A[1]= 0.994631 pm 0.015892
A[2]= 0.190259 pm 0.131486
A[3]= 3.958575 pm 0.491724
A[4]= 2215.831112 pm 2926.937990
A[5]= -1254.034019 pm 987.776811
A[6]= 293.265624 pm 152.485527
A[7]= 13207.630197 pm 4526.237046
A[8]= -3945.022463 pm 1509.272926
A[9]= -11.154204 pm 77.767910
A[10]= 4.409241 pm 0.770000
A[11]= -1815.418857 pm 4173.648543
A[12]= 108.935454 pm 1241.862635
A[13]= 68.683406 pm 227.953496
A[14]= 7038.769124 pm 7456.282375
A[15]= -2937.399667 pm 2291.679514
A[16]= -66.229829 pm 129.149869

Best-fitting parameters
A[0]= 1.026278
A[1]= 0.993813
A[2]= 0.225380
A[3]= 4.049216
A[4]= 2735.625000
A[5]= -1384.509000
A[6]= 273.945000
A[7]= 14815.700000
A[8]= -4412.656000
A[9]= 0.351540
A[10]= 4.407308
A[11]= -1419.372000
A[12]= 1.229268
A[13]= 66.863590
A[14]= 7305.290000
A[15]= -3159.234000
A[16]= -57.572150
chi2_min= 48.978910


Cross-Covariance parameters
1.000000	-0.479822	-0.110851	-0.038813	0.018324	0.006892	-0.009538	0.218262	-0.128222	-0.238114	-0.002462	0.027890	0.006913	-0.038907	0.166122	-0.117263	-0.173709	
-0.479822	1.000000	0.090650	-0.035403	0.216960	-0.205407	0.053906	-0.156667	0.076232	0.224606	-0.047289	0.172188	-0.188416	0.062186	-0.132011	0.087624	0.120957	
-0.110851	0.090650	1.000000	-0.254862	0.530928	-0.748453	0.374040	0.397407	-0.657475	0.297778	-0.109162	0.402715	-0.623406	0.198506	0.316980	-0.526095	0.231336	
-0.038813	-0.035403	-0.254862	1.000000	0.086899	0.329405	-0.958108	-0.000801	0.039880	-0.060068	0.020400	-0.128835	0.178589	-0.044866	-0.092001	0.144077	-0.052510	
0.018324	0.216960	0.530928	0.086899	1.000000	-0.885553	0.165745	0.227224	-0.381320	0.148335	-0.066257	0.273957	-0.384914	0.111994	0.178164	-0.288499	0.129708	
0.006892	-0.205407	-0.748453	0.329405	-0.885553	1.000000	-0.552748	-0.274007	0.473093	-0.207901	0.086786	-0.356047	0.514874	-0.152989	-0.247331	0.403065	-0.177086	
-0.009538	0.053906	0.374040	-0.958108	0.165745	-0.552748	1.000000	0.039856	-0.115055	0.090386	-0.029509	0.175841	-0.250773	0.067268	0.127118	-0.204324	0.089398	
0.218262	-0.156667	0.397407	-0.000801	0.227224	-0.274007	0.039856	1.000000	-0.935631	0.745937	-0.032581	0.168965	-0.248795	0.061722	0.194472	-0.266588	0.058795	
-0.128222	0.076232	-0.657475	0.039880	-0.381320	0.473093	-0.115055	-0.935631	1.000000	-0.768212	0.067279	-0.271610	0.412122	-0.120082	-0.258532	0.387962	-0.125178	
-0.238114	0.224606	0.297778	-0.060068	0.148335	-0.207901	0.090386	0.745937	-0.768212	1.000000	-0.026596	0.128240	-0.190591	0.059421	0.048656	-0.116451	0.108733	
-0.002462	-0.047289	-0.109162	0.020400	-0.066257	0.086786	-0.029509	-0.032581	0.067279	-0.026596	1.000000	0.277637	0.199899	-0.961499	0.070232	-0.085728	-0.001211	
0.027890	0.172188	0.402715	-0.128835	0.273957	-0.356047	0.175841	0.168965	-0.271610	0.128240	0.277637	1.000000	-0.857318	-0.039890	0.108790	-0.212233	0.029728	
0.006913	-0.188416	-0.623406	0.178589	-0.384914	0.514874	-0.250773	-0.248795	0.412122	-0.190591	0.199899	-0.857318	1.000000	-0.428517	-0.135343	0.267888	-0.076126	
-0.038907	0.062186	0.198506	-0.044866	0.111994	-0.152989	0.067268	0.061722	-0.120082	0.059421	-0.961499	-0.039890	-0.428517	1.000000	-0.060267	0.053771	0.006012	
0.166122	-0.132011	0.316980	-0.092001	0.178164	-0.247331	0.127118	0.194472	-0.258532	0.048656	0.070232	0.108790	-0.135343	-0.060267	1.000000	-0.955417	0.819468	
-0.117263	0.087624	-0.526095	0.144077	-0.288499	0.403065	-0.204324	-0.266588	0.387962	-0.116451	-0.085728	-0.212233	0.267888	0.053771	-0.955417	1.000000	-0.842904	
-0.173709	0.120957	0.231336	-0.052510	0.129708	-0.177086	0.089398	0.058795	-0.125178	0.108733	-0.001211	0.029728	-0.076126	0.006012	0.819468	-0.842904	1.000000	

Time taken for mcmc chain: 2.369722 hours
