Number of steps: 9897949
Number of accepted steps: 2000004
Burn-in number of steps: 60000
Accepted fraction of steps: 0.202062
Convergence Status
R[0]= 1.000560	R[1]= 1.004039	R[2]= 1.006987	R[3]= 1.000118	R[4]= 1.003143	R[5]= 1.004250	R[6]= 1.000306	R[7]= 1.002039	R[8]= 1.003597	R[9]= 1.001752	R[10]= 1.000420	R[11]= 1.001919	R[12]= 1.003370	R[13]= 1.000374	R[14]= 1.001845	R[15]= 1.003390	R[16]= 1.001003	
<R>= 1.002301

Mean parameters
A[0]= 1.020240 pm 0.028855
A[1]= 1.030975 pm 0.023101
A[2]= 0.225319 pm 0.167028
A[3]= 3.493141 pm 0.493142
A[4]= 3139.255707 pm 3133.069268
A[5]= -1817.879059 pm 1067.522591
A[6]= 418.317814 pm 154.101979
A[7]= 4276.698872 pm 6239.452610
A[8]= -1880.320641 pm 2066.319624
A[9]= -65.847508 pm 94.770975
A[10]= 3.446010 pm 0.736827
A[11]= 2828.979570 pm 4441.547714
A[12]= -1677.479419 pm 1267.168990
A[13]= 391.323620 pm 218.064948
A[14]= -1805.417034 pm 8226.633629
A[15]= -385.891201 pm 2567.134274
A[16]= -196.372477 pm 137.212311

Best-fitting parameters
A[0]= 1.025819
A[1]= 1.030698
A[2]= 0.097490
A[3]= 3.716355
A[4]= 3520.239000
A[5]= -1563.331000
A[6]= 362.153700
A[7]= 927.600000
A[8]= -413.709400
A[9]= -138.781600
A[10]= 3.512105
A[11]= 1422.323000
A[12]= -1011.730000
A[13]= 346.972800
A[14]= -2399.177000
A[15]= 335.330300
A[16]= -204.216200
chi2_min= 48.387240


Cross-Covariance parameters
1.000000	-0.460923	-0.068027	-0.030426	-0.030963	0.041751	0.007396	0.244776	-0.161623	-0.059066	0.067252	0.007591	0.040121	-0.076391	0.154749	-0.113369	-0.049958	
-0.460923	1.000000	-0.005237	-0.053773	0.277950	-0.231650	0.060665	-0.273617	0.201963	0.044260	-0.016944	0.211864	-0.196198	0.022877	-0.175715	0.141481	0.031401	
-0.068027	-0.005237	1.000000	-0.291356	0.523661	-0.770959	0.423108	0.550789	-0.728067	0.464781	-0.018526	0.417787	-0.634918	0.125063	0.392645	-0.581811	0.287648	
-0.030426	-0.053773	-0.291356	1.000000	0.120143	0.289786	-0.956973	-0.046948	0.077169	-0.046051	0.010088	-0.148519	0.211223	-0.042969	-0.109239	0.167036	-0.082612	
-0.030963	0.277950	0.523661	0.120143	1.000000	-0.886225	0.139681	0.263028	-0.384629	0.264793	-0.000649	0.305157	-0.405691	0.059085	0.172686	-0.278005	0.151859	
0.041751	-0.231650	-0.770959	0.289786	-0.886225	1.000000	-0.524313	-0.370403	0.524001	-0.347294	0.009428	-0.396401	0.553897	-0.094312	-0.274086	0.425695	-0.221943	
0.007396	0.060665	0.423108	-0.956973	0.139681	-0.524313	1.000000	0.116880	-0.175700	0.102829	-0.012758	0.204191	-0.295610	0.059990	0.157301	-0.240237	0.118891	
0.244776	-0.273617	0.550789	-0.046948	0.263028	-0.370403	0.116880	1.000000	-0.963194	0.854681	0.003983	0.200327	-0.315891	0.053326	0.284462	-0.374824	0.145908	
-0.161623	0.201963	-0.728067	0.077169	-0.384629	0.524001	-0.175700	-0.963194	1.000000	-0.867748	0.002673	-0.282962	0.437867	-0.079196	-0.337083	0.464425	-0.200630	
-0.059066	0.044260	0.464781	-0.046051	0.264793	-0.347294	0.102829	0.854681	-0.867748	1.000000	-0.013201	0.202165	-0.303841	0.062819	0.176071	-0.264431	0.136962	
0.067252	-0.016944	-0.018526	0.010088	-0.000649	0.009428	-0.012758	0.003983	0.002673	-0.013201	1.000000	0.385889	0.038138	-0.957830	0.067253	-0.115365	0.042578	
0.007591	0.211864	0.417787	-0.148519	0.305157	-0.396401	0.204191	0.200327	-0.282962	0.202165	0.385889	1.000000	-0.876745	-0.135942	0.120606	-0.233777	0.081339	
0.040121	-0.196198	-0.634918	0.211223	-0.405691	0.553897	-0.295610	-0.315891	0.437867	-0.303841	0.038138	-0.876745	1.000000	-0.293631	-0.181092	0.314770	-0.126651	
-0.076391	0.022877	0.125063	-0.042969	0.059085	-0.094312	0.059990	0.053326	-0.079196	0.062819	-0.957830	-0.135942	-0.293631	1.000000	-0.042605	0.065756	-0.035010	
0.154749	-0.175715	0.392645	-0.109239	0.172686	-0.274086	0.157301	0.284462	-0.337083	0.176071	0.067253	0.120606	-0.181092	-0.042605	1.000000	-0.960191	0.872239	
-0.113369	0.141481	-0.581811	0.167036	-0.278005	0.425695	-0.240237	-0.374824	0.464425	-0.264431	-0.115365	-0.233777	0.314770	0.065756	-0.960191	1.000000	-0.885216	
-0.049958	0.031401	0.287648	-0.082612	0.151859	-0.221943	0.118891	0.145908	-0.200630	0.136962	0.042578	0.081339	-0.126651	-0.035010	0.872239	-0.885216	1.000000	

Time taken for mcmc chain: 2.353056 hours
