Number of steps: 6739811
Number of accepted steps: 1384000
Burn-in number of steps: 60000
Accepted fraction of steps: 0.205347
Convergence Status
R[0]= 1.001658	R[1]= 1.003196	R[2]= 1.009430	R[3]= 1.000446	R[4]= 1.002187	R[5]= 1.002617	R[6]= 1.000258	R[7]= 1.000684	R[8]= 1.002021	R[9]= 1.001165	R[10]= 1.000461	R[11]= 1.001264	R[12]= 1.003213	R[13]= 1.000756	R[14]= 1.000889	R[15]= 1.001732	R[16]= 1.000808	
<R>= 1.001929

Mean parameters
A[0]= 0.998267 pm 0.032225
A[1]= 1.004485 pm 0.016520
A[2]= 0.106637 pm 0.090664
A[3]= 4.249048 pm 0.494666
A[4]= -3603.168092 pm 2747.981528
A[5]= 630.850676 pm 878.039115
A[6]= 136.839226 pm 150.755479
A[7]= 261.230910 pm 5741.907242
A[8]= -318.528710 pm 1717.730741
A[9]= -116.240761 pm 90.723790
A[10]= 4.060191 pm 0.754214
A[11]= 3336.151558 pm 3881.631999
A[12]= -994.380155 pm 1110.926479
A[13]= 216.932657 pm 225.645086
A[14]= -296.192570 pm 7869.443915
A[15]= -283.030778 pm 2246.156602
A[16]= -158.704974 pm 134.532090

Best-fitting parameters
A[0]= 0.986565
A[1]= 1.009816
A[2]= 0.013089
A[3]= 4.244742
A[4]= -4851.104000
A[5]= 1060.355000
A[6]= 135.408000
A[7]= -2036.940000
A[8]= 626.917300
A[9]= -127.003200
A[10]= 3.802954
A[11]= 2972.851000
A[12]= -972.732500
A[13]= 304.554000
A[14]= -3516.388000
A[15]= 865.087200
A[16]= -174.305400
chi2_min= 57.341790


Cross-Covariance parameters
1.000000	-0.430086	-0.097788	-0.124149	0.048310	-0.059465	0.089585	0.273545	-0.200806	-0.119747	0.076818	0.071218	-0.005233	-0.091913	0.166122	-0.132248	-0.094363	
-0.430086	1.000000	0.040974	-0.025442	0.230788	-0.207998	0.031332	-0.222534	0.166914	0.111998	-0.043090	0.169297	-0.173432	0.044987	-0.145713	0.119241	0.067428	
-0.097788	0.040974	1.000000	-0.159050	0.444539	-0.629431	0.250854	0.422717	-0.582741	0.335499	-0.129609	0.274829	-0.466007	0.183913	0.253407	-0.385946	0.177438	
-0.124149	-0.025442	-0.159050	1.000000	0.095145	0.349807	-0.962287	-0.024536	0.028432	0.010205	0.003858	-0.082665	0.101672	-0.013317	-0.068127	0.086798	-0.026582	
0.048310	0.230788	0.444539	0.095145	1.000000	-0.875808	0.140274	0.178794	-0.262140	0.146596	-0.055164	0.190519	-0.262603	0.075298	0.116226	-0.175626	0.086704	
-0.059465	-0.207998	-0.629431	0.349807	-0.875808	1.000000	-0.559031	-0.238093	0.340523	-0.180884	0.074328	-0.242253	0.348472	-0.105583	-0.172125	0.255093	-0.118297	
0.089585	0.031332	0.250854	-0.962287	0.140274	-0.559031	1.000000	0.049916	-0.071709	0.011677	-0.017596	0.102391	-0.140237	0.031875	0.089995	-0.120972	0.046994	
0.273545	-0.222534	0.422717	-0.024536	0.178794	-0.238093	0.049916	1.000000	-0.971892	0.817158	-0.030148	0.127100	-0.194115	0.051830	0.179845	-0.226607	0.046810	
-0.200806	0.166914	-0.582741	0.028432	-0.262140	0.340523	-0.071709	-0.971892	1.000000	-0.852934	0.053911	-0.170347	0.269543	-0.084405	-0.207282	0.276940	-0.080713	
-0.119747	0.111998	0.335499	0.010205	0.146596	-0.180884	0.011677	0.817158	-0.852934	1.000000	-0.041735	0.103519	-0.165678	0.061588	0.067139	-0.113535	0.069838	
0.076818	-0.043090	-0.129609	0.003858	-0.055164	0.074328	-0.017596	-0.030148	0.053911	-0.041735	1.000000	0.245379	0.278913	-0.964405	0.014874	-0.026636	-0.002216	
0.071218	0.169297	0.274829	-0.082665	0.190519	-0.242253	0.102391	0.127100	-0.170347	0.103519	0.245379	1.000000	-0.840641	-0.014602	0.013516	-0.059716	-0.027894	
-0.005233	-0.173432	-0.466007	0.101672	-0.262603	0.348472	-0.140237	-0.194115	0.269543	-0.165678	0.278913	-0.840641	1.000000	-0.498309	-0.042179	0.099208	0.000379	
-0.091913	0.044987	0.183913	-0.013317	0.075298	-0.105583	0.031875	0.051830	-0.084405	0.061588	-0.964405	-0.014602	-0.498309	1.000000	-0.021935	0.025388	-0.012825	
0.166122	-0.145713	0.253407	-0.068127	0.116226	-0.172125	0.089995	0.179845	-0.207282	0.067139	0.014874	0.013516	-0.042179	-0.021935	1.000000	-0.974405	0.858767	
-0.132248	0.119241	-0.385946	0.086798	-0.175626	0.255093	-0.120972	-0.226607	0.276940	-0.113535	-0.026636	-0.059716	0.099208	0.025388	-0.974405	1.000000	-0.902823	
-0.094363	0.067428	0.177438	-0.026582	0.086704	-0.118297	0.046994	0.046810	-0.080713	0.069838	-0.002216	-0.027894	0.000379	-0.012825	0.858767	-0.902823	1.000000	

Time taken for mcmc chain: 1.286389 hours
