Number of steps: 2455557
Number of accepted steps: 457584
Burn-in number of steps: 60000
Accepted fraction of steps: 0.186346
Convergence Status
R[0]= 1.004941	R[1]= 1.003281	R[2]= 1.003728	R[3]= 1.001782	R[4]= 1.000869	R[5]= 1.002324	R[6]= 1.002008	R[7]= 1.003462	R[8]= 1.003374	R[9]= 1.000517	R[10]= 1.001284	R[11]= 1.000618	R[12]= 1.000515	R[13]= 1.001234	R[14]= 1.001204	R[15]= 1.001598	R[16]= 1.000470	
<R>= 1.001953

Mean parameters
A[0]= 1.059904 pm 0.059392
A[1]= 1.050301 pm 0.029374
A[2]= 0.202206 pm 0.139183
A[3]= 6.371827 pm 0.974617
A[4]= 10964.563137 pm 4751.907683
A[5]= -2763.651086 pm 1546.869030
A[6]= -244.640959 pm 294.495659
A[7]= -2765.919900 pm 9079.031175
A[8]= -1322.900756 pm 3102.891215
A[9]= -59.413584 pm 156.091343
A[10]= 3.623990 pm 1.400783
A[11]= 14998.486935 pm 3757.351770
A[12]= -5660.643350 pm 1325.286916
A[13]= 708.654857 pm 439.858428
A[14]= -9775.718637 pm 7527.712186
A[15]= 1210.751228 pm 2289.683723
A[16]= -216.051033 pm 156.399850

Best-fitting parameters
A[0]= 1.079607
A[1]= 1.060121
A[2]= 0.205461
A[3]= 6.514073
A[4]= 11065.830000
A[5]= -2715.035000
A[6]= -313.895000
A[7]= -1599.679000
A[8]= -1780.416000
A[9]= -48.362630
A[10]= 4.149674
A[11]= 18232.520000
A[12]= -6197.595000
A[13]= 582.417100
A[14]= -13772.000000
A[15]= 1968.893000
A[16]= -277.756500
chi2_min= 80.970790


Cross-Covariance parameters
1.000000	-0.379928	-0.064053	-0.174440	-0.006758	-0.045714	0.122419	0.192853	-0.135046	-0.329181	0.025214	0.035438	0.000086	-0.042753	0.080228	-0.074715	-0.237627	
-0.379928	1.000000	0.013135	-0.087808	0.219410	-0.229361	0.066389	-0.226323	0.170166	0.227069	-0.119461	0.044935	-0.120812	0.094409	-0.084157	0.081503	0.181666	
-0.064053	0.013135	1.000000	-0.063280	0.498136	-0.723677	0.169558	0.530773	-0.718791	0.421388	-0.147194	0.128708	-0.384617	0.158422	0.160034	-0.347834	0.084501	
-0.174440	-0.087808	-0.063280	1.000000	0.305929	0.194792	-0.970562	0.065476	-0.091179	0.086652	0.048636	-0.022055	0.060030	-0.041064	-0.000272	0.010303	0.033107	
-0.006758	0.219410	0.498136	0.305929	1.000000	-0.840647	-0.117844	0.249366	-0.372636	0.221319	-0.103300	0.081941	-0.229644	0.099732	0.086982	-0.180146	0.072042	
-0.045714	-0.229361	-0.723677	0.194792	-0.840647	1.000000	-0.376385	-0.330432	0.476488	-0.270435	0.150082	-0.113022	0.326306	-0.147015	-0.116254	0.250888	-0.069898	
0.122419	0.066389	0.169558	-0.970562	-0.117844	-0.376385	1.000000	-0.018642	0.021492	-0.042380	-0.063285	0.029207	-0.095705	0.059109	0.017187	-0.046178	-0.016796	
0.192853	-0.226323	0.530773	0.065476	0.249366	-0.330432	-0.018642	1.000000	-0.957505	0.730914	-0.056250	0.064945	-0.185507	0.062286	0.111789	-0.212779	-0.031166	
-0.135046	0.170166	-0.718791	-0.091179	-0.372636	0.476488	0.021492	-0.957505	1.000000	-0.757392	0.088661	-0.091288	0.263422	-0.096799	-0.138190	0.274634	-0.003215	
-0.329181	0.227069	0.421388	0.086652	0.221319	-0.270435	-0.042380	0.730914	-0.757392	1.000000	-0.083563	0.046501	-0.169410	0.088737	0.032345	-0.110883	0.116998	
0.025214	-0.119461	-0.147194	0.048636	-0.103300	0.150082	-0.063285	-0.056250	0.088661	-0.083563	1.000000	0.230176	0.569527	-0.986666	0.040424	-0.119481	-0.047324	
0.035438	0.044935	0.128708	-0.022055	0.081941	-0.113022	0.029207	0.064945	-0.091288	0.046501	0.230176	1.000000	-0.627440	-0.106145	0.034956	-0.090591	0.005246	
0.000086	-0.120812	-0.384617	0.060030	-0.229644	0.326306	-0.095705	-0.185507	0.263422	-0.169410	0.569527	-0.627440	1.000000	-0.671725	-0.032932	0.055739	-0.049711	
-0.042753	0.094409	0.158422	-0.041064	0.099732	-0.147015	0.059109	0.062286	-0.096799	0.088737	-0.986666	-0.106145	-0.671725	1.000000	-0.042953	0.119970	0.040437	
0.080228	-0.084157	0.160034	-0.000272	0.086982	-0.116254	0.017187	0.111789	-0.138190	0.032345	0.040424	0.034956	-0.032932	-0.042953	1.000000	-0.936769	0.731976	
-0.074715	0.081503	-0.347834	0.010303	-0.180146	0.250888	-0.046178	-0.212779	0.274634	-0.110883	-0.119481	-0.090591	0.055739	0.119970	-0.936769	1.000000	-0.802787	
-0.237627	0.181666	0.084501	0.033107	0.072042	-0.069898	-0.016796	-0.031166	-0.003215	0.116998	-0.047324	0.005246	-0.049711	0.040437	0.731976	-0.802787	1.000000	

Time taken for mcmc chain: 14.616667 minutes
