Number of steps: 4714716
Number of accepted steps: 978456
Burn-in number of steps: 60000
Accepted fraction of steps: 0.207532
Convergence Status
R[0]= 1.000152	R[1]= 1.001953	R[2]= 1.011923	R[3]= 1.000825	R[4]= 1.004210	R[5]= 1.004718	R[6]= 1.000256	R[7]= 1.003032	R[8]= 1.005609	R[9]= 1.001586	R[10]= 1.001760	R[11]= 1.002443	R[12]= 1.004525	R[13]= 1.001798	R[14]= 1.000086	R[15]= 1.001214	R[16]= 1.000060	
<R>= 1.002715

Mean parameters
A[0]= 1.060276 pm 0.029965
A[1]= 1.002915 pm 0.015495
A[2]= 0.165228 pm 0.134159
A[3]= 4.126867 pm 0.484295
A[4]= 233.659199 pm 2988.677762
A[5]= -663.619390 pm 991.756522
A[6]= 212.983486 pm 149.466038
A[7]= 7226.455897 pm 5929.293812
A[8]= -2198.341653 pm 1943.573070
A[9]= -115.770255 pm 91.714333
A[10]= 3.779114 pm 0.777874
A[11]= 6984.343815 pm 4017.754380
A[12]= -2252.062131 pm 1166.352784
A[13]= 346.358650 pm 234.625316
A[14]= 12633.895776 pm 5419.994170
A[15]= -3982.356644 pm 1651.128433
A[16]= 10.930413 pm 103.363387

Best-fitting parameters
A[0]= 1.078565
A[1]= 0.995781
A[2]= 0.082575
A[3]= 4.199371
A[4]= -1068.330000
A[5]= -119.445700
A[6]= 176.101100
A[7]= 6035.138000
A[8]= -1445.462000
A[9]= -159.108900
A[10]= 3.920982
A[11]= 6889.632000
A[12]= -1859.194000
A[13]= 283.279400
A[14]= 18589.150000
A[15]= -5115.513000
A[16]= 59.091390
chi2_min= 55.686120


Cross-Covariance parameters
1.000000	-0.429426	-0.034664	-0.042636	0.095107	-0.070412	0.032959	0.296546	-0.216717	-0.036729	0.067682	0.097780	-0.044047	-0.065871	0.156393	-0.116926	-0.153635	
-0.429426	1.000000	-0.008262	-0.063782	0.172398	-0.156810	0.058640	-0.222528	0.167932	0.072480	0.027255	0.158946	-0.124443	-0.026666	-0.111964	0.083953	0.125331	
-0.034664	-0.008262	1.000000	-0.172577	0.527259	-0.743034	0.304355	0.498747	-0.697343	0.424995	-0.287232	0.266767	-0.573660	0.352690	0.179956	-0.438891	0.099425	
-0.042636	-0.063782	-0.172577	1.000000	0.150704	0.261551	-0.956645	0.066785	-0.032329	-0.021653	0.038577	-0.075513	0.119861	-0.051765	-0.024227	0.072950	-0.014190	
0.095107	0.172398	0.527259	0.150704	1.000000	-0.884830	0.110436	0.304364	-0.413250	0.230593	-0.125414	0.218030	-0.356842	0.161941	0.104233	-0.242508	0.051279	
-0.070412	-0.156810	-0.743034	0.261551	-0.884830	1.000000	-0.500148	-0.348484	0.500631	-0.300475	0.189654	-0.267744	0.475178	-0.240536	-0.137582	0.333183	-0.074074	
0.032959	0.058640	0.304355	-0.956645	0.110436	-0.500148	1.000000	-0.001140	-0.061441	0.066063	-0.075072	0.110839	-0.194925	0.097185	0.047592	-0.130974	0.027876	
0.296546	-0.222528	0.498747	0.066785	0.304364	-0.348484	-0.001140	1.000000	-0.959292	0.842783	-0.127060	0.151627	-0.294242	0.160824	0.147651	-0.265074	-0.007460	
-0.216717	0.167932	-0.697343	-0.032329	-0.413250	0.500631	-0.061441	-0.959292	1.000000	-0.857448	0.187474	-0.202199	0.407468	-0.234066	-0.169486	0.341031	-0.025808	
-0.036729	0.072480	0.424995	-0.021653	0.230593	-0.300475	0.066063	0.842783	-0.857448	1.000000	-0.115059	0.134783	-0.258720	0.143715	0.068077	-0.180384	0.045673	
0.067682	0.027255	-0.287232	0.038577	-0.125414	0.189654	-0.075072	-0.127060	0.187474	-0.115059	1.000000	0.297325	0.252485	-0.966084	0.022188	0.001907	-0.090625	
0.097780	0.158946	0.266767	-0.075513	0.218030	-0.267744	0.110839	0.151627	-0.202199	0.134783	0.297325	1.000000	-0.822797	-0.069816	0.029920	-0.126697	-0.059069	
-0.044047	-0.124443	-0.573660	0.119861	-0.356842	0.475178	-0.194925	-0.294242	0.407468	-0.258720	0.252485	-0.822797	1.000000	-0.471070	-0.051007	0.203080	-0.004085	
-0.065871	-0.026666	0.352690	-0.051765	0.161941	-0.240536	0.097185	0.160824	-0.234066	0.143715	-0.966084	-0.069816	-0.471070	1.000000	-0.022955	-0.022177	0.072222	
0.156393	-0.111964	0.179956	-0.024227	0.104233	-0.137582	0.047592	0.147651	-0.169486	0.068077	0.022188	0.029920	-0.051007	-0.022955	1.000000	-0.929866	0.759039	
-0.116926	0.083953	-0.438891	0.072950	-0.242508	0.333183	-0.130974	-0.265074	0.341031	-0.180384	0.001907	-0.126697	0.203080	-0.022177	-0.929866	1.000000	-0.814196	
-0.153635	0.125331	0.099425	-0.014190	0.051279	-0.074074	0.027876	-0.007460	-0.025808	0.045673	-0.090625	-0.059069	-0.004085	0.072222	0.759039	-0.814196	1.000000	

Time taken for mcmc chain: 42.800000 minutes
