Number of steps: 7403431
Number of accepted steps: 2000004
Burn-in number of steps: 60000
Accepted fraction of steps: 0.270146
Convergence Status
R[0]= 1.000509	R[1]= 1.000089	R[2]= 1.022349	R[3]= 1.005966	R[4]= 1.008276	R[5]= 1.016628	R[6]= 1.009975	R[7]= 1.005766	R[8]= 1.012088	R[9]= 1.003363	R[10]= 1.002132	R[11]= 1.004029	R[12]= 1.011936	R[13]= 1.004121	R[14]= 1.005254	R[15]= 1.010562	R[16]= 1.003969	
<R>= 1.007471

Mean parameters
A[0]= 0.991148 pm 0.020152
A[1]= 1.009954 pm 0.014892
A[2]= 0.502855 pm 0.184176
A[3]= 3.867246 pm 0.475377
A[4]= 4924.567239 pm 3405.723557
A[5]= -2697.598430 pm 1240.401695
A[6]= 360.397496 pm 149.419895
A[7]= 13175.344018 pm 4907.738541
A[8]= -5593.894006 pm 1926.729492
A[9]= 64.263651 pm 81.054537
A[10]= 4.460256 pm 0.721283
A[11]= 9208.916413 pm 4538.945870
A[12]= -3330.902709 pm 1496.104006
A[13]= 182.936955 pm 215.175788
A[14]= 2256.236754 pm 8635.339950
A[15]= -2070.706724 pm 2978.434545
A[16]= -283.146314 pm 143.077566

Best-fitting parameters
A[0]= 0.986831
A[1]= 1.004195
A[2]= 0.565340
A[3]= 3.837055
A[4]= 4218.603000
A[5]= -2656.597000
A[6]= 361.383600
A[7]= 17399.700000
A[8]= -7022.182000
A[9]= 130.727200
A[10]= 4.536053
A[11]= 11258.120000
A[12]= -4016.516000
A[13]= 197.487700
A[14]= 3962.161000
A[15]= -2717.559000
A[16]= -296.473000
chi2_min= 57.288000


Cross-Covariance parameters
1.000000	-0.433372	-0.186804	0.068806	-0.137894	0.182620	-0.117998	0.011283	0.067184	-0.195024	-0.043118	-0.161591	0.184192	-0.006146	-0.020778	0.080213	-0.135259	
-0.433372	1.000000	0.079358	-0.051968	0.244628	-0.226289	0.075240	-0.075969	0.004694	0.172042	-0.037575	0.214538	-0.211706	0.053502	-0.077235	0.030031	0.068267	
-0.186804	0.079358	1.000000	-0.341312	0.625765	-0.848519	0.516109	0.559157	-0.790755	0.443046	-0.239432	0.497387	-0.771425	0.375632	0.486328	-0.684526	0.396460	
0.068806	-0.051968	-0.341312	1.000000	0.103355	0.233233	-0.944118	0.001104	0.031379	-0.035501	0.094744	-0.169296	0.266754	-0.141082	-0.153779	0.224673	-0.131840	
-0.137894	0.244628	0.625765	0.103355	1.000000	-0.915664	0.206088	0.385058	-0.567677	0.321882	-0.155697	0.353216	-0.519119	0.242314	0.287795	-0.415750	0.250874	
0.182620	-0.226289	-0.848519	0.233233	-0.915664	1.000000	-0.512870	-0.459529	0.676911	-0.384691	0.209920	-0.454328	0.683354	-0.326615	-0.396786	0.568948	-0.338572	
-0.117998	0.075240	0.516109	-0.944118	0.206088	-0.512870	1.000000	0.109077	-0.193381	0.116506	-0.133532	0.259543	-0.403863	0.204727	0.237930	-0.343720	0.201452	
0.011283	-0.075969	0.559157	0.001104	0.385058	-0.459529	0.109077	1.000000	-0.928900	0.847329	-0.129144	0.270274	-0.422762	0.205789	0.302668	-0.403315	0.216704	
0.067184	0.004694	-0.790755	0.031379	-0.567677	0.676911	-0.193381	-0.928900	1.000000	-0.821597	0.187310	-0.389728	0.605924	-0.295053	-0.404654	0.554572	-0.310634	
-0.195024	0.172042	0.443046	-0.035501	0.321882	-0.384691	0.116506	0.847329	-0.821597	1.000000	-0.097788	0.250431	-0.364783	0.162241	0.208550	-0.296364	0.185259	
-0.043118	-0.037575	-0.239432	0.094744	-0.155697	0.209920	-0.133532	-0.129144	0.187310	-0.097788	1.000000	0.272900	0.105230	-0.951908	0.073710	-0.100394	0.050075	
-0.161591	0.214538	0.497387	-0.169296	0.353216	-0.454328	0.259543	0.270274	-0.389728	0.250431	0.272900	1.000000	-0.892493	0.006045	0.252461	-0.399455	0.198635	
0.184192	-0.211706	-0.771425	0.266754	-0.519119	0.683354	-0.403863	-0.422762	0.605924	-0.364783	0.105230	-0.892493	1.000000	-0.372210	-0.337422	0.512613	-0.271296	
-0.006146	0.053502	0.375632	-0.141082	0.242314	-0.326615	0.204727	0.205789	-0.295053	0.162241	-0.951908	0.006045	-0.372210	1.000000	-0.012509	0.001662	-0.008583	
-0.020778	-0.077235	0.486328	-0.153779	0.287795	-0.396786	0.237930	0.302668	-0.404654	0.208550	0.073710	0.252461	-0.337422	-0.012509	1.000000	-0.950076	0.895564	
0.080213	0.030031	-0.684526	0.224673	-0.415750	0.568948	-0.343720	-0.403315	0.554572	-0.296364	-0.100394	-0.399455	0.512613	0.001662	-0.950076	1.000000	-0.885617	
-0.135259	0.068267	0.396460	-0.131840	0.250874	-0.338572	0.201452	0.216704	-0.310634	0.185259	0.050075	0.198635	-0.271296	-0.008583	0.895564	-0.885617	1.000000	

Time taken for mcmc chain: 2.260833 hours
