Number of steps: 1653739
Number of accepted steps: 446828
Burn-in number of steps: 60000
Accepted fraction of steps: 0.270193
Convergence Status
R[0]= 1.000334	R[1]= 1.002231	R[2]= 1.001046	R[3]= 1.001504	R[4]= 1.001407	R[5]= 1.000888	R[6]= 1.001013	R[7]= 1.001890	R[8]= 1.001646	R[9]= 1.001942	R[10]= 1.000498	R[11]= 1.000172	R[12]= 1.000228	R[13]= 1.000431	R[14]= 1.000487	R[15]= 1.000387	R[16]= 1.000859	
<R>= 1.000998

Mean parameters
A[0]= 0.923091 pm 0.049375
A[1]= 1.009924 pm 0.026240
A[2]= 0.178638 pm 0.110008
A[3]= 6.626475 pm 1.084439
A[4]= 7400.691629 pm 5060.262975
A[5]= -1591.260271 pm 1597.645724
A[6]= -229.794505 pm 311.186666
A[7]= 7120.183427 pm 8068.189030
A[8]= -3566.566373 pm 2551.013137
A[9]= 169.216370 pm 144.076374
A[10]= 7.028739 pm 1.707407
A[11]= 11301.661144 pm 5339.558194
A[12]= -2439.874457 pm 1923.934649
A[13]= -316.347973 pm 503.115754
A[14]= 6347.727112 pm 9125.405999
A[15]= -3396.954241 pm 2781.452373
A[16]= 149.731237 pm 182.828911

Best-fitting parameters
A[0]= 0.940750
A[1]= 1.013026
A[2]= 0.222874
A[3]= 6.948552
A[4]= 8871.880000
A[5]= -1813.969000
A[6]= -345.172500
A[7]= 16787.500000
A[8]= -6483.592000
A[9]= 290.355200
A[10]= 7.871724
A[11]= 15960.150000
A[12]= -3283.745000
A[13]= -520.068700
A[14]= 8239.063000
A[15]= -4232.418000
A[16]= 131.356100
chi2_min= 59.752220


Cross-Covariance parameters
1.000000	-0.415086	-0.070518	-0.111478	-0.008136	-0.024561	0.051176	0.186810	-0.141776	-0.382425	-0.096026	0.014754	-0.054497	0.061235	0.116171	-0.091078	-0.365251	
-0.415086	1.000000	0.072278	-0.101476	0.215477	-0.244661	0.093058	-0.155165	0.109419	0.298841	-0.058995	0.140666	-0.150246	0.037923	-0.116233	0.088624	0.256773	
-0.070518	0.072278	1.000000	-0.012654	0.592896	-0.705073	0.111419	0.473476	-0.635604	0.231528	-0.162449	0.392440	-0.555406	0.196928	0.317533	-0.483082	0.073847	
-0.111478	-0.101476	-0.012654	1.000000	0.243683	0.259763	-0.971692	0.048970	-0.100062	0.152617	0.040402	-0.022606	0.042627	-0.031448	-0.014729	0.013923	0.013822	
-0.008136	0.215477	0.592896	0.243683	1.000000	-0.856256	-0.055420	0.254830	-0.378212	0.154817	-0.108118	0.258738	-0.354159	0.116148	0.175214	-0.275025	0.050900	
-0.024561	-0.244661	-0.705073	0.259763	-0.856256	1.000000	-0.434710	-0.286009	0.399595	-0.106777	0.143744	-0.304952	0.428621	-0.153345	-0.217030	0.333580	-0.052735	
0.051176	0.093058	0.111419	-0.971692	-0.055420	-0.434710	1.000000	-0.018285	0.049812	-0.126391	-0.046789	0.050061	-0.083424	0.044022	0.042815	-0.058234	0.007732	
0.186810	-0.155165	0.473476	0.048970	0.254830	-0.286009	-0.018285	1.000000	-0.964370	0.662184	-0.092358	0.191740	-0.276878	0.106012	0.193341	-0.266412	-0.067402	
-0.141776	0.109419	-0.635604	-0.100062	-0.378212	0.399595	0.049812	-0.964370	1.000000	-0.689262	0.117915	-0.254629	0.365720	-0.137243	-0.236817	0.338150	0.038557	
-0.382425	0.298841	0.231528	0.152617	0.154817	-0.106777	-0.126391	0.662184	-0.689262	1.000000	-0.017109	0.106815	-0.128846	0.031630	0.011918	-0.057046	0.162258	
-0.096026	-0.058995	-0.162449	0.040402	-0.108118	0.143744	-0.046789	-0.092358	0.117915	-0.017109	1.000000	0.119042	0.545751	-0.983738	-0.072038	0.014828	0.083288	
0.014754	0.140666	0.392440	-0.022606	0.258738	-0.304952	0.050061	0.191740	-0.254629	0.106815	0.119042	1.000000	-0.744295	0.020870	0.135376	-0.223476	0.069160	
-0.054497	-0.150246	-0.555406	0.042627	-0.354159	0.428621	-0.083424	-0.276878	0.365720	-0.128846	0.545751	-0.744295	1.000000	-0.655787	-0.199181	0.258294	-0.011405	
0.061235	0.037923	0.196928	-0.031448	0.116148	-0.153345	0.044022	0.106012	-0.137243	0.031630	-0.983738	0.020870	-0.655787	1.000000	0.079061	-0.029012	-0.075260	
0.116171	-0.116233	0.317533	-0.014729	0.175214	-0.217030	0.042815	0.193341	-0.236817	0.011918	-0.072038	0.135376	-0.199181	0.079061	1.000000	-0.955393	0.675784	
-0.091078	0.088624	-0.483082	0.013923	-0.275025	0.333580	-0.058234	-0.266412	0.338150	-0.057046	0.014828	-0.223476	0.258294	-0.029012	-0.955393	1.000000	-0.719215	
-0.365251	0.256773	0.073847	0.013822	0.050900	-0.052735	0.007732	-0.067402	0.038557	0.162258	0.083288	0.069160	-0.011405	-0.075260	0.675784	-0.719215	1.000000	

Time taken for mcmc chain: 11.583333 minutes
