Number of steps: 8423115
Number of accepted steps: 2000004
Burn-in number of steps: 60000
Accepted fraction of steps: 0.237442
Convergence Status
R[0]= 1.000934	R[1]= 1.000578	R[2]= 1.009315	R[3]= 1.000407	R[4]= 1.004237	R[5]= 1.004047	R[6]= 1.000081	R[7]= 1.004920	R[8]= 1.006965	R[9]= 1.001808	R[10]= 1.001218	R[11]= 1.000412	R[12]= 1.001414	R[13]= 1.001305	R[14]= 1.001624	R[15]= 1.002628	R[16]= 1.000532	
<R>= 1.002496

Mean parameters
A[0]= 0.970904 pm 0.025910
A[1]= 1.001280 pm 0.015804
A[2]= 0.137938 pm 0.108314
A[3]= 4.449233 pm 0.497617
A[4]= 352.244796 pm 2938.982424
A[5]= -157.409638 pm 988.657455
A[6]= 112.451618 pm 153.023796
A[7]= 8952.888822 pm 5430.920801
A[8]= -3045.236919 pm 1713.846119
A[9]= 48.406204 pm 87.432079
A[10]= 3.455619 pm 0.770173
A[11]= 7156.689505 pm 3829.854627
A[12]= -2327.534491 pm 1119.712452
A[13]= 463.671636 pm 228.187945
A[14]= -4700.023949 pm 7644.237288
A[15]= 766.805948 pm 2201.912438
A[16]= -201.512501 pm 132.295155

Best-fitting parameters
A[0]= 0.969784
A[1]= 0.995094
A[2]= 0.010504
A[3]= 4.704675
A[4]= -1416.917000
A[5]= 748.227900
A[6]= 20.739910
A[7]= 3645.874000
A[8]= -1186.273000
A[9]= -13.454710
A[10]= 3.539130
A[11]= 4325.696000
A[12]= -1398.839000
A[13]= 418.120200
A[14]= -7937.131000
A[15]= 1916.952000
A[16]= -219.380900
chi2_min= 49.180400


Cross-Covariance parameters
1.000000	-0.407893	-0.076486	-0.046438	-0.002260	0.008119	0.009205	0.162473	-0.105256	-0.183701	-0.041424	-0.011115	0.005090	0.021685	0.064550	-0.043408	-0.106902	
-0.407893	1.000000	0.050743	-0.032685	0.239999	-0.209975	0.037643	-0.153256	0.098710	0.156952	-0.057702	0.146339	-0.159795	0.058430	-0.078468	0.061033	0.072056	
-0.076486	0.050743	1.000000	-0.216139	0.554432	-0.732209	0.327717	0.488882	-0.661842	0.316223	-0.096622	0.318203	-0.486785	0.155316	0.286946	-0.415897	0.171776	
-0.046438	-0.032685	-0.216139	1.000000	0.045181	0.360667	-0.959968	-0.053400	0.067863	-0.008301	0.025174	-0.081560	0.117927	-0.037351	-0.067117	0.094093	-0.035253	
-0.002260	0.239999	0.554432	0.045181	1.000000	-0.892858	0.200344	0.242088	-0.354346	0.171282	-0.084439	0.214152	-0.316020	0.114205	0.138300	-0.210812	0.088851	
0.008119	-0.209975	-0.732209	0.360667	-0.892858	1.000000	-0.574282	-0.314907	0.446765	-0.204321	0.096004	-0.266321	0.396275	-0.136732	-0.195370	0.290291	-0.120436	
0.009205	0.037643	0.327717	-0.959968	0.200344	-0.574282	1.000000	0.096133	-0.133760	0.035015	-0.036289	0.114788	-0.170544	0.055710	0.094751	-0.136315	0.053751	
0.162473	-0.153256	0.488882	-0.053400	0.242088	-0.314907	0.096133	1.000000	-0.965918	0.816236	-0.052915	0.139430	-0.227172	0.079010	0.172238	-0.230336	0.066049	
-0.105256	0.098710	-0.661842	0.067863	-0.354346	0.446765	-0.133760	-0.965918	1.000000	-0.826965	0.068193	-0.197804	0.313486	-0.104649	-0.213972	0.295603	-0.099627	
-0.183701	0.156952	0.316223	-0.008301	0.171282	-0.204321	0.035015	0.816236	-0.826965	1.000000	-0.031125	0.105409	-0.158969	0.050404	0.076111	-0.117988	0.073495	
-0.041424	-0.057702	-0.096622	0.025174	-0.084439	0.096004	-0.036289	-0.052915	0.068193	-0.031125	1.000000	0.221609	0.293926	-0.965171	0.007163	-0.032861	0.026702	
-0.011115	0.146339	0.318203	-0.081560	0.214152	-0.266321	0.114788	0.139430	-0.197804	0.105409	0.221609	1.000000	-0.844825	0.010954	0.023756	-0.079238	-0.011375	
0.005090	-0.159795	-0.486785	0.117927	-0.316020	0.396275	-0.170544	-0.227172	0.313486	-0.158969	0.293926	-0.844825	1.000000	-0.511565	-0.062344	0.120501	-0.001036	
0.021685	0.058430	0.155316	-0.037351	0.114205	-0.136732	0.055710	0.079010	-0.104649	0.050404	-0.965171	0.010954	-0.511565	1.000000	-0.010677	0.026833	-0.038975	
0.064550	-0.078468	0.286946	-0.067117	0.138300	-0.195370	0.094751	0.172238	-0.213972	0.076111	0.007163	0.023756	-0.062344	-0.010677	1.000000	-0.973530	0.872928	
-0.043408	0.061033	-0.415897	0.094093	-0.210812	0.290291	-0.136315	-0.230336	0.295603	-0.117988	-0.032861	-0.079238	0.120501	0.026833	-0.973530	1.000000	-0.911049	
-0.106902	0.072056	0.171776	-0.035253	0.088851	-0.120436	0.053751	0.066049	-0.099627	0.073495	0.026702	-0.011375	-0.001036	-0.038975	0.872928	-0.911049	1.000000	

Time taken for mcmc chain: 2.324167 hours
