Number of steps: 9814866
Number of accepted steps: 2000004
Burn-in number of steps: 60000
Accepted fraction of steps: 0.203773
Convergence Status
R[0]= 1.000277	R[1]= 1.001297	R[2]= 1.017643	R[3]= 1.001091	R[4]= 1.005284	R[5]= 1.009404	R[6]= 1.002032	R[7]= 1.005765	R[8]= 1.009648	R[9]= 1.005045	R[10]= 1.001456	R[11]= 1.004187	R[12]= 1.004709	R[13]= 1.000821	R[14]= 1.000979	R[15]= 1.002707	R[16]= 1.000628	
<R>= 1.004293

Mean parameters
A[0]= 0.988634 pm 0.026263
A[1]= 1.002388 pm 0.018032
A[2]= 0.129386 pm 0.108688
A[3]= 4.489019 pm 0.503573
A[4]= 320.993493 pm 2941.619821
A[5]= -236.858348 pm 995.398314
A[6]= 117.074112 pm 154.894150
A[7]= 3023.394373 pm 5951.383542
A[8]= -918.503669 pm 1868.199798
A[9]= -136.465576 pm 92.141949
A[10]= 3.509473 pm 0.774312
A[11]= -2651.278200 pm 3941.941153
A[12]= -0.892455 pm 1117.612680
A[13]= 314.270849 pm 229.950362
A[14]= 3474.864967 pm 7760.432715
A[15]= -1548.470723 pm 2237.807863
A[16]= -51.665032 pm 133.141259

Best-fitting parameters
A[0]= 0.980600
A[1]= 1.012483
A[2]= 0.038158
A[3]= 4.584851
A[4]= -955.348000
A[5]= 353.653500
A[6]= 68.559180
A[7]= -99.936950
A[8]= 291.081400
A[9]= -158.019000
A[10]= 3.644042
A[11]= -2255.557000
A[12]= 101.873000
A[13]= 284.689300
A[14]= 3811.744000
A[15]= -1630.612000
A[16]= 21.547530
chi2_min= 52.032140


Cross-Covariance parameters
1.000000	-0.417494	-0.012515	-0.083793	0.031539	-0.045039	0.059607	0.239751	-0.182578	-0.116986	0.089524	0.046672	0.007862	-0.097290	0.129403	-0.114559	-0.064069	
-0.417494	1.000000	0.011907	-0.088944	0.242700	-0.221022	0.081720	-0.213285	0.159207	0.116662	0.021032	0.183616	-0.155241	-0.018641	-0.119193	0.097974	0.055992	
-0.012515	0.011907	1.000000	-0.213492	0.538660	-0.720672	0.322927	0.519040	-0.678958	0.374003	-0.028534	0.332591	-0.480108	0.090765	0.278480	-0.416791	0.169497	
-0.083793	-0.088944	-0.213492	1.000000	0.029632	0.376407	-0.961254	-0.043543	0.062674	-0.028049	-0.005813	-0.095532	0.117834	-0.004482	-0.058789	0.089324	-0.033034	
0.031539	0.242700	0.538660	0.029632	1.000000	-0.890865	0.208596	0.244666	-0.347066	0.197850	0.008181	0.244398	-0.304978	0.025321	0.136990	-0.214618	0.099032	
-0.045039	-0.221022	-0.720672	0.376407	-0.890865	1.000000	-0.583117	-0.322230	0.445031	-0.246484	-0.000522	-0.297779	0.386988	-0.043277	-0.189981	0.292460	-0.127484	
0.059607	0.081720	0.322927	-0.961254	0.208596	-0.583117	1.000000	0.090869	-0.130547	0.058255	-0.000707	0.127075	-0.167963	0.018240	0.088558	-0.134097	0.053221	
0.239751	-0.213285	0.519040	-0.043543	0.244666	-0.322230	0.090869	1.000000	-0.970141	0.827017	-0.003459	0.160718	-0.232298	0.035240	0.193481	-0.260262	0.077136	
-0.182578	0.159207	-0.678958	0.062674	-0.347066	0.445031	-0.130547	-0.970141	1.000000	-0.842626	0.010436	-0.217738	0.313815	-0.052372	-0.226272	0.316568	-0.106640	
-0.116986	0.116662	0.374003	-0.028049	0.197850	-0.246484	0.058255	0.827017	-0.842626	1.000000	-0.018697	0.138240	-0.195826	0.043529	0.087613	-0.142797	0.079115	
0.089524	0.021032	-0.028534	-0.005813	0.008181	-0.000522	-0.000707	-0.003459	0.010436	-0.018697	1.000000	0.280343	0.233645	-0.965260	0.027807	-0.060885	0.016145	
0.046672	0.183616	0.332591	-0.095532	0.244398	-0.297779	0.127075	0.160718	-0.217738	0.138240	0.280343	1.000000	-0.845760	-0.050689	0.021694	-0.083126	-0.017502	
0.007862	-0.155241	-0.480108	0.117834	-0.304978	0.386988	-0.167963	-0.232298	0.313815	-0.195826	0.233645	-0.845760	1.000000	-0.455921	-0.049839	0.113245	0.000210	
-0.097290	-0.018641	0.090765	-0.004482	0.025321	-0.043277	0.018240	0.035240	-0.052372	0.043529	-0.965260	-0.050689	-0.455921	1.000000	-0.031996	0.054760	-0.031230	
0.129403	-0.119193	0.278480	-0.058789	0.136990	-0.189981	0.088558	0.193481	-0.226272	0.087613	0.027807	0.021694	-0.049839	-0.031996	1.000000	-0.972559	0.870921	
-0.114559	0.097974	-0.416791	0.089324	-0.214618	0.292460	-0.134097	-0.260262	0.316568	-0.142797	-0.060885	-0.083126	0.113245	0.054760	-0.972559	1.000000	-0.907064	
-0.064069	0.055992	0.169497	-0.033034	0.099032	-0.127484	0.053221	0.077136	-0.106640	0.079115	0.016145	-0.017502	0.000210	-0.031230	0.870921	-0.907064	1.000000	

Time taken for mcmc chain: 2.458611 hours
