Number of steps: 2065789
Number of accepted steps: 592463
Burn-in number of steps: 60000
Accepted fraction of steps: 0.286797
Convergence Status
R[0]= 1.000965	R[1]= 1.005316	R[2]= 1.003536	R[3]= 1.000592	R[4]= 1.002491	R[5]= 1.003654	R[6]= 1.000816	R[7]= 1.001162	R[8]= 1.002119	R[9]= 1.002283	R[10]= 1.005675	R[11]= 1.000397	R[12]= 1.002054	R[13]= 1.004792	R[14]= 1.000821	R[15]= 1.001561	R[16]= 1.001195	
<R>= 1.002319

Mean parameters
A[0]= 1.007421 pm 0.060163
A[1]= 0.966318 pm 0.038976
A[2]= 0.252082 pm 0.158499
A[3]= 5.207172 pm 1.088211
A[4]= 883.367104 pm 5169.727888
A[5]= -873.220454 pm 1675.458749
A[6]= 77.129782 pm 313.048763
A[7]= 6947.796178 pm 8122.652383
A[8]= -2709.852498 pm 2716.170189
A[9]= -131.181508 pm 143.310065
A[10]= 6.610105 pm 1.769417
A[11]= 8778.571972 pm 6100.099182
A[12]= -1815.968039 pm 2162.927132
A[13]= -268.632800 pm 515.565428
A[14]= -841.108306 pm 10195.419112
A[15]= -1531.341272 pm 3405.001804
A[16]= -193.757903 pm 192.442777

Best-fitting parameters
A[0]= 0.984165
A[1]= 0.965155
A[2]= 0.264857
A[3]= 5.459370
A[4]= -432.316800
A[5]= -416.900100
A[6]= -7.838840
A[7]= 7562.782000
A[8]= -2917.446000
A[9]= -114.322300
A[10]= 7.268335
A[11]= 12622.650000
A[12]= -2514.866000
A[13]= -388.077500
A[14]= 2983.103000
A[15]= -2521.072000
A[16]= -145.309600
chi2_min= 45.262330


Cross-Covariance parameters
1.000000	-0.426318	-0.055948	-0.104819	-0.072003	0.031141	0.069511	0.160571	-0.113722	-0.330928	-0.037676	-0.032118	0.015048	0.020484	0.115286	-0.094041	-0.320259	
-0.426318	1.000000	0.039242	-0.119597	0.246507	-0.269009	0.086483	-0.180645	0.123512	0.314857	-0.146043	0.200126	-0.238703	0.104276	-0.157403	0.121104	0.302091	
-0.055948	0.039242	1.000000	-0.101526	0.560874	-0.721915	0.210815	0.465174	-0.662794	0.310707	-0.106894	0.460983	-0.613897	0.163331	0.418691	-0.617279	0.236433	
-0.104819	-0.119597	-0.101526	1.000000	0.220411	0.265550	-0.970131	0.113834	-0.143217	-0.008839	0.078989	-0.079012	0.124627	-0.075480	-0.018447	0.041827	-0.010730	
-0.072003	0.246507	0.560874	0.220411	1.000000	-0.862628	-0.023860	0.245541	-0.397342	0.197385	-0.095053	0.310779	-0.403197	0.114335	0.204310	-0.319740	0.181972	
0.031141	-0.269009	-0.721915	0.265550	-0.862628	1.000000	-0.447352	-0.256249	0.413858	-0.236431	0.137901	-0.390606	0.520808	-0.164384	-0.265531	0.413649	-0.207892	
0.069511	0.086483	0.210815	-0.970131	-0.023860	-0.447352	1.000000	-0.065689	0.070179	0.029600	-0.082958	0.118651	-0.179584	0.089202	0.067030	-0.110234	0.035178	
0.160571	-0.180645	0.465174	0.113834	0.245541	-0.256249	-0.065689	1.000000	-0.952135	0.696123	-0.007093	0.206674	-0.256123	0.039410	0.250122	-0.334221	0.024773	
-0.113722	0.123512	-0.662794	-0.143217	-0.397342	0.413858	0.070179	-0.952135	1.000000	-0.712831	0.036666	-0.300478	0.384353	-0.077813	-0.321222	0.447516	-0.091970	
-0.330928	0.314857	0.310707	-0.008839	0.197385	-0.236431	0.029600	0.696123	-0.712831	1.000000	-0.035390	0.192914	-0.229177	0.047676	0.068487	-0.138503	0.204709	
-0.037676	-0.146043	-0.106894	0.078989	-0.095053	0.137901	-0.082958	-0.007093	0.036666	-0.035390	1.000000	0.125985	0.462092	-0.981313	0.096039	-0.145753	-0.118510	
-0.032118	0.200126	0.460983	-0.079012	0.310779	-0.390606	0.118651	0.206674	-0.300478	0.192914	0.125985	1.000000	-0.795621	0.022040	0.214012	-0.332424	0.150929	
0.015048	-0.238703	-0.613897	0.124627	-0.403197	0.520808	-0.179584	-0.256123	0.384353	-0.229177	0.462092	-0.795621	1.000000	-0.584804	-0.202667	0.309576	-0.227809	
0.020484	0.104276	0.163331	-0.075480	0.114335	-0.164384	0.089202	0.039410	-0.077813	0.047676	-0.981313	0.022040	-0.584804	1.000000	-0.067070	0.105222	0.121051	
0.115286	-0.157403	0.418691	-0.018447	0.204310	-0.265531	0.067030	0.250122	-0.321222	0.068487	0.096039	0.214012	-0.202667	-0.067070	1.000000	-0.947112	0.685411	
-0.094041	0.121104	-0.617279	0.041827	-0.319740	0.413649	-0.110234	-0.334221	0.447516	-0.138503	-0.145753	-0.332424	0.309576	0.105222	-0.947112	1.000000	-0.687770	
-0.320259	0.302091	0.236433	-0.010730	0.181972	-0.207892	0.035178	0.024773	-0.091970	0.204709	-0.118510	0.150929	-0.227809	0.121051	0.685411	-0.687770	1.000000	

Time taken for mcmc chain: 16.533333 minutes
