Number of steps: 1456919
Number of accepted steps: 325551
Burn-in number of steps: 60000
Accepted fraction of steps: 0.223452
Convergence Status
R[0]= 1.001755	R[1]= 1.001286	R[2]= 1.001543	R[3]= 1.005423	R[4]= 1.002061	R[5]= 1.002002	R[6]= 1.004947	R[7]= 1.000892	R[8]= 1.000663	R[9]= 1.000509	R[10]= 1.000946	R[11]= 1.001481	R[12]= 1.001407	R[13]= 1.001110	R[14]= 1.002596	R[15]= 1.002936	R[16]= 1.002445	
<R>= 1.002000

Mean parameters
A[0]= 1.007598 pm 0.046936
A[1]= 1.047287 pm 0.029461
A[2]= 0.526133 pm 0.188785
A[3]= 5.773795 pm 0.970753
A[4]= 12960.987594 pm 4869.775063
A[5]= -4922.024187 pm 1709.443713
A[6]= 29.454209 pm 289.780193
A[7]= -39.347969 pm 9726.182983
A[8]= -3525.872334 pm 3697.681352
A[9]= -95.983357 pm 160.782528
A[10]= 4.136068 pm 1.452235
A[11]= 9466.095090 pm 6229.454539
A[12]= -4867.956670 pm 1765.356846
A[13]= 494.737199 pm 428.654423
A[14]= -2474.339238 pm 9913.073217
A[15]= -1516.132690 pm 3467.878585
A[16]= -228.246166 pm 179.068801

Best-fitting parameters
A[0]= 1.004628
A[1]= 1.056141
A[2]= 0.647482
A[3]= 6.465240
A[4]= 18336.470000
A[5]= -6518.435000
A[6]= -131.102200
A[7]= 2816.686000
A[8]= -5921.524000
A[9]= -17.902150
A[10]= 4.226336
A[11]= 13217.840000
A[12]= -6092.220000
A[13]= 507.134800
A[14]= 1787.070000
A[15]= -3349.715000
A[16]= -162.820900
chi2_min= 60.698490


Cross-Covariance parameters
1.000000	-0.429864	0.006078	-0.177230	-0.139429	0.052278	0.135067	0.058180	-0.056929	-0.247713	0.199324	0.088707	-0.000022	-0.204625	0.102367	-0.161876	-0.096599	
-0.429864	1.000000	-0.065475	-0.041271	0.177280	-0.146169	0.012011	-0.206361	0.176340	0.140960	-0.183513	0.018682	-0.094080	0.165635	-0.156906	0.185778	0.060376	
0.006078	-0.065475	1.000000	-0.168298	0.539438	-0.823172	0.298231	0.603684	-0.768953	0.474712	-0.088676	0.332778	-0.606659	0.157809	0.332015	-0.518260	0.222516	
-0.177230	-0.041271	-0.168298	1.000000	0.356634	0.089622	-0.969162	0.158681	-0.179117	0.176323	0.021462	-0.041477	0.091613	-0.021492	-0.044952	0.086289	-0.020924	
-0.139429	0.177280	0.539438	0.356634	1.000000	-0.859901	-0.150344	0.394233	-0.524505	0.383654	-0.083657	0.207539	-0.371340	0.123350	0.156072	-0.247355	0.141259	
0.052278	-0.146169	-0.823172	0.089622	-0.859901	1.000000	-0.291464	-0.475095	0.630484	-0.418583	0.107555	-0.291759	0.533374	-0.162394	-0.250181	0.399007	-0.195700	
0.135067	0.012011	0.298231	-0.969162	-0.150344	-0.291464	1.000000	-0.071754	0.068465	-0.107003	-0.037809	0.079753	-0.167154	0.048543	0.088609	-0.150806	0.052508	
0.058180	-0.206361	0.603684	0.158681	0.394233	-0.475095	-0.071754	1.000000	-0.955124	0.840180	-0.013870	0.208587	-0.354950	0.060756	0.233390	-0.346402	0.128178	
-0.056929	0.176340	-0.768953	-0.179117	-0.524505	0.630484	0.068465	-0.955124	1.000000	-0.826808	0.033387	-0.268015	0.462384	-0.091408	-0.283193	0.427896	-0.167551	
-0.247713	0.140960	0.474712	0.176323	0.383654	-0.418583	-0.107003	0.840180	-0.826808	1.000000	-0.093260	0.158675	-0.313910	0.129815	0.135279	-0.210360	0.140351	
0.199324	-0.183513	-0.088676	0.021462	-0.083657	0.107555	-0.037809	-0.013870	0.033387	-0.093260	1.000000	0.462818	0.006728	-0.976183	0.232071	-0.383003	0.118394	
0.088707	0.018682	0.332778	-0.041477	0.207539	-0.291759	0.079753	0.208587	-0.268015	0.158675	0.462818	1.000000	-0.849412	-0.283426	0.255225	-0.403682	0.177944	
-0.000022	-0.094080	-0.606659	0.091613	-0.371340	0.533374	-0.167154	-0.354950	0.462384	-0.313910	0.006728	-0.849412	1.000000	-0.197136	-0.239196	0.368500	-0.182322	
-0.204625	0.165635	0.157809	-0.021492	0.123350	-0.162394	0.048543	0.060756	-0.091408	0.129815	-0.976183	-0.283426	-0.197136	1.000000	-0.199150	0.333246	-0.100658	
0.102367	-0.156906	0.332015	-0.044952	0.156072	-0.250181	0.088609	0.233390	-0.283193	0.135279	0.232071	0.255225	-0.239196	-0.199150	1.000000	-0.930867	0.829502	
-0.161876	0.185778	-0.518260	0.086289	-0.247355	0.399007	-0.150806	-0.346402	0.427896	-0.210360	-0.383003	-0.403682	0.368500	0.333246	-0.930867	1.000000	-0.813274	
-0.096599	0.060376	0.222516	-0.020924	0.141259	-0.195700	0.052508	0.128178	-0.167551	0.140351	0.118394	0.177944	-0.182322	-0.100658	0.829502	-0.813274	1.000000	

Time taken for mcmc chain: 7.450000 minutes
