Number of steps: 9334029
Number of accepted steps: 2000004
Burn-in number of steps: 60000
Accepted fraction of steps: 0.214270
Convergence Status
R[0]= 1.002063	R[1]= 1.004069	R[2]= 1.003557	R[3]= 1.000121	R[4]= 1.001014	R[5]= 1.001342	R[6]= 1.000188	R[7]= 1.001441	R[8]= 1.001835	R[9]= 1.000650	R[10]= 1.001059	R[11]= 1.000268	R[12]= 1.000508	R[13]= 1.001173	R[14]= 1.001307	R[15]= 1.001713	R[16]= 1.000481	
<R>= 1.001340

Mean parameters
A[0]= 0.991571 pm 0.031983
A[1]= 1.016902 pm 0.015785
A[2]= 0.090540 pm 0.079315
A[3]= 3.593398 pm 0.490521
A[4]= 3790.221943 pm 2590.894746
A[5]= -1835.828179 pm 781.705297
A[6]= 444.231585 pm 148.921309
A[7]= -1574.063993 pm 5409.981495
A[8]= 8.452106 pm 1559.234903
A[9]= -107.452465 pm 88.067564
A[10]= 5.260000 pm 0.769042
A[11]= 2371.448849 pm 4008.340805
A[12]= -175.846441 pm 1160.006343
A[13]= -122.112427 pm 230.595064
A[14]= 4873.669488 pm 7762.833187
A[15]= -1393.965762 pm 2225.277187
A[16]= -97.473980 pm 131.502619

Best-fitting parameters
A[0]= 0.997249
A[1]= 1.011730
A[2]= 0.006593
A[3]= 3.558246
A[4]= 3904.670000
A[5]= -1791.337000
A[6]= 465.912000
A[7]= -2275.064000
A[8]= 592.828000
A[9]= -140.328000
A[10]= 5.593036
A[11]= 2366.735000
A[12]= 299.940400
A[13]= -216.964300
A[14]= 1812.372000
A[15]= -296.217500
A[16]= -129.893900
chi2_min= 64.949870


Cross-Covariance parameters
1.000000	-0.450041	-0.079936	-0.043332	0.077941	-0.065177	0.019988	0.253956	-0.200128	-0.107896	-0.020788	0.061699	-0.041497	-0.005548	0.210833	-0.168273	-0.129256	
-0.450041	1.000000	0.031766	-0.054708	0.181820	-0.186416	0.060514	-0.220088	0.178332	0.077738	0.000734	0.214077	-0.189831	0.008830	-0.194951	0.159320	0.086342	
-0.079936	0.031766	1.000000	-0.111137	0.348535	-0.521813	0.180632	0.340992	-0.479616	0.251182	-0.133998	0.309051	-0.508842	0.196052	0.269109	-0.413392	0.165431	
-0.043332	-0.054708	-0.111137	1.000000	0.163859	0.323288	-0.963650	0.010431	-0.013577	0.026782	0.013824	-0.065012	0.081165	-0.020032	-0.034466	0.050739	-0.017464	
0.077941	0.181820	0.348535	0.163859	1.000000	-0.859179	0.070705	0.099458	-0.157167	0.058016	-0.056490	0.178598	-0.241780	0.074193	0.096067	-0.145991	0.053843	
-0.065177	-0.186416	-0.521813	0.323288	-0.859179	1.000000	-0.536944	-0.136272	0.208217	-0.076884	0.078255	-0.234398	0.331097	-0.107302	-0.142807	0.217959	-0.082814	
0.019988	0.060514	0.180632	-0.963650	0.070705	-0.536944	1.000000	-0.002006	-0.006236	-0.023468	-0.024111	0.082472	-0.113917	0.034920	0.050661	-0.076893	0.030796	
0.253956	-0.220088	0.340992	0.010431	0.099458	-0.136272	-0.002006	1.000000	-0.976023	0.830252	-0.050023	0.097098	-0.166939	0.065102	0.174470	-0.212314	0.023802	
-0.200128	0.178332	-0.479616	-0.013577	-0.157167	0.208217	-0.006236	-0.976023	1.000000	-0.871669	0.068607	-0.141738	0.239455	-0.093320	-0.197245	0.256900	-0.049965	
-0.107896	0.077738	0.251182	0.026782	0.058016	-0.076884	-0.023468	0.830252	-0.871669	1.000000	-0.030275	0.078709	-0.128321	0.047961	0.042038	-0.081332	0.051042	
-0.020788	0.000734	-0.133998	0.013824	-0.056490	0.078255	-0.024111	-0.050023	0.068607	-0.030275	1.000000	0.241018	0.282981	-0.965376	-0.050358	0.040129	-0.005665	
0.061699	0.214077	0.309051	-0.065012	0.178598	-0.234398	0.082472	0.097098	-0.141738	0.078709	0.241018	1.000000	-0.840034	-0.017465	-0.000107	-0.057864	-0.028825	
-0.041497	-0.189831	-0.508842	0.081165	-0.241780	0.331097	-0.113917	-0.166939	0.239455	-0.128321	0.282981	-0.840034	1.000000	-0.494880	-0.066430	0.138139	-0.001798	
-0.005548	0.008830	0.196052	-0.020032	0.074193	-0.107302	0.034920	0.065102	-0.093320	0.047961	-0.965376	-0.017465	-0.494880	1.000000	0.039947	-0.040902	-0.007162	
0.210833	-0.194951	0.269109	-0.034466	0.096067	-0.142807	0.050661	0.174470	-0.197245	0.042038	-0.050358	-0.000107	-0.066430	0.039947	1.000000	-0.972075	0.822802	
-0.168273	0.159320	-0.413392	0.050739	-0.145991	0.217959	-0.076893	-0.212314	0.256900	-0.081332	0.040129	-0.057864	0.138139	-0.040902	-0.972075	1.000000	-0.869204	
-0.129256	0.086342	0.165431	-0.017464	0.053843	-0.082814	0.030796	0.023802	-0.049965	0.051042	-0.005665	-0.028825	-0.001798	-0.007162	0.822802	-0.869204	1.000000	

Time taken for mcmc chain: 2.387500 hours
