Number of steps: 7518615
Number of accepted steps: 2000004
Burn-in number of steps: 60000
Accepted fraction of steps: 0.266007
Convergence Status
R[0]= 1.000226	R[1]= 1.001234	R[2]= 1.005391	R[3]= 1.000843	R[4]= 1.001571	R[5]= 1.002619	R[6]= 1.000921	R[7]= 1.002543	R[8]= 1.003550	R[9]= 1.000766	R[10]= 1.000523	R[11]= 1.000300	R[12]= 1.001052	R[13]= 1.000624	R[14]= 1.000362	R[15]= 1.000622	R[16]= 1.000208	
<R>= 1.001374

Mean parameters
A[0]= 0.957483 pm 0.022095
A[1]= 1.005909 pm 0.013860
A[2]= 0.136185 pm 0.105981
A[3]= 5.304456 pm 0.502293
A[4]= 4977.911942 pm 3117.115169
A[5]= -829.989775 pm 1081.553938
A[6]= -63.847659 pm 155.260700
A[7]= 2517.382829 pm 6248.991593
A[8]= -1000.650962 pm 2012.031326
A[9]= -94.762022 pm 94.857399
A[10]= 3.909085 pm 0.779018
A[11]= 933.446866 pm 3925.303232
A[12]= -834.292050 pm 1145.285627
A[13]= 277.278808 pm 229.726497
A[14]= -3333.597264 pm 7855.887002
A[15]= 535.026267 pm 2285.605692
A[16]= -194.759189 pm 134.408453

Best-fitting parameters
A[0]= 0.953525
A[1]= 1.006857
A[2]= 0.010652
A[3]= 5.092579
A[4]= 2078.316000
A[5]= 89.173220
A[6]= -35.561150
A[7]= -2917.145000
A[8]= 1000.960000
A[9]= -154.969200
A[10]= 3.946505
A[11]= -1359.131000
A[12]= 31.197260
A[13]= 242.311500
A[14]= -5161.556000
A[15]= 1543.528000
A[16]= -209.475600
chi2_min= 41.481710


Cross-Covariance parameters
1.000000	-0.413430	-0.074020	-0.046423	-0.025886	0.026864	0.002179	0.128608	-0.078509	-0.188470	-0.057387	-0.035581	0.021173	0.032371	0.062844	-0.042513	-0.095960	
-0.413430	1.000000	0.016568	-0.049678	0.222214	-0.188451	0.052767	-0.166376	0.117801	0.127848	-0.026986	0.150142	-0.144099	0.029842	-0.093720	0.077788	0.057054	
-0.074020	0.016568	1.000000	-0.224247	0.617028	-0.779254	0.352504	0.603718	-0.742530	0.420468	-0.032870	0.366351	-0.514394	0.100581	0.324027	-0.458266	0.189146	
-0.046423	-0.049678	-0.224247	1.000000	0.011116	0.366542	-0.958381	-0.079787	0.094439	-0.011983	0.007991	-0.097368	0.128970	-0.022581	-0.071606	0.102837	-0.039734	
-0.025886	0.222214	0.617028	0.011116	1.000000	-0.904126	0.239764	0.332520	-0.435070	0.251629	-0.034911	0.265585	-0.356667	0.074547	0.178007	-0.263211	0.113002	
0.026864	-0.188451	-0.779254	0.366542	-0.904126	1.000000	-0.583410	-0.421243	0.537095	-0.293352	0.036149	-0.319843	0.434265	-0.087170	-0.234856	0.341692	-0.143641	
0.002179	0.052767	0.352504	-0.958381	0.239764	-0.583410	1.000000	0.144972	-0.181454	0.059615	-0.008974	0.142681	-0.191896	0.032985	0.108575	-0.157327	0.063939	
0.128608	-0.166376	0.603718	-0.079787	0.332520	-0.421243	0.144972	1.000000	-0.973732	0.839815	-0.029229	0.197977	-0.293995	0.065858	0.220279	-0.298821	0.101077	
-0.078509	0.117801	-0.742530	0.094439	-0.435070	0.537095	-0.181454	-0.973732	1.000000	-0.843335	0.032987	-0.254416	0.369932	-0.079723	-0.258611	0.356516	-0.130094	
-0.188470	0.127848	0.420468	-0.011983	0.251629	-0.293352	0.059615	0.839815	-0.843335	1.000000	-0.015507	0.158099	-0.220094	0.044419	0.118125	-0.177543	0.096091	
-0.057387	-0.026986	-0.032870	0.007991	-0.034911	0.036149	-0.008974	-0.029229	0.032987	-0.015507	1.000000	0.244476	0.260530	-0.964817	0.003150	-0.038465	0.049043	
-0.035581	0.150142	0.366351	-0.097368	0.265585	-0.319843	0.142681	0.197977	-0.254416	0.158099	0.244476	1.000000	-0.849434	-0.010754	0.040819	-0.105118	0.000562	
0.021173	-0.144099	-0.514394	0.128970	-0.356667	0.434265	-0.191896	-0.293995	0.369932	-0.220094	0.260530	-0.849434	1.000000	-0.481684	-0.089748	0.154043	-0.005980	
0.032371	0.029842	0.100581	-0.022581	0.074547	-0.087170	0.032985	0.065858	-0.079723	0.044419	-0.964817	-0.010754	-0.481684	1.000000	-0.004285	0.028581	-0.060869	
0.062844	-0.093720	0.324027	-0.071606	0.178007	-0.234856	0.108575	0.220279	-0.258611	0.118125	0.003150	0.040819	-0.089748	-0.004285	1.000000	-0.973507	0.876283	
-0.042513	0.077788	-0.458266	0.102837	-0.263211	0.341692	-0.157327	-0.298821	0.356516	-0.177543	-0.038465	-0.105118	0.154043	0.028581	-0.973507	1.000000	-0.907751	
-0.095960	0.057054	0.189146	-0.039734	0.113002	-0.143641	0.063939	0.101077	-0.130094	0.096091	0.049043	0.000562	-0.005980	-0.060869	0.876283	-0.907751	1.000000	

Time taken for mcmc chain: 2.296389 hours
