Number of steps: 2240588
Number of accepted steps: 657000
Burn-in number of steps: 60000
Accepted fraction of steps: 0.293227
Convergence Status
R[0]= 1.001371	R[1]= 1.001695	R[2]= 1.003048	R[3]= 1.000771	R[4]= 1.001292	R[5]= 1.001954	R[6]= 1.000987	R[7]= 1.001319	R[8]= 1.001875	R[9]= 1.000447	R[10]= 1.000606	R[11]= 1.001966	R[12]= 1.003309	R[13]= 1.000858	R[14]= 1.001092	R[15]= 1.001403	R[16]= 1.000822	
<R>= 1.001460

Mean parameters
A[0]= 1.045540 pm 0.048712
A[1]= 0.963890 pm 0.033554
A[2]= 0.248041 pm 0.143497
A[3]= 6.589098 pm 1.089759
A[4]= 12356.381664 pm 4416.447681
A[5]= -3337.020381 pm 1582.710815
A[6]= -110.336936 pm 316.903054
A[7]= 4367.912381 pm 8926.136249
A[8]= -3216.298883 pm 3061.994161
A[9]= -122.774487 pm 152.270074
A[10]= 5.633528 pm 1.691468
A[11]= 6371.816212 pm 6276.903439
A[12]= -2089.567865 pm 1946.932651
A[13]= 38.036416 pm 495.822841
A[14]= 6418.960062 pm 9054.019833
A[15]= -3883.645223 pm 2944.153532
A[16]= -14.752201 pm 175.754041

Best-fitting parameters
A[0]= 1.032152
A[1]= 0.964069
A[2]= 0.346214
A[3]= 7.091800
A[4]= 15915.260000
A[5]= -4303.350000
A[6]= -213.917500
A[7]= 9076.795000
A[8]= -5033.555000
A[9]= -96.838860
A[10]= 5.690151
A[11]= 10519.010000
A[12]= -3397.264000
A[13]= 74.796020
A[14]= 14186.810000
A[15]= -6238.369000
A[16]= 65.951490
chi2_min= 58.966420


Cross-Covariance parameters
1.000000	-0.436501	-0.039516	-0.007419	-0.036381	0.035128	-0.011704	0.192457	-0.144811	-0.302169	-0.149817	-0.052610	-0.030776	0.139857	0.087204	-0.051020	-0.239296	
-0.436501	1.000000	0.037794	-0.262175	0.232886	-0.302759	0.205850	-0.232483	0.171194	0.301074	0.114298	0.206877	-0.120437	-0.142002	-0.093838	0.041676	0.228632	
-0.039516	0.037794	1.000000	-0.131397	0.546624	-0.730493	0.216542	0.514763	-0.707710	0.396597	0.002918	0.410247	-0.536514	0.055591	0.314468	-0.540855	0.171908	
-0.007419	-0.262175	-0.131397	1.000000	0.144444	0.384131	-0.976257	0.151155	-0.143478	-0.097082	0.024453	-0.095643	0.121235	-0.018563	-0.011310	0.050674	-0.067854	
-0.036381	0.232886	0.546624	0.144444	1.000000	-0.828076	0.013922	0.261167	-0.394099	0.224015	0.036005	0.277102	-0.318547	-0.011894	0.155018	-0.287207	0.115303	
0.035128	-0.302759	-0.730493	0.384131	-0.828076	1.000000	-0.521849	-0.262945	0.417559	-0.316413	-0.017083	-0.359425	0.434931	-0.013937	-0.202882	0.378981	-0.161036	
-0.011704	0.205850	0.216542	-0.976257	0.013922	-0.521849	1.000000	-0.103526	0.079721	0.110641	-0.024715	0.117199	-0.155713	0.026748	0.039568	-0.095848	0.073084	
0.192457	-0.232483	0.514763	0.151155	0.261167	-0.262945	-0.103526	1.000000	-0.956135	0.702619	-0.022315	0.183897	-0.264969	0.059380	0.202748	-0.303752	0.007817	
-0.144811	0.171194	-0.707710	-0.143478	-0.394099	0.417559	0.079721	-0.956135	1.000000	-0.720612	0.015887	-0.268374	0.370057	-0.062501	-0.255341	0.403825	-0.057322	
-0.302169	0.301074	0.396597	-0.097082	0.224015	-0.316413	0.110641	0.702619	-0.720612	1.000000	0.055698	0.211598	-0.223743	-0.036332	0.084415	-0.185991	0.155215	
-0.149817	0.114298	0.002918	0.024453	0.036005	-0.017083	-0.024715	-0.022315	0.015887	0.055698	1.000000	0.279374	0.330319	-0.979711	0.110130	-0.210653	-0.087407	
-0.052610	0.206877	0.410247	-0.095643	0.277102	-0.359425	0.117199	0.183897	-0.268374	0.211598	0.279374	1.000000	-0.791420	-0.113438	0.161119	-0.296154	0.088005	
-0.030776	-0.120437	-0.536514	0.121235	-0.318547	0.434931	-0.155713	-0.264969	0.370057	-0.223743	0.330319	-0.791420	1.000000	-0.483585	-0.137649	0.241596	-0.156410	
0.139857	-0.142002	0.055591	-0.018563	-0.011894	-0.013937	0.026748	0.059380	-0.062501	-0.036332	-0.979711	-0.113438	-0.483585	1.000000	-0.089183	0.174587	0.086735	
0.087204	-0.093838	0.314468	-0.011310	0.155018	-0.202882	0.039568	0.202748	-0.255341	0.084415	0.110130	0.161119	-0.137649	-0.089183	1.000000	-0.934958	0.729690	
-0.051020	0.041676	-0.540855	0.050674	-0.287207	0.378981	-0.095848	-0.303752	0.403825	-0.185991	-0.210653	-0.296154	0.241596	0.174587	-0.934958	1.000000	-0.739704	
-0.239296	0.228632	0.171908	-0.067854	0.115303	-0.161036	0.073084	0.007817	-0.057322	0.155215	-0.087407	0.088005	-0.156410	0.086735	0.729690	-0.739704	1.000000	

Time taken for mcmc chain: 18.866667 minutes
