Number of steps: 3354698
Number of accepted steps: 774690
Burn-in number of steps: 60000
Accepted fraction of steps: 0.230927
Convergence Status
R[0]= 1.002110	R[1]= 1.000093	R[2]= 1.001696	R[3]= 1.003774	R[4]= 1.002434	R[5]= 1.001372	R[6]= 1.002661	R[7]= 1.000264	R[8]= 1.000841	R[9]= 1.000160	R[10]= 1.000358	R[11]= 1.000652	R[12]= 1.000363	R[13]= 1.000300	R[14]= 1.000036	R[15]= 1.000138	R[16]= 1.000373	
<R>= 1.001037

Mean parameters
A[0]= 1.055807 pm 0.058210
A[1]= 0.945007 pm 0.031678
A[2]= 0.326339 pm 0.184213
A[3]= 5.976905 pm 1.083880
A[4]= 4592.694613 pm 5566.846291
A[5]= -1846.111754 pm 1894.700711
A[6]= -50.653923 pm 309.874077
A[7]= 6921.715130 pm 8554.015853
A[8]= -4062.532374 pm 3182.532641
A[9]= -109.978681 pm 147.546558
A[10]= 5.406917 pm 1.691305
A[11]= 8468.784786 pm 5954.417982
A[12]= -2460.550370 pm 2021.596496
A[13]= 86.865436 pm 493.153907
A[14]= 8715.995362 pm 8305.837829
A[15]= -4201.317746 pm 2878.004053
A[16]= -131.213346 pm 171.361489

Best-fitting parameters
A[0]= 1.090862
A[1]= 0.927238
A[2]= 0.465164
A[3]= 6.237732
A[4]= 7337.532000
A[5]= -2748.846000
A[6]= -93.388610
A[7]= 17929.460000
A[8]= -8107.538000
A[9]= 3.547218
A[10]= 6.623763
A[11]= 13372.830000
A[12]= -3506.962000
A[13]= -197.941100
A[14]= 18204.800000
A[15]= -8133.475000
A[16]= -98.910140
chi2_min= 60.607580


Cross-Covariance parameters
1.000000	-0.399253	0.070035	-0.153986	0.007905	-0.077117	0.124399	0.189044	-0.165498	-0.302476	-0.014247	0.029110	-0.040781	0.004853	0.115496	-0.128176	-0.257531	
-0.399253	1.000000	0.015401	-0.112666	0.212146	-0.218712	0.076041	-0.139323	0.088089	0.320391	-0.093126	0.142131	-0.171794	0.063212	-0.114544	0.083154	0.250370	
0.070035	0.015401	1.000000	-0.095957	0.638042	-0.799076	0.233359	0.541977	-0.758720	0.374381	-0.176832	0.399381	-0.617942	0.230539	0.299960	-0.560686	0.179563	
-0.153986	-0.112666	-0.095957	1.000000	0.217662	0.213519	-0.965949	0.148550	-0.161521	-0.045900	0.069446	-0.042898	0.089557	-0.062445	-0.015376	0.038757	-0.011867	
0.007905	0.212146	0.638042	0.217662	1.000000	-0.885672	-0.005133	0.377164	-0.546993	0.257708	-0.115603	0.301839	-0.436417	0.143361	0.184403	-0.358946	0.154199	
-0.077117	-0.218712	-0.799076	0.213519	-0.885672	1.000000	-0.412221	-0.386753	0.575089	-0.319371	0.163816	-0.358798	0.539546	-0.196923	-0.228127	0.442794	-0.174170	
0.124399	0.076041	0.233359	-0.965949	-0.005133	-0.412221	1.000000	-0.074987	0.054209	0.089295	-0.088938	0.089116	-0.165178	0.092120	0.059720	-0.117758	0.039627	
0.189044	-0.139323	0.541977	0.148550	0.377164	-0.386753	-0.074987	1.000000	-0.940456	0.695839	-0.063042	0.233030	-0.332161	0.097861	0.201939	-0.339891	0.031643	
-0.165498	0.088089	-0.758720	-0.161521	-0.546993	0.575089	0.054209	-0.940456	1.000000	-0.685933	0.108645	-0.318968	0.469622	-0.153557	-0.255319	0.452706	-0.089055	
-0.302476	0.320391	0.374381	-0.045900	0.257708	-0.319371	0.089295	0.695839	-0.685933	1.000000	-0.081811	0.196468	-0.281531	0.102082	0.068679	-0.174459	0.186400	
-0.014247	-0.093126	-0.176832	0.069446	-0.115603	0.163816	-0.088938	-0.063042	0.108645	-0.081811	1.000000	0.186849	0.413398	-0.980795	0.112108	-0.185345	-0.236878	
0.029110	0.142131	0.399381	-0.042898	0.301839	-0.358798	0.089116	0.233030	-0.318968	0.196468	0.186849	1.000000	-0.789878	-0.024819	0.163262	-0.321206	0.056590	
-0.040781	-0.171794	-0.617942	0.089557	-0.436417	0.539546	-0.165178	-0.332161	0.469622	-0.281531	0.413398	-0.789878	1.000000	-0.552812	-0.138337	0.285379	-0.206695	
0.004853	0.063212	0.230539	-0.062445	0.143361	-0.196923	0.092120	0.097861	-0.153557	0.102082	-0.980795	-0.024819	-0.552812	1.000000	-0.092320	0.147259	0.235294	
0.115496	-0.114544	0.299960	-0.015376	0.184403	-0.228127	0.059720	0.201939	-0.255319	0.068679	0.112108	0.163262	-0.138337	-0.092320	1.000000	-0.912628	0.664920	
-0.128176	0.083154	-0.560686	0.038757	-0.358946	0.442794	-0.117758	-0.339891	0.452706	-0.174459	-0.185345	-0.321206	0.285379	0.147259	-0.912628	1.000000	-0.644676	
-0.257531	0.250370	0.179563	-0.011867	0.154199	-0.174170	0.039627	0.031643	-0.089055	0.186400	-0.236878	0.056590	-0.206695	0.235294	0.664920	-0.644676	1.000000	

Time taken for mcmc chain: 28.066667 minutes
