Number of steps: 6660498
Number of accepted steps: 1638000
Burn-in number of steps: 60000
Accepted fraction of steps: 0.245928
Convergence Status
R[0]= 1.001488	R[1]= 1.002766	R[2]= 1.000341	R[3]= 1.002044	R[4]= 1.000414	R[5]= 1.000095	R[6]= 1.001695	R[7]= 1.000557	R[8]= 1.000583	R[9]= 1.000192	R[10]= 1.000376	R[11]= 1.000493	R[12]= 1.000143	R[13]= 1.000339	R[14]= 1.000448	R[15]= 1.000547	R[16]= 1.000713	
<R>= 1.000779

Mean parameters
A[0]= 1.023627 pm 0.048697
A[1]= 0.987057 pm 0.038580
A[2]= 0.281358 pm 0.157834
A[3]= 5.519706 pm 1.046676
A[4]= 3249.600111 pm 5421.619335
A[5]= -1278.653835 pm 1711.502969
A[6]= -26.191630 pm 301.014597
A[7]= 7494.162160 pm 8030.135868
A[8]= -3410.754589 pm 2803.611989
A[9]= -71.512687 pm 142.393479
A[10]= 6.292567 pm 1.691825
A[11]= 10355.899977 pm 5711.262499
A[12]= -2595.027645 pm 2025.153361
A[13]= -174.870814 pm 502.593247
A[14]= 4760.559012 pm 9610.177931
A[15]= -3607.804672 pm 3178.241744
A[16]= 8.675014 pm 185.019866

Best-fitting parameters
A[0]= 0.998765
A[1]= 0.992189
A[2]= 0.453619
A[3]= 5.706397
A[4]= 5942.710000
A[5]= -2426.531000
A[6]= -43.023130
A[7]= 17096.430000
A[8]= -7056.108000
A[9]= 71.737420
A[10]= 6.589964
A[11]= 16564.090000
A[12]= -4563.844000
A[13]= -198.094300
A[14]= 16312.650000
A[15]= -8207.566000
A[16]= 217.111900
chi2_min= 65.504920


Cross-Covariance parameters
1.000000	-0.474196	-0.065550	0.037620	-0.086618	0.108255	-0.064942	0.150321	-0.105648	-0.312977	-0.139859	-0.096168	0.014557	0.129236	0.088801	-0.048586	-0.287706	
-0.474196	1.000000	0.060041	-0.193240	0.257036	-0.316378	0.163134	-0.182434	0.117222	0.328604	-0.082988	0.227434	-0.233021	0.044880	-0.134798	0.090933	0.296954	
-0.065550	0.060041	1.000000	-0.008620	0.591272	-0.745041	0.133588	0.483991	-0.698792	0.339506	-0.207544	0.401827	-0.635408	0.256621	0.362664	-0.578962	0.232655	
0.037620	-0.193240	-0.008620	1.000000	0.303646	0.138764	-0.967412	0.188524	-0.231846	-0.020647	0.054690	-0.031101	0.053753	-0.045164	0.034332	-0.031221	-0.049423	
-0.086618	0.257036	0.591272	0.303646	1.000000	-0.880772	-0.098569	0.274384	-0.447938	0.239192	-0.139042	0.298244	-0.432643	0.158020	0.190016	-0.326674	0.191822	
0.108255	-0.316378	-0.745041	0.138764	-0.880772	1.000000	-0.338630	-0.273816	0.458595	-0.294669	0.190629	-0.363412	0.542899	-0.214647	-0.232820	0.402225	-0.239836	
-0.064942	0.163134	0.133588	-0.967412	-0.098569	-0.338630	1.000000	-0.130099	0.143040	0.046823	-0.069018	0.074190	-0.121682	0.068876	0.014870	-0.044737	0.074538	
0.150321	-0.182434	0.483991	0.188524	0.274384	-0.273816	-0.130099	1.000000	-0.944562	0.711091	-0.094957	0.166530	-0.283747	0.124716	0.225502	-0.322027	0.038701	
-0.105648	0.117222	-0.698792	-0.231846	-0.447938	0.458595	0.143040	-0.944562	1.000000	-0.717032	0.143532	-0.259638	0.427699	-0.181750	-0.291246	0.436730	-0.104337	
-0.312977	0.328604	0.339506	-0.020647	0.239192	-0.294669	0.046823	0.711091	-0.717032	1.000000	-0.054969	0.194942	-0.253384	0.063108	0.073592	-0.157607	0.195107	
-0.139859	-0.082988	-0.207544	0.054690	-0.139042	0.190629	-0.069018	-0.094957	0.143532	-0.054969	1.000000	0.153853	0.466011	-0.982542	0.034399	-0.088461	-0.091397	
-0.096168	0.227434	0.401827	-0.031101	0.298244	-0.363412	0.074190	0.166530	-0.259638	0.194942	0.153853	1.000000	-0.772792	-0.010340	0.170118	-0.297275	0.158926	
0.014557	-0.233021	-0.635408	0.053753	-0.432643	0.542899	-0.121682	-0.283747	0.427699	-0.253384	0.466011	-0.772792	1.000000	-0.585519	-0.195177	0.312924	-0.221051	
0.129236	0.044880	0.256621	-0.045164	0.158020	-0.214647	0.068876	0.124716	-0.181750	0.063108	-0.982542	-0.010340	-0.585519	1.000000	-0.009576	0.051553	0.091923	
0.088801	-0.134798	0.362664	0.034332	0.190016	-0.232820	0.014870	0.225502	-0.291246	0.073592	0.034399	0.170118	-0.195177	-0.009576	1.000000	-0.938681	0.720864	
-0.048586	0.090933	-0.578962	-0.031221	-0.326674	0.402225	-0.044737	-0.322027	0.436730	-0.157607	-0.088461	-0.297275	0.312924	0.051553	-0.938681	1.000000	-0.734370	
-0.287706	0.296954	0.232655	-0.049423	0.191822	-0.239836	0.074538	0.038701	-0.104337	0.195107	-0.091397	0.158926	-0.221051	0.091923	0.720864	-0.734370	1.000000	

Time taken for mcmc chain: 1.593889 hours
