Number of steps: 8617995
Number of accepted steps: 2000004
Burn-in number of steps: 60000
Accepted fraction of steps: 0.232073
Convergence Status
R[0]= 1.000462	R[1]= 1.000438	R[2]= 1.010383	R[3]= 1.000585	R[4]= 1.004230	R[5]= 1.006659	R[6]= 1.001485	R[7]= 1.003370	R[8]= 1.005909	R[9]= 1.003292	R[10]= 1.000426	R[11]= 1.001415	R[12]= 1.003141	R[13]= 1.000626	R[14]= 1.000413	R[15]= 1.001511	R[16]= 1.000330	
<R>= 1.002628

Mean parameters
A[0]= 1.019990 pm 0.023635
A[1]= 0.997748 pm 0.015849
A[2]= 0.216019 pm 0.146210
A[3]= 4.970335 pm 0.491915
A[4]= 3764.480056 pm 3372.836973
A[5]= -992.781268 pm 1217.096357
A[6]= 1.569265 pm 154.790774
A[7]= 3563.901539 pm 6613.500503
A[8]= -2228.241134 pm 2316.608075
A[9]= -65.419012 pm 100.550670
A[10]= 3.489597 pm 0.767380
A[11]= 478.920842 pm 4003.625677
A[12]= -832.670170 pm 1185.777499
A[13]= 350.405614 pm 229.270388
A[14]= 2996.868018 pm 7891.338142
A[15]= -1780.573023 pm 2369.619466
A[16]= -71.053894 pm 134.853333

Best-fitting parameters
A[0]= 1.027606
A[1]= 1.005295
A[2]= 0.147259
A[3]= 5.068877
A[4]= 4246.505000
A[5]= -898.864400
A[6]= -28.095180
A[7]= 3201.786000
A[8]= -1700.343000
A[9]= -79.696920
A[10]= 3.592099
A[11]= 1151.397000
A[12]= -802.467400
A[13]= 319.669300
A[14]= 1648.104000
A[15]= -922.969300
A[16]= -126.469900
chi2_min= 51.385700


Cross-Covariance parameters
1.000000	-0.436164	-0.144894	-0.044912	-0.062831	0.083867	0.004589	0.154762	-0.056607	-0.136895	0.142374	0.013441	0.084699	-0.152549	0.096460	-0.057990	-0.067468	
-0.436164	1.000000	0.046121	-0.040642	0.252391	-0.211740	0.045437	-0.168620	0.097209	0.118157	-0.092879	0.142363	-0.172677	0.092582	-0.102717	0.079751	0.048895	
-0.144894	0.046121	1.000000	-0.243991	0.655243	-0.833766	0.408846	0.632598	-0.798448	0.550100	-0.186543	0.338302	-0.585369	0.259534	0.313947	-0.486509	0.236926	
-0.044912	-0.040642	-0.243991	1.000000	0.037339	0.309110	-0.951882	-0.032324	0.065322	-0.058871	0.039538	-0.099877	0.153998	-0.057586	-0.072663	0.115310	-0.049085	
-0.062831	0.252391	0.655243	0.037339	1.000000	-0.912859	0.238392	0.411313	-0.534213	0.371878	-0.130380	0.267091	-0.425632	0.176307	0.201211	-0.315574	0.165197	
0.083867	-0.211740	-0.833766	0.309110	-0.912859	1.000000	-0.554012	-0.490801	0.638525	-0.445709	0.160063	-0.319285	0.521451	-0.219591	-0.257045	0.402070	-0.203352	
0.004589	0.045437	0.408846	-0.951882	0.238392	-0.554012	1.000000	0.135976	-0.200033	0.142063	-0.072229	0.151717	-0.248033	0.101977	0.125636	-0.196546	0.090694	
0.154762	-0.168620	0.632598	-0.032324	0.411313	-0.490801	0.135976	1.000000	-0.963348	0.866783	-0.084762	0.215948	-0.357359	0.131895	0.242752	-0.347071	0.138983	
-0.056607	0.097209	-0.798448	0.065322	-0.534213	0.638525	-0.200033	-0.963348	1.000000	-0.873655	0.126159	-0.272254	0.459372	-0.185134	-0.281271	0.415803	-0.181591	
-0.136895	0.118157	0.550100	-0.058871	0.371878	-0.445709	0.142063	0.866783	-0.873655	1.000000	-0.114405	0.197251	-0.337427	0.154811	0.158531	-0.255233	0.132318	
0.142374	-0.092879	-0.186543	0.039538	-0.130380	0.160063	-0.072229	-0.084762	0.126159	-0.114405	1.000000	0.263921	0.235464	-0.964017	0.066186	-0.080156	-0.008408	
0.013441	0.142363	0.338302	-0.099877	0.267091	-0.319285	0.151717	0.215948	-0.272254	0.197251	0.263921	1.000000	-0.848155	-0.026661	0.079575	-0.162895	0.021598	
0.084699	-0.172677	-0.585369	0.153998	-0.425632	0.521451	-0.248033	-0.357359	0.459372	-0.337427	0.235464	-0.848155	1.000000	-0.461280	-0.105740	0.210805	-0.068583	
-0.152549	0.092582	0.259534	-0.057586	0.176307	-0.219591	0.101977	0.131895	-0.185134	0.154811	-0.964017	-0.026661	-0.461280	1.000000	-0.058196	0.055391	0.001969	
0.096460	-0.102717	0.313947	-0.072663	0.201211	-0.257045	0.125636	0.242752	-0.281271	0.158531	0.066186	0.079575	-0.105740	-0.058196	1.000000	-0.965052	0.879229	
-0.057990	0.079751	-0.486509	0.115310	-0.315574	0.402070	-0.196546	-0.347071	0.415803	-0.255233	-0.080156	-0.162895	0.210805	0.055391	-0.965052	1.000000	-0.902791	
-0.067468	0.048895	0.236926	-0.049085	0.165197	-0.203352	0.090694	0.138983	-0.181591	0.132318	-0.008408	0.021598	-0.068583	0.001969	0.879229	-0.902791	1.000000	

Time taken for mcmc chain: 2.275278 hours
