Number of steps: 3767740
Number of accepted steps: 860000
Burn-in number of steps: 60000
Accepted fraction of steps: 0.228254
Convergence Status
R[0]= 1.000282	R[1]= 1.001724	R[2]= 1.002850	R[3]= 1.000919	R[4]= 1.000362	R[5]= 1.001189	R[6]= 1.000918	R[7]= 1.001665	R[8]= 1.002048	R[9]= 1.002328	R[10]= 1.003628	R[11]= 1.000303	R[12]= 1.003118	R[13]= 1.003958	R[14]= 1.000658	R[15]= 1.000684	R[16]= 1.000667	
<R>= 1.001606

Mean parameters
A[0]= 1.046416 pm 0.068926
A[1]= 1.003080 pm 0.030070
A[2]= 0.374369 pm 0.207392
A[3]= 5.488081 pm 1.026637
A[4]= 6567.821463 pm 5899.940172
A[5]= -2491.360666 pm 1944.802322
A[6]= -19.434334 pm 296.424347
A[7]= -2519.652144 pm 9678.255765
A[8]= -2141.245062 pm 3709.508503
A[9]= -140.154408 pm 161.625833
A[10]= 4.032875 pm 1.547133
A[11]= 13213.280268 pm 4634.846291
A[12]= -5367.910323 pm 1647.641624
A[13]= 626.330802 pm 466.202475
A[14]= 9954.136495 pm 7621.607624
A[15]= -3972.647677 pm 2571.911020
A[16]= -61.810059 pm 160.115848

Best-fitting parameters
A[0]= 1.037019
A[1]= 1.002800
A[2]= 0.413349
A[3]= 6.204921
A[4]= 8109.280000
A[5]= -2474.504000
A[6]= -242.836900
A[7]= 903.380500
A[8]= -3391.868000
A[9]= -114.210600
A[10]= 4.151582
A[11]= 14029.880000
A[12]= -5626.694000
A[13]= 592.322200
A[14]= 18049.870000
A[15]= -6748.293000
A[16]= 110.410200
chi2_min= 59.253190


Cross-Covariance parameters
1.000000	-0.400033	0.048202	-0.135246	-0.011490	-0.044329	0.091519	0.153013	-0.138642	-0.266852	-0.081755	0.002400	-0.063965	0.062543	0.087714	-0.108958	-0.236114	
-0.400033	1.000000	0.045574	-0.043698	0.219157	-0.216197	0.037517	-0.129262	0.072750	0.246976	-0.133365	0.093434	-0.162517	0.113254	-0.071655	0.063806	0.236593	
0.048202	0.045574	1.000000	-0.011737	0.643645	-0.826474	0.167830	0.614840	-0.789906	0.486535	-0.309079	0.225220	-0.590760	0.333845	0.221943	-0.472990	0.137857	
-0.135246	-0.043698	-0.011737	1.000000	0.371070	0.018911	-0.962424	0.215855	-0.240689	0.125619	0.045878	0.004756	0.023186	-0.040725	0.011168	-0.012187	0.020827	
-0.011490	0.219157	0.643645	0.371070	1.000000	-0.897112	-0.142259	0.453232	-0.593915	0.369317	-0.224555	0.166752	-0.415926	0.233648	0.141901	-0.304704	0.126788	
-0.044329	-0.216197	-0.826474	0.018911	-0.897112	1.000000	-0.247483	-0.490108	0.651106	-0.414460	0.292491	-0.199831	0.522624	-0.305137	-0.177194	0.383973	-0.140402	
0.091519	0.037517	0.167830	-0.962424	-0.142259	-0.247483	1.000000	-0.119345	0.114085	-0.042697	-0.086352	0.026404	-0.108069	0.087039	0.022390	-0.060322	0.008786	
0.153013	-0.129262	0.614840	0.215855	0.453232	-0.490108	-0.119345	1.000000	-0.953518	0.788114	-0.181876	0.133503	-0.356926	0.198146	0.160767	-0.316800	0.039812	
-0.138642	0.072750	-0.789906	-0.240689	-0.593915	0.651106	0.114085	-0.953518	1.000000	-0.780896	0.238614	-0.172561	0.461262	-0.258023	-0.193535	0.394199	-0.076910	
-0.266852	0.246976	0.486535	0.125619	0.369317	-0.414460	-0.042697	0.788114	-0.780896	1.000000	-0.150641	0.118944	-0.295899	0.165012	0.079956	-0.201575	0.163999	
-0.081755	-0.133365	-0.309079	0.045878	-0.224555	0.292491	-0.086352	-0.181876	0.238614	-0.150641	1.000000	0.205243	0.489368	-0.984812	0.050452	-0.127760	-0.106467	
0.002400	0.093434	0.225220	0.004756	0.166752	-0.199831	0.026404	0.133503	-0.172561	0.118944	0.205243	1.000000	-0.709586	-0.065966	0.102151	-0.224341	0.041623	
-0.063965	-0.162517	-0.590760	0.023186	-0.415926	0.522624	-0.108069	-0.356926	0.461262	-0.295899	0.489368	-0.709586	1.000000	-0.604032	-0.111945	0.231360	-0.126221	
0.062543	0.113254	0.333845	-0.040725	0.233648	-0.305137	0.087039	0.198146	-0.258023	0.165012	-0.984812	-0.065966	-0.604032	1.000000	-0.044691	0.112285	0.105149	
0.087714	-0.071655	0.221943	0.011168	0.141901	-0.177194	0.022390	0.160767	-0.193535	0.079956	0.050452	0.102151	-0.111945	-0.044691	1.000000	-0.905228	0.715806	
-0.108958	0.063806	-0.472990	-0.012187	-0.304704	0.383973	-0.060322	-0.316800	0.394199	-0.201575	-0.127760	-0.224341	0.231360	0.112285	-0.905228	1.000000	-0.719714	
-0.236114	0.236593	0.137857	0.020827	0.126788	-0.140402	0.008786	0.039812	-0.076910	0.163999	-0.106467	0.041623	-0.126221	0.105149	0.715806	-0.719714	1.000000	

Time taken for mcmc chain: 33.366667 minutes
