Number of steps: 9833531
Number of accepted steps: 2000004
Burn-in number of steps: 60000
Accepted fraction of steps: 0.203386
Convergence Status
R[0]= 1.001307	R[1]= 1.001140	R[2]= 1.004448	R[3]= 1.000575	R[4]= 1.000412	R[5]= 1.000749	R[6]= 1.000447	R[7]= 1.001000	R[8]= 1.001775	R[9]= 1.000772	R[10]= 1.001357	R[11]= 1.000275	R[12]= 1.001090	R[13]= 1.001452	R[14]= 1.000693	R[15]= 1.001090	R[16]= 1.000403	
<R>= 1.001117

Mean parameters
A[0]= 1.067159 pm 0.035904
A[1]= 0.994381 pm 0.016722
A[2]= 0.118375 pm 0.100641
A[3]= 4.258781 pm 0.487496
A[4]= 1851.659033 pm 2845.622185
A[5]= -714.049822 pm 892.581342
A[6]= 167.622435 pm 149.998950
A[7]= -4204.428362 pm 6027.473504
A[8]= 1035.245223 pm 1836.866012
A[9]= -314.364497 pm 90.958114
A[10]= 3.304203 pm 0.759489
A[11]= 2933.463133 pm 3844.464138
A[12]= -1612.780451 pm 1063.591979
A[13]= 446.697140 pm 227.242971
A[14]= -5317.951449 pm 7576.962906
A[15]= 301.007590 pm 2164.983372
A[16]= -173.221803 pm 130.148679

Best-fitting parameters
A[0]= 1.044306
A[1]= 0.994395
A[2]= 0.007312
A[3]= 4.657399
A[4]= 659.899300
A[5]= 83.936990
A[6]= 44.916960
A[7]= -7001.225000
A[8]= 2097.399000
A[9]= -312.839800
A[10]= 3.361365
A[11]= 286.345500
A[12]= -724.127400
A[13]= 398.993500
A[14]= -10393.820000
A[15]= 1893.473000
A[16]= -225.736700
chi2_min= 87.078240


Cross-Covariance parameters
1.000000	-0.476676	-0.012004	0.024692	0.165418	-0.115507	-0.025350	0.393883	-0.323444	-0.026977	-0.071388	0.073335	-0.100659	0.071732	0.191217	-0.165386	-0.044819	
-0.476676	1.000000	-0.007976	-0.057361	0.172771	-0.165789	0.050718	-0.275645	0.223878	0.071691	-0.008504	0.118531	-0.107370	0.004188	-0.140875	0.123678	0.051535	
-0.012004	-0.007976	1.000000	-0.173791	0.432778	-0.650514	0.273916	0.426751	-0.603142	0.374887	-0.099405	0.223334	-0.406695	0.147039	0.223968	-0.358902	0.163852	
0.024692	-0.057361	-0.173791	1.000000	0.158863	0.291423	-0.960863	0.097018	-0.062963	-0.022981	0.030077	-0.048851	0.086808	-0.039198	-0.030084	0.055006	-0.031892	
0.165418	0.172771	0.432778	0.158863	1.000000	-0.872138	0.082702	0.239598	-0.317041	0.158343	-0.064864	0.166570	-0.249841	0.085658	0.117541	-0.173732	0.076377	
-0.115507	-0.165789	-0.650514	0.291423	-0.872138	1.000000	-0.512488	-0.253317	0.370975	-0.221735	0.086710	-0.206057	0.330643	-0.118227	-0.157586	0.244389	-0.112736	
-0.025350	0.050718	0.273916	-0.960863	0.082702	-0.512488	1.000000	-0.055949	0.003089	0.046831	-0.037721	0.071444	-0.126806	0.052029	0.053933	-0.092333	0.049016	
0.393883	-0.275645	0.426751	0.097018	0.239598	-0.253317	-0.055949	1.000000	-0.969137	0.809342	-0.071621	0.103607	-0.195783	0.091132	0.180675	-0.227337	0.051207	
-0.323444	0.223878	-0.603142	-0.062963	-0.317041	0.370975	0.003089	-0.969137	1.000000	-0.844863	0.084662	-0.142893	0.265152	-0.112733	-0.205548	0.277942	-0.084127	
-0.026977	0.071691	0.374887	-0.022981	0.158343	-0.221735	0.046831	0.809342	-0.844863	1.000000	-0.045252	0.090384	-0.162125	0.061788	0.079232	-0.130512	0.068823	
-0.071388	-0.008504	-0.099405	0.030077	-0.064864	0.086710	-0.037721	-0.071621	0.084662	-0.045252	1.000000	0.296173	0.243863	-0.965520	0.089251	-0.101386	-0.008410	
0.073335	0.118531	0.223334	-0.048851	0.166570	-0.206057	0.071444	0.103607	-0.142893	0.090384	0.296173	1.000000	-0.832287	-0.067328	0.024372	-0.064046	-0.045477	
-0.100659	-0.107370	-0.406695	0.086808	-0.249841	0.330643	-0.126806	-0.195783	0.265152	-0.162125	0.243863	-0.832287	1.000000	-0.467537	-0.008671	0.060139	0.019099	
0.071732	0.004188	0.147039	-0.039198	0.085658	-0.118227	0.052029	0.091132	-0.112733	0.061788	-0.965520	-0.067328	-0.467537	1.000000	-0.096023	0.100833	-0.011859	
0.191217	-0.140875	0.223968	-0.030084	0.117541	-0.157586	0.053933	0.180675	-0.205548	0.079232	0.089251	0.024372	-0.008671	-0.096023	1.000000	-0.973006	0.856001	
-0.165386	0.123678	-0.358902	0.055006	-0.173732	0.244389	-0.092333	-0.227337	0.277942	-0.130512	-0.101386	-0.064046	0.060139	0.100833	-0.973006	1.000000	-0.902563	
-0.044819	0.051535	0.163852	-0.031892	0.076377	-0.112736	0.049016	0.051207	-0.084127	0.068823	-0.008410	-0.045477	0.019099	-0.011859	0.856001	-0.902563	1.000000	

Time taken for mcmc chain: 2.390833 hours
