Number of steps: 8546323
Number of accepted steps: 2000004
Burn-in number of steps: 60000
Accepted fraction of steps: 0.234019
Convergence Status
R[0]= 1.000870	R[1]= 1.000605	R[2]= 1.006370	R[3]= 1.000123	R[4]= 1.003715	R[5]= 1.004833	R[6]= 1.000321	R[7]= 1.001526	R[8]= 1.003274	R[9]= 1.000783	R[10]= 1.000462	R[11]= 1.001728	R[12]= 1.002061	R[13]= 1.000311	R[14]= 1.001334	R[15]= 1.002394	R[16]= 1.000807	
<R>= 1.001854

Mean parameters
A[0]= 1.040399 pm 0.024646
A[1]= 1.024657 pm 0.015349
A[2]= 0.185799 pm 0.123966
A[3]= 4.554411 pm 0.482591
A[4]= 3348.361930 pm 3158.326985
A[5]= -1103.824198 pm 1044.586551
A[6]= 81.220616 pm 150.570965
A[7]= 10761.780717 pm 5344.725823
A[8]= -3363.409647 pm 1785.001543
A[9]= -24.941558 pm 84.878921
A[10]= 3.960766 pm 0.741257
A[11]= 3130.241180 pm 4168.788954
A[12]= -1247.798901 pm 1173.327855
A[13]= 223.835027 pm 221.301385
A[14]= 6474.780687 pm 7453.575387
A[15]= -1902.306897 pm 2228.091409
A[16]= -164.914133 pm 128.092256

Best-fitting parameters
A[0]= 1.045503
A[1]= 1.018834
A[2]= 0.117279
A[3]= 4.703834
A[4]= 2587.806000
A[5]= -623.199500
A[6]= 25.730620
A[7]= 12428.710000
A[8]= -3464.649000
A[9]= -5.941914
A[10]= 4.104937
A[11]= 1200.654000
A[12]= -606.801600
A[13]= 169.777000
A[14]= 8648.241000
A[15]= -2114.883000
A[16]= -148.040100
chi2_min= 46.565820


Cross-Covariance parameters
1.000000	-0.442606	-0.130031	-0.023662	-0.007605	0.042621	-0.004737	0.235221	-0.128941	-0.111108	0.064049	0.035829	0.027441	-0.071700	0.146876	-0.097149	-0.058860	
-0.442606	1.000000	0.072690	0.014428	0.291243	-0.246694	0.007986	-0.199644	0.112626	0.124963	-0.105007	0.147965	-0.194324	0.108538	-0.130886	0.094492	0.058883	
-0.130031	0.072690	1.000000	-0.222303	0.539525	-0.768393	0.362654	0.476513	-0.700847	0.390439	-0.117103	0.343003	-0.579743	0.201144	0.283201	-0.472829	0.202865	
-0.023662	0.014428	-0.222303	1.000000	0.170402	0.237812	-0.954590	-0.005283	0.034304	-0.024658	0.031292	-0.076476	0.131645	-0.050164	-0.072065	0.114284	-0.044716	
-0.007605	0.291243	0.539525	0.170402	1.000000	-0.889045	0.098537	0.258283	-0.400757	0.229189	-0.077963	0.244169	-0.371113	0.122187	0.143211	-0.247423	0.120067	
0.042621	-0.246694	-0.768393	0.237812	-0.889045	1.000000	-0.485574	-0.332552	0.516374	-0.292303	0.103909	-0.308415	0.490978	-0.167471	-0.211322	0.358750	-0.164276	
-0.004737	0.007986	0.362654	-0.954590	0.098537	-0.485574	1.000000	0.067673	-0.133104	0.072194	-0.046522	0.124165	-0.211955	0.076664	0.109888	-0.179063	0.074452	
0.235221	-0.199644	0.476513	-0.005283	0.258283	-0.332552	0.067673	1.000000	-0.948869	0.820116	-0.027262	0.171454	-0.270271	0.069072	0.208359	-0.287577	0.089144	
-0.128941	0.112626	-0.700847	0.034304	-0.400757	0.516374	-0.133104	-0.948869	1.000000	-0.836344	0.061270	-0.248242	0.403773	-0.121485	-0.252186	0.376859	-0.136969	
-0.111108	0.124963	0.390439	-0.024658	0.229189	-0.292303	0.072194	0.820116	-0.836344	1.000000	-0.049675	0.145981	-0.239213	0.082842	0.100702	-0.175576	0.088816	
0.064049	-0.105007	-0.117103	0.031292	-0.077963	0.103909	-0.046522	-0.027262	0.061270	-0.049675	1.000000	0.349907	0.133020	-0.961009	0.054850	-0.076765	-0.008554	
0.035829	0.147965	0.343003	-0.076476	0.244169	-0.308415	0.124165	0.171454	-0.248242	0.145981	0.349907	1.000000	-0.855011	-0.106675	0.070681	-0.160417	0.012460	
0.027441	-0.194324	-0.579743	0.131645	-0.371113	0.490978	-0.211955	-0.270271	0.403773	-0.239213	0.133020	-0.855011	1.000000	-0.376643	-0.099877	0.214852	-0.054275	
-0.071700	0.108538	0.201144	-0.050164	0.122187	-0.167471	0.076664	0.069072	-0.121485	0.082842	-0.961009	-0.106675	-0.376643	1.000000	-0.047292	0.049889	0.000876	
0.146876	-0.130886	0.283201	-0.072065	0.143211	-0.211322	0.109888	0.208359	-0.252186	0.100702	0.054850	0.070681	-0.099877	-0.047292	1.000000	-0.960884	0.860544	
-0.097149	0.094492	-0.472829	0.114284	-0.247423	0.358750	-0.179063	-0.287577	0.376859	-0.175576	-0.076765	-0.160417	0.214852	0.049889	-0.960884	1.000000	-0.889754	
-0.058860	0.058883	0.202865	-0.044716	0.120067	-0.164276	0.074452	0.089144	-0.136969	0.088816	-0.008554	0.012460	-0.054275	0.000876	0.860544	-0.889754	1.000000	

Time taken for mcmc chain: 2.273056 hours
