Number of steps: 9058219
Number of accepted steps: 2000004
Burn-in number of steps: 60000
Accepted fraction of steps: 0.220794
Convergence Status
R[0]= 1.000183	R[1]= 1.000471	R[2]= 1.009948	R[3]= 1.000322	R[4]= 1.005261	R[5]= 1.006475	R[6]= 1.000337	R[7]= 1.001590	R[8]= 1.003564	R[9]= 1.000735	R[10]= 1.001998	R[11]= 1.002185	R[12]= 1.004776	R[13]= 1.002480	R[14]= 1.000884	R[15]= 1.002274	R[16]= 1.000341	
<R>= 1.002578

Mean parameters
A[0]= 0.974092 pm 0.026752
A[1]= 1.026740 pm 0.015413
A[2]= 0.155777 pm 0.119581
A[3]= 4.127413 pm 0.488753
A[4]= 1104.016191 pm 3008.254147
A[5]= -535.369550 pm 988.298534
A[6]= 180.942529 pm 149.524641
A[7]= 2710.083859 pm 6009.782643
A[8]= -948.691793 pm 1906.119376
A[9]= -102.237053 pm 93.088888
A[10]= 4.314215 pm 0.755210
A[11]= 208.057604 pm 4119.390703
A[12]= -466.622829 pm 1234.153383
A[13]= 141.333517 pm 226.353835
A[14]= 3239.636540 pm 7949.549115
A[15]= -2145.954795 pm 2361.875407
A[16]= 42.144258 pm 134.309594

Best-fitting parameters
A[0]= 0.976419
A[1]= 1.019783
A[2]= 0.152914
A[3]= 3.925991
A[4]= 575.550400
A[5]= -538.945200
A[6]= 241.399000
A[7]= 1346.695000
A[8]= -629.648100
A[9]= -115.500600
A[10]= 4.411726
A[11]= 927.024800
A[12]= -601.199400
A[13]= 128.307800
A[14]= 3881.669000
A[15]= -2181.471000
A[16]= 18.486240
chi2_min= 48.565550


Cross-Covariance parameters
1.000000	-0.444817	-0.055859	-0.090031	-0.001051	-0.009891	0.053103	0.189282	-0.132369	-0.125942	0.008157	0.014609	0.007895	-0.030525	0.116779	-0.091065	-0.102325	
-0.444817	1.000000	0.049367	0.006398	0.237250	-0.199130	0.011278	-0.184667	0.126655	0.092016	-0.058916	0.177363	-0.184663	0.067693	-0.129888	0.099526	0.064471	
-0.055859	0.049367	1.000000	-0.173440	0.556008	-0.747009	0.297897	0.540980	-0.696823	0.398583	-0.177025	0.394934	-0.622554	0.260009	0.345848	-0.505321	0.201243	
-0.090031	0.006398	-0.173440	1.000000	0.137822	0.269527	-0.957257	-0.057844	0.055863	0.016702	0.030338	-0.075628	0.112694	-0.041627	-0.076084	0.101665	-0.031835	
-0.001051	0.237250	0.556008	0.137822	1.000000	-0.892046	0.121225	0.265395	-0.371666	0.213657	-0.122703	0.262800	-0.392252	0.166219	0.170338	-0.261531	0.107569	
-0.009891	-0.199130	-0.747009	0.269527	-0.892046	1.000000	-0.503666	-0.362473	0.485208	-0.260198	0.151630	-0.330495	0.502368	-0.210456	-0.245732	0.366276	-0.146229	
0.053103	0.011278	0.297897	-0.957257	0.121225	-0.503666	1.000000	0.110138	-0.132357	0.024193	-0.055580	0.120714	-0.188332	0.077249	0.114371	-0.160028	0.057751	
0.189282	-0.184667	0.540980	-0.057844	0.265395	-0.362473	0.110138	1.000000	-0.970409	0.849005	-0.083684	0.204245	-0.322785	0.126265	0.231221	-0.311777	0.088651	
-0.132369	0.126655	-0.696823	0.055863	-0.371666	0.485208	-0.132357	-0.970409	1.000000	-0.859846	0.114163	-0.268161	0.423284	-0.170118	-0.274482	0.381276	-0.124080	
-0.125942	0.092016	0.398583	0.016702	0.213657	-0.260198	0.024193	0.849005	-0.859846	1.000000	-0.068323	0.163516	-0.252556	0.103851	0.120917	-0.186919	0.090748	
0.008157	-0.058916	-0.177025	0.030338	-0.122703	0.151630	-0.055580	-0.083684	0.114163	-0.068323	1.000000	0.246000	0.244806	-0.962173	-0.050079	0.034137	0.009744	
0.014609	0.177363	0.394934	-0.075628	0.262800	-0.330495	0.120714	0.204245	-0.268161	0.163516	0.246000	1.000000	-0.854666	-0.004686	0.062342	-0.147762	0.017947	
0.007895	-0.184663	-0.622554	0.112694	-0.392252	0.502368	-0.188332	-0.322785	0.423284	-0.252556	0.244806	-0.854666	1.000000	-0.472297	-0.145005	0.245776	-0.049161	
-0.030525	0.067693	0.260009	-0.041627	0.166219	-0.210456	0.077249	0.126265	-0.170118	0.103851	-0.962173	-0.004686	-0.472297	1.000000	0.055636	-0.056410	-0.016030	
0.116779	-0.129888	0.345848	-0.076084	0.170338	-0.245732	0.114371	0.231221	-0.274482	0.120917	-0.050079	0.062342	-0.145005	0.055636	1.000000	-0.968665	0.861103	
-0.091065	0.099526	-0.505321	0.101665	-0.261531	0.366276	-0.160028	-0.311777	0.381276	-0.186919	0.034137	-0.147762	0.245776	-0.056410	-0.968665	1.000000	-0.884415	
-0.102325	0.064471	0.201243	-0.031835	0.107569	-0.146229	0.057751	0.088651	-0.124080	0.090748	0.009744	0.017947	-0.049161	-0.016030	0.861103	-0.884415	1.000000	

Time taken for mcmc chain: 2.413611 hours
