Number of steps: 8654198
Number of accepted steps: 2000004
Burn-in number of steps: 60000
Accepted fraction of steps: 0.231102
Convergence Status
R[0]= 1.000365	R[1]= 1.000265	R[2]= 1.023862	R[3]= 1.000926	R[4]= 1.012695	R[5]= 1.017617	R[6]= 1.003908	R[7]= 1.011492	R[8]= 1.016799	R[9]= 1.007870	R[10]= 1.001449	R[11]= 1.004404	R[12]= 1.011462	R[13]= 1.003139	R[14]= 1.002859	R[15]= 1.009779	R[16]= 1.000524	
<R>= 1.007613

Mean parameters
A[0]= 0.968783 pm 0.018990
A[1]= 1.025153 pm 0.017402
A[2]= 0.449769 pm 0.198815
A[3]= 4.399871 pm 0.485040
A[4]= 4972.092156 pm 4037.284548
A[5]= -2403.062061 pm 1518.289264
A[6]= 196.107032 pm 155.667598
A[7]= 6760.579969 pm 7083.046963
A[8]= -3630.750850 pm 2715.583693
A[9]= -42.358815 pm 106.351518
A[10]= 3.664933 pm 0.741459
A[11]= 5389.615564 pm 4609.859013
A[12]= -2535.427201 pm 1474.648174
A[13]= 358.816787 pm 220.071302
A[14]= 13376.926084 pm 5261.048945
A[15]= -4781.934506 pm 1906.755345
A[16]= -0.542311 pm 99.696256

Best-fitting parameters
A[0]= 0.967352
A[1]= 1.028445
A[2]= 0.655569
A[3]= 4.400375
A[4]= 8317.629000
A[5]= -3832.220000
A[6]= 235.639900
A[7]= 12351.840000
A[8]= -6247.477000
A[9]= 21.519320
A[10]= 3.028996
A[11]= 7411.935000
A[12]= -3781.950000
A[13]= 577.974700
A[14]= 19197.940000
A[15]= -6850.762000
A[16]= 81.418420
chi2_min= 61.334030


Cross-Covariance parameters
1.000000	-0.429764	-0.120715	-0.011491	-0.149164	0.147100	-0.045568	0.014013	0.034083	-0.168465	-0.009716	-0.117907	0.131575	-0.025661	0.006808	0.041074	-0.141041	
-0.429764	1.000000	0.110131	0.035854	0.335249	-0.274571	0.013540	-0.056017	-0.020545	0.168867	-0.196445	0.163982	-0.222455	0.206576	-0.056080	0.016866	0.134486	
-0.120715	0.110131	1.000000	-0.320607	0.726766	-0.893486	0.533358	0.728189	-0.862708	0.617847	-0.251955	0.490836	-0.750117	0.383709	0.331112	-0.642144	0.132095	
-0.011491	0.035854	-0.320607	1.000000	0.057127	0.236318	-0.937253	-0.092507	0.107409	-0.042961	0.076324	-0.146216	0.229955	-0.118018	-0.112754	0.212393	-0.034265	
-0.149164	0.335249	0.726766	0.057127	1.000000	-0.935819	0.269350	0.535500	-0.661759	0.502698	-0.231711	0.388198	-0.585238	0.325895	0.220036	-0.445371	0.120379	
0.147100	-0.274571	-0.893486	0.236318	-0.935819	1.000000	-0.531926	-0.629952	0.767013	-0.563224	0.260953	-0.458458	0.697095	-0.377343	-0.280877	0.558261	-0.134445	
-0.045568	0.013540	0.533358	-0.937253	0.269350	-0.531926	1.000000	0.256959	-0.308758	0.187554	-0.132263	0.253860	-0.393063	0.202578	0.180109	-0.345852	0.065771	
0.014013	-0.056017	0.728189	-0.092507	0.535500	-0.629952	0.256959	1.000000	-0.964633	0.899558	-0.160213	0.350046	-0.532926	0.256556	0.267464	-0.488601	0.079688	
0.034083	-0.020545	-0.862708	0.107409	-0.661759	0.767013	-0.308758	-0.964633	1.000000	-0.886884	0.206750	-0.418295	0.639405	-0.320015	-0.299975	0.565000	-0.103049	
-0.168465	0.168867	0.617847	-0.042961	0.502698	-0.563224	0.187554	0.899558	-0.886884	1.000000	-0.162555	0.317627	-0.477051	0.244511	0.201146	-0.391775	0.099970	
-0.009716	-0.196445	-0.251955	0.076324	-0.231711	0.260953	-0.132263	-0.160213	0.206750	-0.162555	1.000000	0.263354	0.126809	-0.953117	0.021189	-0.074205	0.026884	
-0.117907	0.163982	0.490836	-0.146216	0.388198	-0.458458	0.253860	0.350046	-0.418295	0.317627	0.263354	1.000000	-0.894368	0.013552	0.159474	-0.386430	0.059036	
0.131575	-0.222455	-0.750117	0.229955	-0.585238	0.697095	-0.393063	-0.532926	0.639405	-0.477051	0.126809	-0.894368	1.000000	-0.392174	-0.218111	0.480560	-0.076157	
-0.025661	0.206576	0.383709	-0.118018	0.325895	-0.377343	0.202578	0.256556	-0.320015	0.244511	-0.953117	0.013552	-0.392174	1.000000	0.016351	-0.019816	-0.023512	
0.006808	-0.056080	0.331112	-0.112754	0.220036	-0.280877	0.180109	0.267464	-0.299975	0.201146	0.021189	0.159474	-0.218111	0.016351	1.000000	-0.889605	0.771285	
0.041074	0.016866	-0.642144	0.212393	-0.445371	0.558261	-0.345852	-0.488601	0.565000	-0.391775	-0.074205	-0.386430	0.480560	-0.019816	-0.889605	1.000000	-0.742395	
-0.141041	0.134486	0.132095	-0.034265	0.120379	-0.134445	0.065771	0.079688	-0.103049	0.099970	0.026884	0.059036	-0.076157	-0.023512	0.771285	-0.742395	1.000000	

Time taken for mcmc chain: 2.324444 hours
