Number of steps: 9008413
Number of accepted steps: 1697977
Burn-in number of steps: 60000
Accepted fraction of steps: 0.188488
Convergence Status
R[0]= 1.003653	R[1]= 1.006697	R[2]= 1.000340	R[3]= 1.000139	R[4]= 1.000334	R[5]= 1.000574	R[6]= 1.000269	R[7]= 1.001178	R[8]= 1.000981	R[9]= 1.000570	R[10]= 1.001534	R[11]= 1.000667	R[12]= 1.000395	R[13]= 1.001330	R[14]= 1.000038	R[15]= 1.000064	R[16]= 1.000959	
<R>= 1.001160

Mean parameters
A[0]= 0.993869 pm 0.040730
A[1]= 1.026879 pm 0.016642
A[2]= 0.076814 pm 0.070141
A[3]= 3.920621 pm 0.488342
A[4]= 1374.969367 pm 2689.245593
A[5]= -739.954478 pm 783.489921
A[6]= 272.752788 pm 148.423665
A[7]= -662.062944 pm 5658.302927
A[8]= 145.171983 pm 1603.561161
A[9]= -151.105730 pm 88.162976
A[10]= 4.498641 pm 0.770801
A[11]= 4740.438083 pm 3906.441209
A[12]= -1254.172731 pm 1106.376508
A[13]= 126.457557 pm 230.974226
A[14]= 9374.953475 pm 6652.074558
A[15]= -2647.710769 pm 1876.740492
A[16]= 1.726729 pm 119.674396

Best-fitting parameters
A[0]= 1.006434
A[1]= 1.020593
A[2]= 0.009970
A[3]= 4.144077
A[4]= 70.648980
A[5]= -104.309100
A[6]= 184.449700
A[7]= -935.828000
A[8]= 384.809600
A[9]= -156.279800
A[10]= 4.429671
A[11]= 1673.802000
A[12]= -272.819600
A[13]= 95.251160
A[14]= 9928.008000
A[15]= -2769.144000
A[16]= 38.645640
chi2_min= 60.774660


Cross-Covariance parameters
1.000000	-0.478271	-0.049745	-0.031016	0.167817	-0.143559	0.004971	0.368926	-0.313693	-0.110509	-0.079194	0.113640	-0.126689	0.058307	0.223993	-0.182667	-0.198746	
-0.478271	1.000000	0.033408	0.031631	0.187561	-0.158591	-0.017929	-0.297983	0.249751	0.076784	-0.081349	0.129247	-0.159049	0.086370	-0.184994	0.154911	0.133960	
-0.049745	0.033408	1.000000	-0.109103	0.324913	-0.505016	0.176428	0.316777	-0.449937	0.238706	-0.097816	0.250536	-0.413038	0.147686	0.169927	-0.308068	0.076888	
-0.031016	0.031631	-0.109103	1.000000	0.209263	0.280165	-0.963169	-0.025066	0.020723	0.019884	0.017112	-0.023563	0.045535	-0.021858	-0.029247	0.042500	0.000409	
0.167817	0.187561	0.324913	0.209263	1.000000	-0.859667	0.018218	0.106546	-0.156461	0.039151	-0.081327	0.165407	-0.230465	0.091450	0.083089	-0.124502	0.014627	
-0.143559	-0.158591	-0.505016	0.280165	-0.859667	1.000000	-0.493653	-0.152830	0.217425	-0.061169	0.094659	-0.196878	0.291265	-0.114326	-0.114191	0.180269	-0.028390	
0.004971	-0.017929	0.176428	-0.963169	0.018218	-0.493653	1.000000	0.025177	-0.031961	-0.017645	-0.020130	0.037311	-0.068839	0.028467	0.039062	-0.062326	0.013128	
0.368926	-0.297983	0.316777	-0.025066	0.106546	-0.152830	0.025177	1.000000	-0.978163	0.780843	-0.043031	0.095257	-0.148692	0.051709	0.158912	-0.187445	-0.055259	
-0.313693	0.249751	-0.449937	0.020723	-0.156461	0.217425	-0.031961	-0.978163	1.000000	-0.830656	0.054517	-0.126117	0.200832	-0.070239	-0.167571	0.216510	0.034628	
-0.110509	0.076784	0.238706	0.019884	0.039151	-0.061169	-0.017645	0.780843	-0.830656	1.000000	-0.014653	0.045178	-0.081171	0.026319	0.016336	-0.052825	0.040267	
-0.079194	-0.081349	-0.097816	0.017112	-0.081327	0.094659	-0.020130	-0.043031	0.054517	-0.014653	1.000000	0.244417	0.295661	-0.966013	-0.051268	0.032101	0.015771	
0.113640	0.129247	0.250536	-0.023563	0.165407	-0.196878	0.037311	0.095257	-0.126117	0.045178	0.244417	1.000000	-0.834365	-0.022930	-0.011112	-0.029657	-0.063807	
-0.126689	-0.159049	-0.413038	0.045535	-0.230465	0.291265	-0.068839	-0.148692	0.200832	-0.081171	0.295661	-0.834365	1.000000	-0.506752	-0.035419	0.081674	0.058763	
0.058307	0.086370	0.147686	-0.021858	0.091450	-0.114326	0.028467	0.051709	-0.070239	0.026319	-0.966013	-0.022930	-0.506752	1.000000	0.037185	-0.025675	-0.031163	
0.223993	-0.184994	0.169927	-0.029247	0.083089	-0.114191	0.039062	0.158912	-0.167571	0.016336	-0.051268	-0.011112	-0.035419	0.037185	1.000000	-0.967773	0.768108	
-0.182667	0.154911	-0.308068	0.042500	-0.124502	0.180269	-0.062326	-0.187445	0.216510	-0.052825	0.032101	-0.029657	0.081674	-0.025675	-0.967773	1.000000	-0.839413	
-0.198746	0.133960	0.076888	0.000409	0.014627	-0.028390	0.013128	-0.055259	0.034628	0.040267	0.015771	-0.063807	0.058763	-0.031163	0.768108	-0.839413	1.000000	

Time taken for mcmc chain: 1.864167 hours
