Number of steps: 8331943
Number of accepted steps: 2000004
Burn-in number of steps: 60000
Accepted fraction of steps: 0.240041
Convergence Status
R[0]= 1.001530	R[1]= 1.000997	R[2]= 1.001673	R[3]= 1.002211	R[4]= 1.000406	R[5]= 1.001192	R[6]= 1.002263	R[7]= 1.000632	R[8]= 1.000872	R[9]= 1.000654	R[10]= 1.001837	R[11]= 1.001200	R[12]= 1.000714	R[13]= 1.001330	R[14]= 1.000182	R[15]= 1.000558	R[16]= 1.000189	
<R>= 1.001085

Mean parameters
A[0]= 0.989882 pm 0.022102
A[1]= 1.021183 pm 0.016105
A[2]= 0.234206 pm 0.152220
A[3]= 4.205689 pm 0.485902
A[4]= 3234.940661 pm 3274.580996
A[5]= -1345.135014 pm 1144.087819
A[6]= 206.012473 pm 151.710618
A[7]= 733.141626 pm 6484.718461
A[8]= -1120.259750 pm 2208.743081
A[9]= -91.555340 pm 99.044179
A[10]= 3.615864 pm 0.747461
A[11]= 726.371810 pm 4209.577726
A[12]= -1102.347644 pm 1244.640561
A[13]= 347.598022 pm 222.306124
A[14]= 5694.539181 pm 7611.692555
A[15]= -2219.796743 pm 2324.763456
A[16]= -66.022604 pm 130.482688

Best-fitting parameters
A[0]= 0.991645
A[1]= 1.018631
A[2]= 0.226268
A[3]= 4.387999
A[4]= 4194.299000
A[5]= -1445.832000
A[6]= 165.377800
A[7]= 987.576400
A[8]= -1282.651000
A[9]= -70.632530
A[10]= 3.597169
A[11]= 211.752500
A[12]= -991.321500
A[13]= 352.540700
A[14]= 5666.499000
A[15]= -2003.167000
A[16]= -96.074240
chi2_min= 73.916350


Cross-Covariance parameters
1.000000	-0.433835	-0.157216	0.064965	-0.071224	0.122025	-0.102417	0.103900	-0.029826	-0.132052	-0.127929	-0.116314	0.091591	0.093835	0.049015	0.005787	-0.097060	
-0.433835	1.000000	0.042117	-0.067552	0.238313	-0.212194	0.077828	-0.160272	0.099605	0.090821	0.050318	0.209115	-0.171798	-0.037585	-0.107441	0.072419	0.049315	
-0.157216	0.042117	1.000000	-0.232675	0.625203	-0.818389	0.389701	0.622423	-0.776666	0.509854	-0.158067	0.397570	-0.639064	0.252060	0.341595	-0.530223	0.223445	
0.064965	-0.067552	-0.232675	1.000000	0.098412	0.265906	-0.952049	-0.021217	0.039283	-0.016445	0.030437	-0.099471	0.152050	-0.051986	-0.073883	0.119479	-0.057959	
-0.071224	0.238313	0.625203	0.098412	1.000000	-0.907421	0.180974	0.382309	-0.498805	0.336631	-0.108344	0.294931	-0.442293	0.166402	0.196242	-0.316831	0.140446	
0.122025	-0.212194	-0.818389	0.265906	-0.907421	1.000000	-0.517325	-0.469943	0.607178	-0.401805	0.133871	-0.362624	0.556197	-0.210370	-0.264696	0.421799	-0.186004	
-0.102417	0.077828	0.389701	-0.952049	0.180974	-0.517325	1.000000	0.117421	-0.164414	0.092948	-0.054484	0.162473	-0.252423	0.090991	0.126384	-0.201706	0.093600	
0.103900	-0.160272	0.622423	-0.021217	0.382309	-0.469943	0.117421	1.000000	-0.967540	0.880376	-0.125981	0.222243	-0.385371	0.181052	0.244623	-0.354734	0.124797	
-0.029826	0.099605	-0.776666	0.039283	-0.498805	0.607178	-0.164414	-0.967540	1.000000	-0.880338	0.143273	-0.291535	0.488280	-0.213703	-0.287981	0.429366	-0.162858	
-0.132052	0.090821	0.509854	-0.016445	0.336631	-0.401805	0.092948	0.880376	-0.880338	1.000000	-0.069151	0.220309	-0.335590	0.118381	0.163201	-0.262080	0.117525	
-0.127929	0.050318	-0.158067	0.030437	-0.108344	0.133871	-0.054484	-0.125981	0.143273	-0.069151	1.000000	0.297494	0.164045	-0.959878	-0.015833	-0.019956	0.024272	
-0.116314	0.209115	0.397570	-0.099471	0.294931	-0.362624	0.162473	0.222243	-0.291535	0.220309	0.297494	1.000000	-0.865491	-0.046597	0.071494	-0.183052	0.038448	
0.091591	-0.171798	-0.639064	0.152050	-0.442293	0.556197	-0.252423	-0.385371	0.488280	-0.335590	0.164045	-0.865491	1.000000	-0.407643	-0.146587	0.275387	-0.071937	
0.093835	-0.037585	0.252060	-0.051986	0.166402	-0.210370	0.090991	0.181052	-0.213703	0.118381	-0.959878	-0.046597	-0.407643	1.000000	0.026218	-0.014261	-0.027053	
0.049015	-0.107441	0.341595	-0.073883	0.196242	-0.264696	0.126384	0.244623	-0.287981	0.163201	-0.015833	0.071494	-0.146587	0.026218	1.000000	-0.959271	0.871907	
0.005787	0.072419	-0.530223	0.119479	-0.316831	0.421799	-0.201706	-0.354734	0.429366	-0.262080	-0.019956	-0.183052	0.275387	-0.014261	-0.959271	1.000000	-0.890305	
-0.097060	0.049315	0.223445	-0.057959	0.140446	-0.186004	0.093600	0.124797	-0.162858	0.117525	0.024272	0.038448	-0.071937	-0.027053	0.871907	-0.890305	1.000000	

Time taken for mcmc chain: 2.317778 hours
