Number of steps: 8924958
Number of accepted steps: 1905486
Burn-in number of steps: 60000
Accepted fraction of steps: 0.213501
Convergence Status
R[0]= 1.000827	R[1]= 1.000362	R[2]= 1.000947	R[3]= 1.000239	R[4]= 1.000533	R[5]= 1.000436	R[6]= 1.000303	R[7]= 1.000467	R[8]= 1.000379	R[9]= 1.000110	R[10]= 1.000202	R[11]= 1.001529	R[12]= 1.001497	R[13]= 1.000165	R[14]= 1.000673	R[15]= 1.000372	R[16]= 1.000241	
<R>= 1.000546

Mean parameters
A[0]= 1.082396 pm 0.119831
A[1]= 1.032249 pm 0.036937
A[2]= 0.312719 pm 0.212383
A[3]= 4.505127 pm 0.994126
A[4]= 8496.667589 pm 5186.134212
A[5]= -3531.875398 pm 1655.899063
A[6]= 318.291688 pm 291.413243
A[7]= 1737.188239 pm 9267.274668
A[8]= -1698.719882 pm 3312.112429
A[9]= -210.200443 pm 161.000856
A[10]= 3.525025 pm 1.487947
A[11]= 4139.282682 pm 6445.558614
A[12]= -2799.609783 pm 1870.582321
A[13]= 541.762782 pm 446.444618
A[14]= 4978.693336 pm 9321.170732
A[15]= -2896.872977 pm 2978.368873
A[16]= -10.675775 pm 183.804735

Best-fitting parameters
A[0]= 1.100200
A[1]= 1.032106
A[2]= 0.156176
A[3]= 5.107928
A[4]= 9319.657000
A[5]= -2898.356000
A[6]= 119.901400
A[7]= 2404.463000
A[8]= -1134.152000
A[9]= -228.193200
A[10]= 3.881684
A[11]= 5072.161000
A[12]= -2512.428000
A[13]= 436.373200
A[14]= 5986.749000
A[15]= -2500.926000
A[16]= -45.811870
chi2_min= 61.857850


Cross-Covariance parameters
1.000000	-0.471721	0.078210	-0.209912	0.012376	-0.108637	0.139891	0.262506	-0.247116	-0.341149	-0.103682	0.028406	-0.091422	0.070591	0.137902	-0.162761	-0.276615	
-0.471721	1.000000	-0.026652	-0.029803	0.170864	-0.159757	0.035732	-0.239634	0.196482	0.242336	0.003887	0.116513	-0.105737	-0.003397	-0.115772	0.113040	0.205271	
0.078210	-0.026652	1.000000	-0.069900	0.507858	-0.749204	0.189043	0.509915	-0.717465	0.387604	-0.208305	0.253389	-0.530617	0.264936	0.240330	-0.447851	0.161135	
-0.209912	-0.029803	-0.069900	1.000000	0.371346	0.086549	-0.965353	0.107450	-0.140052	0.118176	0.064114	-0.012564	0.054492	-0.056008	-0.020616	0.034163	0.030482	
0.012376	0.170864	0.507858	0.371346	1.000000	-0.860840	-0.168113	0.299268	-0.439436	0.224826	-0.098920	0.189272	-0.324983	0.126514	0.125860	-0.231856	0.092148	
-0.108637	-0.159757	-0.749204	0.086549	-0.860840	1.000000	-0.288549	-0.365397	0.535890	-0.264843	0.169504	-0.240739	0.453426	-0.206372	-0.184092	0.340762	-0.116834	
0.139891	0.035732	0.189043	-0.965353	-0.168113	-0.288549	1.000000	-0.064310	0.067205	-0.051915	-0.082016	0.038607	-0.110484	0.084574	0.042188	-0.078942	0.009087	
0.262506	-0.239634	0.509915	0.107450	0.299268	-0.365397	-0.064310	1.000000	-0.947273	0.685542	-0.108602	0.134398	-0.278242	0.133386	0.180743	-0.284005	0.004561	
-0.247116	0.196482	-0.717465	-0.140052	-0.439436	0.535890	0.067205	-0.947273	1.000000	-0.691603	0.149105	-0.187502	0.387600	-0.185773	-0.216774	0.367049	-0.052396	
-0.341149	0.242336	0.387604	0.118176	0.224826	-0.264843	-0.051915	0.685542	-0.691603	1.000000	-0.046671	0.109844	-0.201591	0.082351	0.046805	-0.126623	0.185906	
-0.103682	0.003887	-0.208305	0.064114	-0.098920	0.169504	-0.082016	-0.108602	0.149105	-0.046671	1.000000	0.357741	0.205241	-0.974146	0.043794	-0.131295	-0.032032	
0.028406	0.116513	0.253389	-0.012564	0.189272	-0.240739	0.038607	0.134398	-0.187502	0.109844	0.357741	1.000000	-0.815715	-0.169098	0.127819	-0.257091	0.060753	
-0.091422	-0.105737	-0.530617	0.054492	-0.324983	0.453426	-0.110484	-0.278242	0.387600	-0.201591	0.205241	-0.815715	1.000000	-0.391453	-0.152550	0.276291	-0.106208	
0.070591	-0.003397	0.264936	-0.056008	0.126514	-0.206372	0.084574	0.133386	-0.185773	0.082351	-0.974146	-0.169098	-0.391453	1.000000	-0.031176	0.099955	0.050022	
0.137902	-0.115772	0.240330	-0.020616	0.125860	-0.184092	0.042188	0.180743	-0.216774	0.046805	0.043794	0.127819	-0.152550	-0.031176	1.000000	-0.934365	0.731137	
-0.162761	0.113040	-0.447851	0.034163	-0.231856	0.340762	-0.078942	-0.284005	0.367049	-0.126623	-0.131295	-0.257091	0.276291	0.099955	-0.934365	1.000000	-0.742415	
-0.276615	0.205271	0.161135	0.030482	0.092148	-0.116834	0.009087	0.004561	-0.052396	0.185906	-0.032032	0.060753	-0.106208	0.050022	0.731137	-0.742415	1.000000	

Time taken for mcmc chain: 2.171389 hours
