Number of steps: 8366396
Number of accepted steps: 2000004
Burn-in number of steps: 60000
Accepted fraction of steps: 0.239052
Convergence Status
R[0]= 1.000708	R[1]= 1.002781	R[2]= 1.008838	R[3]= 1.000537	R[4]= 1.004706	R[5]= 1.005975	R[6]= 1.000642	R[7]= 1.003654	R[8]= 1.005999	R[9]= 1.002985	R[10]= 1.000713	R[11]= 1.003585	R[12]= 1.004712	R[13]= 1.000643	R[14]= 1.001115	R[15]= 1.002661	R[16]= 1.000534	
<R>= 1.002988

Mean parameters
A[0]= 0.963702 pm 0.022628
A[1]= 1.019474 pm 0.020115
A[2]= 0.256186 pm 0.160577
A[3]= 3.558426 pm 0.489399
A[4]= 3143.348159 pm 3196.474841
A[5]= -1752.024917 pm 1090.801221
A[6]= 410.002416 pm 150.108395
A[7]= 9008.371490 pm 5691.346199
A[8]= -3062.568989 pm 1916.272932
A[9]= 16.949967 pm 89.080727
A[10]= 4.343476 pm 0.748503
A[11]= 5717.583790 pm 4509.335249
A[12]= -1929.935672 pm 1429.220811
A[13]= 172.700012 pm 224.716665
A[14]= 6113.528171 pm 7863.645695
A[15]= -2113.848386 pm 2505.091643
A[16]= -116.943150 pm 131.145221

Best-fitting parameters
A[0]= 0.959485
A[1]= 1.021547
A[2]= 0.405997
A[3]= 3.437554
A[4]= 5841.384000
A[5]= -2827.931000
A[6]= 482.001200
A[7]= 11584.050000
A[8]= -4223.945000
A[9]= 33.451600
A[10]= 4.439878
A[11]= 7727.102000
A[12]= -2748.075000
A[13]= 162.415000
A[14]= 16496.870000
A[15]= -5556.004000
A[16]= 20.837450
chi2_min= 50.959850


Cross-Covariance parameters
1.000000	-0.446225	-0.146096	0.025899	-0.126908	0.147608	-0.069866	0.067462	-0.008718	-0.160618	-0.051161	-0.141552	0.137818	0.009412	0.038303	0.009542	-0.140691	
-0.446225	1.000000	0.076340	-0.107134	0.271241	-0.263390	0.119754	-0.141993	0.079005	0.124724	0.012018	0.278677	-0.240102	0.002022	-0.113076	0.063697	0.097239	
-0.146096	0.076340	1.000000	-0.208918	0.609125	-0.795766	0.354798	0.570813	-0.742256	0.414880	-0.196947	0.503592	-0.730628	0.313161	0.428638	-0.623118	0.264659	
0.025899	-0.107134	-0.208918	1.000000	0.104717	0.259832	-0.953712	-0.014393	0.017919	0.007602	0.052497	-0.123737	0.170727	-0.074370	-0.068524	0.114061	-0.051829	
-0.126908	0.271241	0.609125	0.104717	1.000000	-0.908465	0.168092	0.319697	-0.452500	0.274146	-0.120441	0.366159	-0.492912	0.191105	0.238242	-0.361869	0.175844	
0.147608	-0.263390	-0.795766	0.259832	-0.908465	1.000000	-0.505942	-0.402268	0.552498	-0.318269	0.161277	-0.452365	0.624276	-0.252998	-0.316987	0.477264	-0.221454	
-0.069866	0.119754	0.354798	-0.953712	0.168092	-0.505942	1.000000	0.092905	-0.127333	0.048555	-0.080804	0.196790	-0.276949	0.120353	0.131924	-0.205314	0.093452	
0.067462	-0.141993	0.570813	-0.014393	0.319697	-0.402268	0.092905	1.000000	-0.962081	0.855751	-0.123245	0.246431	-0.388158	0.186138	0.289117	-0.390377	0.138653	
-0.008718	0.079005	-0.742256	0.017919	-0.452500	0.552498	-0.127333	-0.962081	1.000000	-0.851014	0.154251	-0.344409	0.521735	-0.237905	-0.351356	0.488598	-0.187186	
-0.160618	0.124724	0.414880	0.007602	0.274146	-0.318269	0.048555	0.855751	-0.851014	1.000000	-0.073814	0.228522	-0.317006	0.123781	0.173902	-0.255943	0.130913	
-0.051161	0.012018	-0.196947	0.052497	-0.120441	0.161277	-0.080804	-0.123245	0.154251	-0.073814	1.000000	0.217456	0.205350	-0.957684	-0.047353	0.023501	0.016910	
-0.141552	0.278677	0.503592	-0.123737	0.366159	-0.452365	0.196790	0.246431	-0.344409	0.228522	0.217456	1.000000	-0.883615	0.038930	0.146946	-0.281329	0.102621	
0.137818	-0.240102	-0.730628	0.170727	-0.492912	0.624276	-0.276949	-0.388158	0.521735	-0.317006	0.205350	-0.883615	1.000000	-0.445764	-0.246003	0.398565	-0.143856	
0.009412	0.002022	0.313161	-0.074370	0.191105	-0.252998	0.120353	0.186138	-0.237905	0.123781	-0.957684	0.038930	-0.445764	1.000000	0.079145	-0.084538	-0.005310	
0.038303	-0.113076	0.428638	-0.068524	0.238242	-0.316987	0.131924	0.289117	-0.351356	0.173902	-0.047353	0.146946	-0.246003	0.079145	1.000000	-0.956339	0.853991	
0.009542	0.063697	-0.623118	0.114061	-0.361869	0.477264	-0.205314	-0.390377	0.488598	-0.255943	0.023501	-0.281329	0.398565	-0.084538	-0.956339	1.000000	-0.857130	
-0.140691	0.097239	0.264659	-0.051829	0.175844	-0.221454	0.093452	0.138653	-0.187186	0.130913	0.016910	0.102621	-0.143856	-0.005310	0.853991	-0.857130	1.000000	

Time taken for mcmc chain: 2.335000 hours
