Number of steps: 1181328
Number of accepted steps: 345000
Burn-in number of steps: 60000
Accepted fraction of steps: 0.292044
Convergence Status
R[0]= 1.000412	R[1]= 1.004366	R[2]= 1.001704	R[3]= 1.002299	R[4]= 1.006744	R[5]= 1.004558	R[6]= 1.001881	R[7]= 1.000189	R[8]= 1.000804	R[9]= 1.001206	R[10]= 1.003270	R[11]= 1.001591	R[12]= 1.001271	R[13]= 1.003312	R[14]= 1.000423	R[15]= 1.000679	R[16]= 1.001050	
<R>= 1.002103

Mean parameters
A[0]= 1.011023 pm 0.038526
A[1]= 0.970289 pm 0.027304
A[2]= 0.305958 pm 0.140868
A[3]= 6.884461 pm 1.066878
A[4]= 9608.209126 pm 5212.870305
A[5]= -2489.824621 pm 1715.279445
A[6]= -273.220802 pm 304.759517
A[7]= 5374.397465 pm 8907.499907
A[8]= -2991.481977 pm 3143.367547
A[9]= -203.948937 pm 148.306140
A[10]= 8.199295 pm 1.699005
A[11]= 6285.354130 pm 6737.229374
A[12]= -424.752951 pm 2280.542713
A[13]= -778.546384 pm 496.677819
A[14]= 4613.420717 pm 9865.382872
A[15]= -4304.299403 pm 3469.407344
A[16]= -110.236593 pm 185.599754

Best-fitting parameters
A[0]= 1.004176
A[1]= 0.968985
A[2]= 0.473864
A[3]= 7.000883
A[4]= 14255.400000
A[5]= -4136.723000
A[6]= -263.396100
A[7]= 13992.280000
A[8]= -6900.337000
A[9]= -49.787190
A[10]= 8.011710
A[11]= 10472.370000
A[12]= -2320.905000
A[13]= -667.983200
A[14]= 18446.470000
A[15]= -9163.419000
A[16]= 34.203510
chi2_min= 51.374420


Cross-Covariance parameters
1.000000	-0.421859	-0.050119	-0.059563	-0.089550	0.067898	0.028751	0.118059	-0.076768	-0.271135	-0.010822	-0.046859	0.046318	-0.004169	0.086411	-0.065611	-0.288686	
-0.421859	1.000000	0.047276	-0.182668	0.223843	-0.274615	0.148196	-0.137610	0.090267	0.287811	-0.065108	0.196974	-0.203804	0.030235	-0.113439	0.067610	0.285334	
-0.050119	0.047276	1.000000	-0.028535	0.626255	-0.778234	0.148789	0.565237	-0.741036	0.400812	-0.116372	0.535017	-0.710410	0.197696	0.452556	-0.670606	0.262565	
-0.059563	-0.182668	-0.028535	1.000000	0.268611	0.182921	-0.970167	0.200708	-0.230407	0.026321	0.051527	-0.050746	0.073704	-0.043745	0.036959	-0.013897	-0.012701	
-0.089550	0.223843	0.626255	0.268611	1.000000	-0.875448	-0.070873	0.370266	-0.510169	0.291131	-0.066897	0.384453	-0.481148	0.110659	0.266776	-0.406600	0.209174	
0.067898	-0.274615	-0.778234	0.182921	-0.875448	1.000000	-0.370572	-0.367309	0.517018	-0.332825	0.105768	-0.471735	0.604822	-0.158890	-0.317202	0.496630	-0.245152	
0.028751	0.148196	0.148789	-0.970167	-0.070873	-0.370572	1.000000	-0.134243	0.140314	0.008820	-0.058273	0.108630	-0.150158	0.063654	0.018264	-0.066239	0.038704	
0.118059	-0.137610	0.565237	0.200708	0.370266	-0.367309	-0.134243	1.000000	-0.957131	0.765871	-0.034401	0.299538	-0.380797	0.085740	0.305443	-0.417968	0.100689	
-0.076768	0.090267	-0.741036	-0.230407	-0.510169	0.517018	0.140314	-0.957131	1.000000	-0.761908	0.063142	-0.392812	0.509635	-0.126863	-0.375354	0.528145	-0.159348	
-0.271135	0.287811	0.400812	0.026321	0.291131	-0.332825	0.008820	0.765871	-0.761908	1.000000	-0.033792	0.266778	-0.319230	0.061263	0.148740	-0.243514	0.214570	
-0.010822	-0.065108	-0.116372	0.051527	-0.066897	0.105768	-0.058273	-0.034401	0.063142	-0.033792	1.000000	0.204558	0.333398	-0.978064	0.084773	-0.153520	-0.097963	
-0.046859	0.196974	0.535017	-0.050746	0.384453	-0.471735	0.108630	0.299538	-0.392812	0.266778	0.204558	1.000000	-0.830506	-0.033325	0.274601	-0.430348	0.180941	
0.046318	-0.203804	-0.710410	0.073704	-0.481148	0.604822	-0.150158	-0.380797	0.509635	-0.319230	0.333398	-0.830506	1.000000	-0.486438	-0.283593	0.428102	-0.249749	
-0.004169	0.030235	0.197696	-0.043745	0.110659	-0.158890	0.063654	0.085740	-0.126863	0.061263	-0.978064	-0.033325	-0.486438	1.000000	-0.043513	0.092079	0.108223	
0.086411	-0.113439	0.452556	0.036959	0.266776	-0.317202	0.018264	0.305443	-0.375354	0.148740	0.084773	0.274601	-0.283593	-0.043513	1.000000	-0.935180	0.723378	
-0.065611	0.067610	-0.670606	-0.013897	-0.406600	0.496630	-0.066239	-0.417968	0.528145	-0.243514	-0.153520	-0.430348	0.428102	0.092079	-0.935180	1.000000	-0.709137	
-0.288686	0.285334	0.262565	-0.012701	0.209174	-0.245152	0.038704	0.100689	-0.159348	0.214570	-0.097963	0.180941	-0.249749	0.108223	0.723378	-0.709137	1.000000	

Time taken for mcmc chain: 6.766667 minutes
