Number of steps: 1862413
Number of accepted steps: 446538
Burn-in number of steps: 60000
Accepted fraction of steps: 0.239763
Convergence Status
R[0]= 1.000825	R[1]= 1.000194	R[2]= 1.004113	R[3]= 1.001304	R[4]= 1.002719	R[5]= 1.001629	R[6]= 1.000758	R[7]= 1.000793	R[8]= 1.001059	R[9]= 1.000295	R[10]= 1.002257	R[11]= 1.000104	R[12]= 1.001573	R[13]= 1.002463	R[14]= 1.000144	R[15]= 1.000441	R[16]= 1.000429	
<R>= 1.001241

Mean parameters
A[0]= 1.037209 pm 0.063883
A[1]= 1.032744 pm 0.030291
A[2]= 0.163779 pm 0.124367
A[3]= 4.236020 pm 0.989161
A[4]= 3786.827162 pm 4687.725914
A[5]= -2303.828375 pm 1325.715698
A[6]= 386.590852 pm 292.331082
A[7]= 2658.792238 pm 8198.512737
A[8]= -1756.621158 pm 2508.834784
A[9]= -7.119177 pm 145.929510
A[10]= 6.601680 pm 1.577051
A[11]= 12783.938579 pm 4832.715175
A[12]= -2709.349621 pm 1751.721804
A[13]= -294.198705 pm 483.854750
A[14]= 10176.057010 pm 7543.173406
A[15]= -3114.421076 pm 2410.421755
A[16]= -75.887824 pm 168.586826

Best-fitting parameters
A[0]= 1.041730
A[1]= 1.033678
A[2]= 0.280242
A[3]= 4.273937
A[4]= 5010.378000
A[5]= -2852.083000
A[6]= 386.936100
A[7]= 4715.707000
A[8]= -2784.796000
A[9]= 3.616529
A[10]= 7.931606
A[11]= 18123.610000
A[12]= -3665.466000
A[13]= -656.051700
A[14]= 19230.400000
A[15]= -6543.383000
A[16]= -8.176384
chi2_min= 45.071720


Cross-Covariance parameters
1.000000	-0.407160	-0.079883	-0.141975	-0.017145	-0.038819	0.101645	0.164906	-0.124795	-0.257739	-0.027915	0.026114	-0.016788	-0.005261	0.166343	-0.128195	-0.403170	
-0.407160	1.000000	0.058299	-0.004676	0.211169	-0.218193	0.004159	-0.172777	0.128408	0.179080	-0.171972	0.152401	-0.227557	0.143196	-0.123382	0.097244	0.342606	
-0.079883	0.058299	1.000000	0.010769	0.406457	-0.573266	0.069947	0.353006	-0.527898	0.268900	-0.195160	0.280376	-0.536772	0.226091	0.222159	-0.487605	0.103046	
-0.141975	-0.004676	0.010769	1.000000	0.389692	0.147074	-0.971188	0.070766	-0.126911	0.081082	0.028197	-0.021922	0.030393	-0.022273	-0.036793	0.029095	0.028866	
-0.017145	0.211169	0.406457	0.389692	1.000000	-0.832499	-0.192298	0.097438	-0.207705	0.081572	-0.123173	0.153059	-0.274636	0.124893	0.071842	-0.181230	0.063469	
-0.038819	-0.218193	-0.573266	0.147074	-0.832499	1.000000	-0.346024	-0.125946	0.236485	-0.089020	0.170268	-0.210592	0.380658	-0.174792	-0.129379	0.280295	-0.066966	
0.101645	0.004159	0.069947	-0.971188	-0.192298	-0.346024	1.000000	-0.060108	0.098028	-0.068739	-0.041021	0.039034	-0.068435	0.039742	0.048637	-0.063088	-0.012363	
0.164906	-0.172777	0.353006	0.070766	0.097438	-0.125946	-0.060108	1.000000	-0.964292	0.785582	-0.040571	0.099826	-0.173224	0.052743	0.127564	-0.215660	-0.073233	
-0.124795	0.128408	-0.527898	-0.126911	-0.207705	0.236485	0.098028	-0.964292	1.000000	-0.819847	0.083399	-0.149663	0.273310	-0.100742	-0.156637	0.291563	0.041469	
-0.257739	0.179080	0.268900	0.081082	0.081572	-0.089020	-0.068739	0.785582	-0.819847	1.000000	-0.055914	0.084403	-0.154762	0.070255	0.008092	-0.081338	0.123277	
-0.027915	-0.171972	-0.195160	0.028197	-0.123173	0.170268	-0.041021	-0.040571	0.083399	-0.055914	1.000000	0.161844	0.545479	-0.984069	-0.033672	-0.002301	-0.090598	
0.026114	0.152401	0.280376	-0.021922	0.153059	-0.210592	0.039034	0.099826	-0.149663	0.084403	0.161844	1.000000	-0.704074	-0.030100	0.076922	-0.178288	0.041938	
-0.016788	-0.227557	-0.536772	0.030393	-0.274636	0.380658	-0.068435	-0.173224	0.273310	-0.154762	0.545479	-0.704074	1.000000	-0.651001	-0.129493	0.239324	-0.109126	
-0.005261	0.143196	0.226091	-0.022273	0.124893	-0.174792	0.039742	0.052743	-0.100742	0.070255	-0.984069	-0.030100	-0.651001	1.000000	0.035998	-0.009549	0.093380	
0.166343	-0.123382	0.222159	-0.036793	0.071842	-0.129379	0.048637	0.127564	-0.156637	0.008092	-0.033672	0.076922	-0.129493	0.035998	1.000000	-0.919407	0.596830	
-0.128195	0.097244	-0.487605	0.029095	-0.181230	0.280295	-0.063088	-0.215660	0.291563	-0.081338	-0.002301	-0.178288	0.239324	-0.009549	-0.919407	1.000000	-0.648233	
-0.403170	0.342606	0.103046	0.028866	0.063469	-0.066966	-0.012363	-0.073233	0.041469	0.123277	-0.090598	0.041938	-0.109126	0.093380	0.596830	-0.648233	1.000000	

Time taken for mcmc chain: 11.900000 minutes
