Number of steps: 1102851
Number of accepted steps: 361325
Burn-in number of steps: 60000
Accepted fraction of steps: 0.327628
Convergence Status
R[0]= 1.001085	R[1]= 1.000833	R[2]= 1.001339	R[3]= 1.001276	R[4]= 1.000442	R[5]= 1.000179	R[6]= 1.001270	R[7]= 1.001881	R[8]= 1.001889	R[9]= 1.001288	R[10]= 1.004417	R[11]= 1.000752	R[12]= 1.000277	R[13]= 1.004002	R[14]= 1.001309	R[15]= 1.001171	R[16]= 1.000622	
<R>= 1.001414

Mean parameters
A[0]= 1.066252 pm 0.054274
A[1]= 1.015726 pm 0.030425
A[2]= 0.188970 pm 0.127331
A[3]= 6.449651 pm 0.993520
A[4]= 8989.357236 pm 4853.390594
A[5]= -2133.601567 pm 1567.937214
A[6]= -256.777416 pm 296.962738
A[7]= 7910.378565 pm 7662.319600
A[8]= -3298.516470 pm 2599.186465
A[9]= -82.637622 pm 140.234007
A[10]= 5.851371 pm 1.557583
A[11]= 7772.622484 pm 6036.568684
A[12]= -2010.358556 pm 1870.259205
A[13]= -110.998527 pm 470.319876
A[14]= 1819.356230 pm 9838.523354
A[15]= -1962.197911 pm 3066.315864
A[16]= -111.105938 pm 185.799237

Best-fitting parameters
A[0]= 1.081804
A[1]= 1.014962
A[2]= 0.179620
A[3]= 6.631804
A[4]= 9555.747000
A[5]= -2057.599000
A[6]= -325.449200
A[7]= 7342.184000
A[8]= -2755.870000
A[9]= -168.333300
A[10]= 5.639463
A[11]= 7754.766000
A[12]= -2177.048000
A[13]= -53.801540
A[14]= 3625.948000
A[15]= -2472.714000
A[16]= -70.654810
chi2_min= 50.342540


Cross-Covariance parameters
1.000000	-0.393850	-0.089750	-0.049316	-0.002422	0.008421	0.006754	0.206135	-0.138516	-0.355952	-0.202031	-0.038564	-0.065732	0.181658	0.134649	-0.090704	-0.216549	
-0.393850	1.000000	0.046205	-0.174560	0.238310	-0.289984	0.148244	-0.210409	0.144686	0.305447	0.032809	0.225717	-0.182922	-0.048689	-0.132990	0.094674	0.193077	
-0.089750	0.046205	1.000000	-0.062392	0.520143	-0.708398	0.170382	0.417458	-0.660259	0.313961	-0.041415	0.354597	-0.516934	0.097297	0.305639	-0.510475	0.218882	
-0.049316	-0.174560	-0.062392	1.000000	0.262482	0.233212	-0.969918	0.119536	-0.139567	-0.017443	0.056714	-0.041550	0.079926	-0.051073	0.015491	-0.001681	-0.012954	
-0.002422	0.238310	0.520143	0.262482	1.000000	-0.850461	-0.070244	0.205441	-0.364998	0.165795	-0.027797	0.252215	-0.331719	0.050552	0.155469	-0.266936	0.140279	
0.008421	-0.289984	-0.708398	0.233212	-0.850461	1.000000	-0.415643	-0.221528	0.407877	-0.225551	0.055326	-0.317005	0.438590	-0.085786	-0.198766	0.348891	-0.179465	
0.006754	0.148244	0.170382	-0.969918	-0.070244	-0.415643	1.000000	-0.082265	0.072852	0.042837	-0.049917	0.069469	-0.120706	0.052243	0.018299	-0.054268	0.039458	
0.206135	-0.210409	0.417458	0.119536	0.205441	-0.221528	-0.082265	1.000000	-0.940171	0.666089	-0.062498	0.107046	-0.206714	0.082973	0.174047	-0.251990	0.015002	
-0.138516	0.144686	-0.660259	-0.139567	-0.364998	0.407877	0.072852	-0.940171	1.000000	-0.695623	0.063552	-0.203351	0.335844	-0.097666	-0.240040	0.369802	-0.085924	
-0.355952	0.305447	0.313961	-0.017443	0.165795	-0.225551	0.042837	0.666089	-0.695623	1.000000	0.037237	0.138994	-0.157023	-0.022973	0.017567	-0.095288	0.146910	
-0.202031	0.032809	-0.041415	0.056714	-0.027797	0.055326	-0.049917	-0.062498	0.063552	0.037237	1.000000	0.271824	0.345115	-0.979180	0.008958	-0.077533	-0.055084	
-0.038564	0.225717	0.354597	-0.041550	0.252215	-0.317005	0.069469	0.107046	-0.203351	0.138994	0.271824	1.000000	-0.785336	-0.104078	0.106678	-0.216281	0.095834	
-0.065732	-0.182922	-0.516934	0.079926	-0.331719	0.438590	-0.120706	-0.206714	0.335844	-0.157023	0.345115	-0.785336	1.000000	-0.499940	-0.148378	0.243881	-0.155113	
0.181658	-0.048689	0.097297	-0.051073	0.050552	-0.085786	0.052243	0.082973	-0.097666	-0.022973	-0.979180	-0.104078	-0.499940	1.000000	0.004273	0.050185	0.061194	
0.134649	-0.132990	0.305639	0.015491	0.155469	-0.198766	0.018299	0.174047	-0.240040	0.017567	0.008958	0.106678	-0.148378	0.004273	1.000000	-0.949521	0.770080	
-0.090704	0.094674	-0.510475	-0.001681	-0.266936	0.348891	-0.054268	-0.251990	0.369802	-0.095288	-0.077533	-0.216281	0.243881	0.050185	-0.949521	1.000000	-0.805438	
-0.216549	0.193077	0.218882	-0.012954	0.140279	-0.179465	0.039458	0.015002	-0.085924	0.146910	-0.055084	0.095834	-0.155113	0.061194	0.770080	-0.805438	1.000000	

Time taken for mcmc chain: 6.733333 minutes
