Number of steps: 1709084
Number of accepted steps: 483441
Burn-in number of steps: 60000
Accepted fraction of steps: 0.282866
Convergence Status
R[0]= 1.001950	R[1]= 1.000830	R[2]= 1.002062	R[3]= 1.002771	R[4]= 1.000818	R[5]= 1.000697	R[6]= 1.002690	R[7]= 1.001462	R[8]= 1.001962	R[9]= 1.001593	R[10]= 1.000996	R[11]= 1.000488	R[12]= 1.001374	R[13]= 1.001192	R[14]= 1.000912	R[15]= 1.001309	R[16]= 1.001382	
<R>= 1.001440

Mean parameters
A[0]= 0.982403 pm 0.054973
A[1]= 0.996560 pm 0.031436
A[2]= 0.224989 pm 0.132962
A[3]= 6.174758 pm 1.052311
A[4]= 8837.758601 pm 5087.392980
A[5]= -2430.192153 pm 1618.892217
A[6]= -81.335459 pm 305.909176
A[7]= 5820.580759 pm 8399.238751
A[8]= -2833.464719 pm 2788.239446
A[9]= -40.179040 pm 148.193410
A[10]= 6.510907 pm 1.726535
A[11]= 9514.361721 pm 5838.045421
A[12]= -2214.730109 pm 2012.475846
A[13]= -205.081230 pm 507.663325
A[14]= 2560.746392 pm 9861.915497
A[15]= -1802.942292 pm 3130.264749
A[16]= -147.738665 pm 187.246250

Best-fitting parameters
A[0]= 0.997251
A[1]= 0.997952
A[2]= 0.385424
A[3]= 6.694566
A[4]= 14628.870000
A[5]= -4244.118000
A[6]= -163.399300
A[7]= 13537.150000
A[8]= -6094.173000
A[9]= 31.100280
A[10]= 6.423200
A[11]= 14034.540000
A[12]= -4027.886000
A[13]= -144.020800
A[14]= 11050.320000
A[15]= -5154.650000
A[16]= -58.584780
chi2_min= 68.750520


Cross-Covariance parameters
1.000000	-0.414072	-0.105150	-0.139590	-0.067650	0.025441	0.086456	0.138274	-0.084533	-0.374208	-0.037392	-0.032462	0.023597	0.009986	0.100516	-0.074113	-0.312782	
-0.414072	1.000000	0.055474	-0.021433	0.252157	-0.238805	-0.003153	-0.156869	0.098611	0.313889	-0.202633	0.135261	-0.231402	0.174241	-0.137552	0.116894	0.254027	
-0.105150	0.055474	1.000000	-0.011114	0.595437	-0.734856	0.123934	0.511626	-0.689087	0.330115	-0.112607	0.423310	-0.584908	0.164717	0.354522	-0.541618	0.185861	
-0.139590	-0.021433	-0.011114	1.000000	0.276630	0.206083	-0.970140	0.078264	-0.128179	0.082724	0.061220	-0.006684	0.042738	-0.055080	-0.003432	-0.002159	0.049347	
-0.067650	0.252157	0.595437	0.276630	1.000000	-0.862807	-0.083992	0.282025	-0.420584	0.223745	-0.118532	0.291662	-0.408992	0.139749	0.205560	-0.319083	0.166870	
0.025441	-0.238805	-0.734856	0.206083	-0.862807	1.000000	-0.389567	-0.320184	0.457199	-0.229694	0.152689	-0.345016	0.496866	-0.179834	-0.255316	0.391202	-0.164209	
0.086456	-0.003153	0.123934	-0.970140	-0.083992	-0.389567	1.000000	-0.029328	0.056618	-0.049844	-0.060665	0.047810	-0.096128	0.063934	0.047834	-0.062814	-0.018417	
0.138274	-0.156869	0.511626	0.078264	0.282025	-0.320184	-0.029328	1.000000	-0.959311	0.703617	-0.030595	0.214535	-0.281727	0.058717	0.225400	-0.315972	0.017694	
-0.084533	0.098611	-0.689087	-0.128179	-0.420584	0.457199	0.056618	-0.959311	1.000000	-0.723323	0.057211	-0.291208	0.390612	-0.093362	-0.280751	0.406191	-0.071016	
-0.374208	0.313889	0.330115	0.082724	0.223745	-0.229694	-0.049844	0.703617	-0.723323	1.000000	-0.055328	0.161014	-0.219090	0.072602	0.057474	-0.119800	0.186267	
-0.037392	-0.202633	-0.112607	0.061220	-0.118532	0.152689	-0.060665	-0.030595	0.057211	-0.055328	1.000000	0.166896	0.463462	-0.982114	0.044947	-0.107624	-0.034856	
-0.032462	0.135261	0.423310	-0.006684	0.291662	-0.345016	0.047810	0.214535	-0.291208	0.161014	0.166896	1.000000	-0.771525	-0.014891	0.170091	-0.276772	0.109118	
0.023597	-0.231402	-0.584908	0.042738	-0.408992	0.496866	-0.096128	-0.281727	0.390612	-0.219090	0.463462	-0.771525	1.000000	-0.590980	-0.180018	0.264765	-0.141066	
0.009986	0.174241	0.164717	-0.055080	0.139749	-0.179834	0.063934	0.058717	-0.093362	0.072602	-0.982114	-0.014891	-0.590980	1.000000	-0.025741	0.077574	0.041212	
0.100516	-0.137552	0.354522	-0.003432	0.205560	-0.255316	0.047834	0.225400	-0.280751	0.057474	0.044947	0.170091	-0.180018	-0.025741	1.000000	-0.951714	0.728096	
-0.074113	0.116894	-0.541618	-0.002159	-0.319083	0.391202	-0.062814	-0.315972	0.406191	-0.119800	-0.107624	-0.276772	0.264765	0.077574	-0.951714	1.000000	-0.745546	
-0.312782	0.254027	0.185861	0.049347	0.166870	-0.164209	-0.018417	0.017694	-0.071016	0.186267	-0.034856	0.109118	-0.141066	0.041212	0.728096	-0.745546	1.000000	

Time taken for mcmc chain: 12.166667 minutes
