Number of steps: 8985678
Number of accepted steps: 2000004
Burn-in number of steps: 60000
Accepted fraction of steps: 0.222577
Convergence Status
R[0]= 1.000256	R[1]= 1.000293	R[2]= 1.038959	R[3]= 1.000257	R[4]= 1.015695	R[5]= 1.023216	R[6]= 1.001846	R[7]= 1.016353	R[8]= 1.025719	R[9]= 1.010973	R[10]= 1.000948	R[11]= 1.008110	R[12]= 1.017166	R[13]= 1.002462	R[14]= 1.005791	R[15]= 1.014085	R[16]= 1.002601	
<R>= 1.010866

Mean parameters
A[0]= 1.020285 pm 0.023077
A[1]= 0.990014 pm 0.018476
A[2]= 0.265883 pm 0.178211
A[3]= 3.722578 pm 0.490181
A[4]= 3488.780867 pm 3202.044609
A[5]= -1764.771895 pm 1133.990675
A[6]= 380.647980 pm 152.185646
A[7]= 2923.844848 pm 6401.540279
A[8]= -1762.709296 pm 2225.135221
A[9]= -125.922150 pm 99.436238
A[10]= 3.975035 pm 0.774278
A[11]= 3479.029152 pm 4303.138348
A[12]= -1702.522498 pm 1381.887106
A[13]= 292.553202 pm 232.250338
A[14]= 7692.336864 pm 7389.533390
A[15]= -2230.223769 pm 2395.096974
A[16]= -198.435856 pm 126.754529

Best-fitting parameters
A[0]= 1.017367
A[1]= 0.993252
A[2]= 0.391846
A[3]= 3.894859
A[4]= 5149.850000
A[5]= -2397.282000
A[6]= 351.365100
A[7]= 7777.410000
A[8]= -3636.645000
A[9]= -57.749730
A[10]= 3.720872
A[11]= 4830.647000
A[12]= -2411.262000
A[13]= 372.344500
A[14]= 12780.130000
A[15]= -4157.675000
A[16]= -111.274900
chi2_min= 46.142020


Cross-Covariance parameters
1.000000	-0.433379	-0.096603	0.089026	-0.030339	0.082073	-0.106008	0.151970	-0.081820	-0.084015	-0.087467	-0.069660	0.055372	0.066995	0.082340	-0.025922	-0.094788	
-0.433379	1.000000	0.044635	-0.087473	0.227150	-0.211195	0.085994	-0.133369	0.077842	0.107425	-0.060584	0.198054	-0.193438	0.059711	-0.100294	0.061047	0.093535	
-0.096603	0.044635	1.000000	-0.237305	0.615607	-0.813599	0.387597	0.602305	-0.773019	0.520350	-0.214924	0.462223	-0.704946	0.319152	0.377485	-0.605016	0.267637	
0.089026	-0.087473	-0.237305	1.000000	0.081094	0.283369	-0.953458	0.036679	-0.001404	-0.043841	0.050910	-0.121661	0.177462	-0.076829	-0.071149	0.129142	-0.064429	
-0.030339	0.227150	0.615607	0.081094	1.000000	-0.905036	0.192862	0.382436	-0.504223	0.338261	-0.159150	0.326700	-0.476264	0.219413	0.226615	-0.367681	0.181478	
0.082073	-0.211195	-0.813599	0.283369	-0.905036	1.000000	-0.527596	-0.448918	0.600132	-0.414733	0.194352	-0.411388	0.608236	-0.276760	-0.295773	0.483127	-0.230362	
-0.106008	0.085994	0.387597	-0.953458	0.192862	-0.527596	1.000000	0.058353	-0.123127	0.115850	-0.081626	0.188725	-0.280723	0.123069	0.129765	-0.221513	0.105391	
0.151970	-0.133369	0.602305	0.036679	0.382436	-0.448918	0.058353	1.000000	-0.962548	0.884206	-0.133934	0.268994	-0.417739	0.197392	0.269721	-0.397635	0.152346	
-0.081820	0.077842	-0.773019	-0.001404	-0.504223	0.600132	-0.123127	-0.962548	1.000000	-0.882869	0.171896	-0.350519	0.540777	-0.252767	-0.321625	0.490960	-0.200573	
-0.084015	0.107425	0.520350	-0.043841	0.338261	-0.414733	0.115850	0.884206	-0.882869	1.000000	-0.112257	0.262303	-0.384694	0.167913	0.193588	-0.314312	0.154474	
-0.087467	-0.060584	-0.214924	0.050910	-0.159150	0.194352	-0.081626	-0.133934	0.171896	-0.112257	1.000000	0.194300	0.253411	-0.961265	0.035336	-0.039494	-0.020882	
-0.069660	0.198054	0.462223	-0.121661	0.326700	-0.411388	0.188725	0.268994	-0.350519	0.262303	0.194300	1.000000	-0.870016	0.053135	0.146945	-0.284447	0.079969	
0.055372	-0.193438	-0.704946	0.177462	-0.476264	0.608236	-0.280723	-0.417739	0.540777	-0.384694	0.253411	-0.870016	1.000000	-0.481782	-0.201640	0.371852	-0.137363	
0.066995	0.059711	0.319152	-0.076829	0.219413	-0.276760	0.123069	0.197392	-0.252767	0.167913	-0.961265	0.053135	-0.481782	1.000000	-0.007674	-0.018453	0.026454	
0.082340	-0.100294	0.377485	-0.071149	0.226615	-0.295773	0.129765	0.269721	-0.321625	0.193588	0.035336	0.146945	-0.201640	-0.007674	1.000000	-0.945797	0.854650	
-0.025922	0.061047	-0.605016	0.129142	-0.367681	0.483127	-0.221513	-0.397635	0.490960	-0.314312	-0.039494	-0.284447	0.371852	-0.018453	-0.945797	1.000000	-0.857918	
-0.094788	0.093535	0.267637	-0.064429	0.181478	-0.230362	0.105391	0.152346	-0.200573	0.154474	-0.020882	0.079969	-0.137363	0.026454	0.854650	-0.857918	1.000000	

Time taken for mcmc chain: 2.352778 hours
