Number of steps: 2066600
Number of accepted steps: 314516
Burn-in number of steps: 60000
Accepted fraction of steps: 0.152190
Convergence Status
R[0]= 1.001084	R[1]= 1.002121	R[2]= 1.004719	R[3]= 1.004310	R[4]= 1.001853	R[5]= 1.004681	R[6]= 1.004843	R[7]= 1.001536	R[8]= 1.001245	R[9]= 1.000067	R[10]= 1.004224	R[11]= 1.001854	R[12]= 1.001676	R[13]= 1.004150	R[14]= 1.001732	R[15]= 1.002251	R[16]= 1.001039	
<R>= 1.002552

Mean parameters
A[0]= 0.937752 pm 0.073681
A[1]= 1.028197 pm 0.056414
A[2]= 0.262260 pm 0.178774
A[3]= 2.752856 pm 1.068538
A[4]= 2457.746611 pm 4745.432748
A[5]= -2903.999219 pm 1378.381441
A[6]= 838.624847 pm 304.249331
A[7]= 7718.832843 pm 7354.283756
A[8]= -3176.456947 pm 2249.443641
A[9]= 129.521514 pm 135.015687
A[10]= 5.899120 pm 1.736209
A[11]= 8314.880351 pm 6505.798070
A[12]= -2725.012240 pm 2260.737448
A[13]= -26.617483 pm 514.721264
A[14]= 8164.328544 pm 8740.362634
A[15]= -3598.517456 pm 2860.365015
A[16]= 73.451072 pm 182.693665

Best-fitting parameters
A[0]= 0.977749
A[1]= 1.018447
A[2]= 0.286859
A[3]= 3.036708
A[4]= 3185.076000
A[5]= -2860.427000
A[6]= 731.769500
A[7]= 13265.000000
A[8]= -4668.290000
A[9]= 158.706600
A[10]= 6.331529
A[11]= 12468.280000
A[12]= -3592.473000
A[13]= -125.425000
A[14]= 10986.940000
A[15]= -4799.305000
A[16]= 73.812210
chi2_min= 61.769410


Cross-Covariance parameters
1.000000	-0.436227	0.013229	-0.070159	-0.037423	0.003680	0.037400	0.149234	-0.146317	-0.250076	0.031920	0.014484	0.003588	-0.052654	0.159480	-0.170731	-0.409117	
-0.436227	1.000000	0.081919	-0.193161	0.153014	-0.260007	0.183049	-0.152910	0.129263	0.206001	-0.158893	0.294524	-0.329782	0.127221	-0.160752	0.119769	0.393795	
0.013229	0.081919	1.000000	-0.074009	0.425582	-0.598725	0.145179	0.324478	-0.479819	0.143138	-0.270705	0.436804	-0.664620	0.321435	0.359521	-0.560037	0.085689	
-0.070159	-0.193161	-0.074009	1.000000	0.347082	0.192607	-0.973639	0.095320	-0.172128	0.141115	0.085487	-0.089372	0.124167	-0.074534	-0.002776	0.017568	-0.024243	
-0.037423	0.153014	0.425582	0.347082	1.000000	-0.836063	-0.158779	0.130739	-0.256381	0.119489	-0.127640	0.225989	-0.323478	0.142744	0.128977	-0.219957	0.075368	
0.003680	-0.260007	-0.598725	0.192607	-0.836063	1.000000	-0.376332	-0.128770	0.237019	-0.065879	0.210352	-0.328833	0.476592	-0.227344	-0.177154	0.302559	-0.096927	
0.037400	0.183049	0.145179	-0.973639	-0.158779	-0.376332	1.000000	-0.081250	0.141791	-0.134813	-0.108969	0.107619	-0.163814	0.103863	0.025174	-0.051994	0.031549	
0.149234	-0.152910	0.324478	0.095320	0.130739	-0.128770	-0.081250	1.000000	-0.959530	0.749450	-0.026949	0.123081	-0.171618	0.047247	0.180889	-0.241435	-0.062240	
-0.146317	0.129263	-0.479819	-0.172128	-0.256381	0.237019	0.141791	-0.959530	1.000000	-0.778419	0.070558	-0.191680	0.275919	-0.097956	-0.228056	0.323145	0.040493	
-0.250076	0.206001	0.143138	0.141115	0.119489	-0.065879	-0.134813	0.749450	-0.778419	1.000000	-0.022916	0.104316	-0.120904	0.031352	0.011423	-0.045533	0.151447	
0.031920	-0.158893	-0.270705	0.085487	-0.127640	0.210352	-0.108969	-0.026949	0.070558	-0.022916	1.000000	0.129046	0.444637	-0.981470	-0.056413	-0.004236	-0.004713	
0.014484	0.294524	0.436804	-0.089372	0.225989	-0.328833	0.107619	0.123081	-0.191680	0.104316	0.129046	1.000000	-0.808508	0.006776	0.157306	-0.303645	0.152130	
0.003588	-0.329782	-0.664620	0.124167	-0.323478	0.476592	-0.163814	-0.171618	0.275919	-0.120904	0.444637	-0.808508	1.000000	-0.558840	-0.226323	0.353938	-0.136125	
-0.052654	0.127221	0.321435	-0.074534	0.142744	-0.227344	0.103863	0.047247	-0.097956	0.031352	-0.981470	0.006776	-0.558840	1.000000	0.080110	-0.031820	0.005736	
0.159480	-0.160752	0.359521	-0.002776	0.128977	-0.177154	0.025174	0.180889	-0.228056	0.011423	-0.056413	0.157306	-0.226323	0.080110	1.000000	-0.934086	0.549146	
-0.170731	0.119769	-0.560037	0.017568	-0.219957	0.302559	-0.051994	-0.241435	0.323145	-0.045533	-0.004236	-0.303645	0.353938	-0.031820	-0.934086	1.000000	-0.566433	
-0.409117	0.393795	0.085689	-0.024243	0.075368	-0.096927	0.031549	-0.062240	0.040493	0.151447	-0.004713	0.152130	-0.136125	0.005736	0.549146	-0.566433	1.000000	

Time taken for mcmc chain: 10.733333 minutes
