Number of steps: 3387685
Number of accepted steps: 1004000
Burn-in number of steps: 60000
Accepted fraction of steps: 0.296368
Convergence Status
R[0]= 1.002118	R[1]= 1.001128	R[2]= 1.004050	R[3]= 1.000529	R[4]= 1.000363	R[5]= 1.001581	R[6]= 1.000736	R[7]= 1.001211	R[8]= 1.002233	R[9]= 1.000598	R[10]= 1.000928	R[11]= 1.000186	R[12]= 1.000723	R[13]= 1.000991	R[14]= 1.000492	R[15]= 1.000483	R[16]= 1.000002	
<R>= 1.001079

Mean parameters
A[0]= 0.987144 pm 0.050734
A[1]= 0.976386 pm 0.024944
A[2]= 0.264102 pm 0.142511
A[3]= 7.782833 pm 1.098445
A[4]= 9688.325329 pm 5342.335819
A[5]= -1624.228567 pm 1852.302454
A[6]= -566.800204 pm 315.776301
A[7]= 2861.710626 pm 9752.459733
A[8]= -3126.339242 pm 3459.672269
A[9]= -79.407262 pm 156.340214
A[10]= 6.086918 pm 1.741609
A[11]= 9313.672273 pm 5789.332750
A[12]= -2653.946616 pm 1959.580339
A[13]= -44.842783 pm 511.044028
A[14]= 6131.300992 pm 9205.972627
A[15]= -4156.207660 pm 2949.071657
A[16]= 87.337305 pm 177.567942

Best-fitting parameters
A[0]= 0.990805
A[1]= 0.979692
A[2]= 0.396626
A[3]= 8.860979
A[4]= 15112.710000
A[5]= -2844.522000
A[6]= -853.809100
A[7]= 15246.210000
A[8]= -7939.115000
A[9]= 76.137560
A[10]= 7.009275
A[11]= 15287.380000
A[12]= -4239.504000
A[13]= -236.403700
A[14]= 18111.530000
A[15]= -8472.645000
A[16]= 227.055400
chi2_min= 48.359190


Cross-Covariance parameters
1.000000	-0.413224	0.018502	-0.107658	0.003542	-0.046833	0.061352	0.185684	-0.159613	-0.331291	-0.198444	-0.032889	-0.086863	0.175418	0.073489	-0.056865	-0.264644	
-0.413224	1.000000	-0.026467	-0.190044	0.139992	-0.177485	0.153588	-0.204330	0.167941	0.270758	0.105795	0.138587	-0.045729	-0.127359	-0.085766	0.060356	0.217930	
0.018502	-0.026467	1.000000	-0.059943	0.665006	-0.800862	0.184972	0.626721	-0.782266	0.404728	-0.196176	0.364198	-0.583446	0.240373	0.328500	-0.515372	0.147826	
-0.107658	-0.190044	-0.059943	1.000000	0.194322	0.254676	-0.969814	0.131984	-0.143475	0.049122	0.046363	-0.037861	0.063458	-0.036038	-0.003776	0.012853	-0.009163	
0.003542	0.139992	0.665006	0.194322	1.000000	-0.877083	0.003692	0.427834	-0.548995	0.291636	-0.110322	0.290847	-0.418936	0.135934	0.228119	-0.359811	0.122037	
-0.046833	-0.177485	-0.800862	0.254676	-0.877083	1.000000	-0.436074	-0.445445	0.576626	-0.313961	0.154319	-0.335683	0.502244	-0.181732	-0.263734	0.418553	-0.136888	
0.061352	0.153588	0.184972	-0.969814	0.003692	-0.436074	1.000000	-0.058630	0.048925	-0.000294	-0.061435	0.079528	-0.128560	0.059973	0.046407	-0.078544	0.033258	
0.185684	-0.204330	0.626721	0.131984	0.427834	-0.445445	-0.058630	1.000000	-0.963847	0.715053	-0.149529	0.226556	-0.383075	0.179005	0.242279	-0.355627	0.027138	
-0.159613	0.167941	-0.782266	-0.143475	-0.548995	0.576626	0.048925	-0.963847	1.000000	-0.709983	0.177128	-0.281099	0.469568	-0.212484	-0.283217	0.426867	-0.062221	
-0.331291	0.270758	0.404728	0.049122	0.291636	-0.313961	-0.000294	0.715053	-0.709983	1.000000	-0.009460	0.191523	-0.233972	0.030899	0.105506	-0.193119	0.165909	
-0.198444	0.105795	-0.196176	0.046363	-0.110322	0.154319	-0.061435	-0.149529	0.177128	-0.009460	1.000000	0.194185	0.452634	-0.982677	0.018069	-0.090960	-0.024740	
-0.032889	0.138587	0.364198	-0.037861	0.290847	-0.335683	0.079528	0.226556	-0.281099	0.191523	0.194185	1.000000	-0.762859	-0.039185	0.168271	-0.280895	0.094602	
-0.086863	-0.045729	-0.583446	0.063458	-0.418936	0.502244	-0.128560	-0.383075	0.469568	-0.233972	0.452634	-0.762859	1.000000	-0.584003	-0.190750	0.276205	-0.116156	
0.175418	-0.127359	0.240373	-0.036038	0.135934	-0.181732	0.059973	0.179005	-0.212484	0.030899	-0.982677	-0.039185	-0.584003	1.000000	-0.002123	0.063405	0.029618	
0.073489	-0.085766	0.328500	-0.003776	0.228119	-0.263734	0.046407	0.242279	-0.283217	0.105506	0.018069	0.168271	-0.190750	-0.002123	1.000000	-0.944694	0.748790	
-0.056865	0.060356	-0.515372	0.012853	-0.359811	0.418553	-0.078544	-0.355627	0.426867	-0.193119	-0.090960	-0.280895	0.276205	0.063405	-0.944694	1.000000	-0.762148	
-0.264644	0.217930	0.147826	-0.009163	0.122037	-0.136888	0.033258	0.027138	-0.062221	0.165909	-0.024740	0.094602	-0.116156	0.029618	0.748790	-0.762148	1.000000	

Time taken for mcmc chain: 38.816667 minutes
