Number of steps: 3894653
Number of accepted steps: 782000
Burn-in number of steps: 60000
Accepted fraction of steps: 0.200788
Convergence Status
R[0]= 1.001341	R[1]= 1.001975	R[2]= 1.005492	R[3]= 1.000792	R[4]= 1.001697	R[5]= 1.002305	R[6]= 1.000715	R[7]= 1.001510	R[8]= 1.002655	R[9]= 1.001189	R[10]= 1.001216	R[11]= 1.001289	R[12]= 1.001051	R[13]= 1.001189	R[14]= 1.000550	R[15]= 1.000689	R[16]= 1.000706	
<R>= 1.001551

Mean parameters
A[0]= 1.023173 pm 0.068283
A[1]= 0.995298 pm 0.033462
A[2]= 0.240407 pm 0.156631
A[3]= 5.896671 pm 1.052916
A[4]= 14100.776152 pm 3909.450368
A[5]= -4168.593550 pm 1425.184465
A[6]= 88.797603 pm 315.747041
A[7]= 3889.750117 pm 9023.376722
A[8]= -2244.407591 pm 3039.801836
A[9]= -156.576504 pm 152.683060
A[10]= 2.646952 pm 1.464139
A[11]= 402.437841 pm 5877.910968
A[12]= -2128.045964 pm 1712.487906
A[13]= 782.522706 pm 430.557250
A[14]= 7036.447940 pm 8611.128989
A[15]= -2792.954207 pm 2557.483431
A[16]= -11.320685 pm 168.330439

Best-fitting parameters
A[0]= 1.036835
A[1]= 0.989850
A[2]= 0.312992
A[3]= 7.178260
A[4]= 19580.640000
A[5]= -5012.203000
A[6]= -240.880000
A[7]= 10702.880000
A[8]= -4966.877000
A[9]= -106.495500
A[10]= 2.695405
A[11]= 2935.500000
A[12]= -2831.674000
A[13]= 802.954500
A[14]= 12960.910000
A[15]= -4662.453000
A[16]= 82.603490
chi2_min= 63.377740


Cross-Covariance parameters
1.000000	-0.395088	0.016077	-0.130099	0.030040	-0.083652	0.084342	0.220540	-0.183455	-0.325247	-0.083123	0.003380	-0.050241	0.073183	0.072727	-0.070949	-0.140852	
-0.395088	1.000000	-0.046353	-0.026357	0.205042	-0.153387	-0.020714	-0.212302	0.173260	0.262387	-0.152215	0.028687	-0.105093	0.133010	-0.082671	0.094572	0.145479	
0.016077	-0.046353	1.000000	-0.209471	0.448966	-0.719110	0.270985	0.528968	-0.703185	0.360103	-0.056059	0.209603	-0.334504	0.091862	0.165488	-0.306212	0.076632	
-0.130099	-0.026357	-0.209471	1.000000	0.187293	0.414654	-0.978722	0.024320	-0.026710	0.009011	0.059691	-0.034091	0.090203	-0.063148	-0.030223	0.058929	-0.000024	
0.030040	0.205042	0.448966	0.187293	1.000000	-0.776784	-0.047311	0.240939	-0.345590	0.176924	-0.079538	0.121573	-0.206013	0.091000	0.072770	-0.132891	0.059883	
-0.083652	-0.153387	-0.719110	0.414654	-0.776784	1.000000	-0.533766	-0.319260	0.446669	-0.231875	0.104686	-0.167256	0.293061	-0.125441	-0.115711	0.213855	-0.067262	
0.084342	-0.020714	0.270985	-0.978722	-0.047311	-0.533766	1.000000	0.001528	-0.011464	0.009203	-0.046608	0.046609	-0.101565	0.054991	0.041205	-0.079196	0.005305	
0.220540	-0.212302	0.528968	0.024320	0.240939	-0.319260	0.001528	1.000000	-0.960798	0.701432	-0.016553	0.098813	-0.159002	0.033463	0.117144	-0.189105	-0.001930	
-0.183455	0.173260	-0.703185	-0.026710	-0.345590	0.446669	-0.011464	-0.960798	1.000000	-0.717425	0.032677	-0.137066	0.221972	-0.055503	-0.140830	0.237253	-0.022455	
-0.325247	0.262387	0.360103	0.009011	0.176924	-0.231875	0.009203	0.701432	-0.717425	1.000000	-0.020788	0.067999	-0.114354	0.030513	0.033794	-0.083228	0.094683	
-0.083123	-0.152215	-0.056059	0.059691	-0.079538	0.104686	-0.046608	-0.016553	0.032677	-0.020788	1.000000	0.265705	0.321802	-0.974378	0.072295	-0.173693	-0.066343	
0.003380	0.028687	0.209603	-0.034091	0.121573	-0.167256	0.046609	0.098813	-0.137066	0.067999	0.265705	1.000000	-0.810054	-0.066744	0.075919	-0.153330	0.029746	
-0.050241	-0.105093	-0.334504	0.090203	-0.206013	0.293061	-0.101565	-0.159002	0.221972	-0.114354	0.321802	-0.810054	1.000000	-0.508989	-0.053667	0.087844	-0.073483	
0.073183	0.133010	0.091862	-0.063148	0.091000	-0.125441	0.054991	0.033463	-0.055503	0.030513	-0.974378	-0.066744	-0.508989	1.000000	-0.065327	0.156856	0.064734	
0.072727	-0.082671	0.165488	-0.030223	0.072770	-0.115711	0.041205	0.117144	-0.140830	0.033794	0.072295	0.075919	-0.053667	-0.065327	1.000000	-0.951917	0.787499	
-0.070949	0.094572	-0.306212	0.058929	-0.132891	0.213855	-0.079196	-0.189105	0.237253	-0.083228	-0.173693	-0.153330	0.087844	0.156856	-0.951917	1.000000	-0.835387	
-0.140852	0.145479	0.076632	-0.000024	0.059883	-0.067262	0.005305	-0.001930	-0.022455	0.094683	-0.066343	0.029746	-0.073483	0.064734	0.787499	-0.835387	1.000000	

Time taken for mcmc chain: 30.250000 minutes
