Number of steps: 6415732
Number of accepted steps: 1276000
Burn-in number of steps: 60000
Accepted fraction of steps: 0.198886
Convergence Status
R[0]= 1.000359	R[1]= 1.000831	R[2]= 1.007665	R[3]= 1.002150	R[4]= 1.001952	R[5]= 1.003603	R[6]= 1.002228	R[7]= 1.001944	R[8]= 1.003674	R[9]= 1.001372	R[10]= 1.001952	R[11]= 1.001167	R[12]= 1.001225	R[13]= 1.001754	R[14]= 1.000611	R[15]= 1.001487	R[16]= 1.000297	
<R>= 1.002016

Mean parameters
A[0]= 1.036294 pm 0.027656
A[1]= 1.007169 pm 0.017387
A[2]= 0.133918 pm 0.106194
A[3]= 4.253105 pm 0.495359
A[4]= 4185.205342 pm 2895.694354
A[5]= -1406.497457 pm 944.162650
A[6]= 205.892528 pm 152.561611
A[7]= 9868.635563 pm 5286.660765
A[8]= -3181.676600 pm 1648.812788
A[9]= -0.616933 pm 84.518503
A[10]= 4.136081 pm 0.766074
A[11]= -1746.379162 pm 4174.080911
A[12]= 215.771187 pm 1149.895816
A[13]= 117.340890 pm 228.726741
A[14]= -2817.167402 pm 7984.801690
A[15]= 90.449378 pm 2339.458764
A[16]= -171.087533 pm 134.617049

Best-fitting parameters
A[0]= 1.040526
A[1]= 1.016358
A[2]= 0.081818
A[3]= 4.627850
A[4]= 3751.280000
A[5]= -925.410100
A[6]= 73.495050
A[7]= 10498.980000
A[8]= -3167.935000
A[9]= 14.751260
A[10]= 4.651667
A[11]= -786.257400
A[12]= 450.016800
A[13]= -34.521910
A[14]= -4646.783000
A[15]= 702.458900
A[16]= -184.177200
chi2_min= 53.530010


Cross-Covariance parameters
1.000000	-0.385276	-0.041238	-0.112323	0.064563	-0.074666	0.095532	0.279416	-0.205448	-0.093787	0.137209	0.106905	-0.023282	-0.136233	0.207278	-0.176226	-0.031711	
-0.385276	1.000000	0.060173	-0.105413	0.272284	-0.269307	0.108341	-0.205765	0.139899	0.130653	0.075307	0.250579	-0.205973	-0.065404	-0.131404	0.093863	0.056111	
-0.041238	0.060173	1.000000	-0.210565	0.476138	-0.685088	0.313976	0.412327	-0.616313	0.316865	-0.068828	0.328526	-0.526930	0.137512	0.289194	-0.449027	0.208785	
-0.112323	-0.105413	-0.210565	1.000000	0.089645	0.339802	-0.961417	0.006773	0.020061	-0.028040	-0.026645	-0.132411	0.149509	0.009759	-0.084117	0.117873	-0.055086	
0.064563	0.272284	0.476138	0.089645	1.000000	-0.880862	0.150125	0.179457	-0.292313	0.142541	0.023016	0.255361	-0.314056	0.011244	0.136720	-0.215714	0.107991	
-0.074666	-0.269307	-0.685088	0.339802	-0.880862	1.000000	-0.553181	-0.231710	0.378763	-0.193078	-0.010478	-0.324604	0.424005	-0.038509	-0.204271	0.316151	-0.153950	
0.095532	0.108341	0.313976	-0.961417	0.150125	-0.553181	1.000000	0.026124	-0.077401	0.045572	0.016744	0.161821	-0.200942	0.006787	0.112641	-0.162798	0.076845	
0.279416	-0.205765	0.412327	0.006773	0.179457	-0.231710	0.026124	1.000000	-0.959154	0.807262	-0.010432	0.133905	-0.207265	0.039499	0.192594	-0.247038	0.070899	
-0.205448	0.139899	-0.616313	0.020061	-0.292313	0.378763	-0.077401	-0.959154	1.000000	-0.833944	0.029095	-0.201731	0.317868	-0.072100	-0.233950	0.323547	-0.115568	
-0.093787	0.130653	0.316865	-0.028040	0.142541	-0.193078	0.045572	0.807262	-0.833944	1.000000	-0.026050	0.120864	-0.185655	0.049191	0.065175	-0.118400	0.066245	
0.137209	0.075307	-0.068828	-0.026645	0.023016	-0.010478	0.016744	-0.010432	0.029095	-0.026050	1.000000	0.350317	0.152985	-0.964300	0.078733	-0.097073	0.008476	
0.106905	0.250579	0.328526	-0.132411	0.255361	-0.324604	0.161821	0.133905	-0.201731	0.120864	0.350317	1.000000	-0.848229	-0.122189	0.063841	-0.133775	0.010348	
-0.023282	-0.205973	-0.526930	0.149509	-0.314056	0.424005	-0.200942	-0.207265	0.317868	-0.185655	0.152985	-0.848229	1.000000	-0.382165	-0.076343	0.164065	-0.042066	
-0.136233	-0.065404	0.137512	0.009759	0.011244	-0.038509	0.006787	0.039499	-0.072100	0.049191	-0.964300	-0.122189	-0.382165	1.000000	-0.075717	0.080846	-0.017997	
0.207278	-0.131404	0.289194	-0.084117	0.136720	-0.204271	0.112641	0.192594	-0.233950	0.065175	0.078733	0.063841	-0.076343	-0.075717	1.000000	-0.969707	0.864641	
-0.176226	0.093863	-0.449027	0.117873	-0.215714	0.316151	-0.162798	-0.247038	0.323547	-0.118400	-0.097073	-0.133775	0.164065	0.080846	-0.969707	1.000000	-0.898189	
-0.031711	0.056111	0.208785	-0.055086	0.107991	-0.153950	0.076845	0.070899	-0.115568	0.066245	0.008476	0.010348	-0.042066	-0.017997	0.864641	-0.898189	1.000000	

Time taken for mcmc chain: 1.116944 hours
