Number of steps: 8191058
Number of accepted steps: 2000004
Burn-in number of steps: 60000
Accepted fraction of steps: 0.244169
Convergence Status
R[0]= 1.000704	R[1]= 1.001475	R[2]= 1.007674	R[3]= 1.000587	R[4]= 1.002468	R[5]= 1.003062	R[6]= 1.000492	R[7]= 1.002372	R[8]= 1.003743	R[9]= 1.001507	R[10]= 1.000084	R[11]= 1.001562	R[12]= 1.002819	R[13]= 1.000253	R[14]= 1.000259	R[15]= 1.000938	R[16]= 1.000083	
<R>= 1.001770

Mean parameters
A[0]= 1.011966 pm 0.021991
A[1]= 0.994906 pm 0.013807
A[2]= 0.130189 pm 0.093760
A[3]= 5.263790 pm 0.492483
A[4]= 2902.486477 pm 2951.586691
A[5]= -282.002182 pm 975.228295
A[6]= -107.688829 pm 151.360320
A[7]= 7505.859142 pm 5681.032349
A[8]= -2443.447555 pm 1799.057125
A[9]= -72.006420 pm 89.017901
A[10]= 4.449232 pm 0.770718
A[11]= -3338.071387 pm 3897.078086
A[12]= 770.032647 pm 1148.027151
A[13]= 18.866328 pm 230.231299
A[14]= 9315.032011 pm 6651.776074
A[15]= -2746.131464 pm 1948.886762
A[16]= -53.931570 pm 119.292691

Best-fitting parameters
A[0]= 1.023808
A[1]= 0.986723
A[2]= 0.035501
A[3]= 5.641076
A[4]= 2324.520000
A[5]= 329.225200
A[6]= -217.769300
A[7]= 7216.660000
A[8]= -1762.143000
A[9]= -112.824100
A[10]= 4.373939
A[11]= -5659.033000
A[12]= 1503.550000
A[13]= 13.181510
A[14]= 7654.634000
A[15]= -1892.440000
A[16]= -89.021510
chi2_min= 78.778570


Cross-Covariance parameters
1.000000	-0.418053	-0.081262	0.041664	0.047553	0.003540	-0.058943	0.239229	-0.163626	-0.114274	-0.116890	-0.012673	-0.023707	0.099500	0.102269	-0.062050	-0.113973	
-0.418053	1.000000	0.042263	-0.093205	0.231631	-0.226021	0.089976	-0.181316	0.123340	0.135006	0.019822	0.182985	-0.153969	-0.017972	-0.095076	0.066848	0.095479	
-0.081262	0.042263	1.000000	-0.172063	0.536424	-0.719627	0.288213	0.494622	-0.672070	0.373654	-0.135269	0.320956	-0.515363	0.197760	0.244015	-0.416317	0.132016	
0.041664	-0.093205	-0.172063	1.000000	0.089580	0.321146	-0.959358	0.034586	-0.008800	-0.026881	0.023108	-0.071211	0.103557	-0.034956	-0.031310	0.061550	-0.026021	
0.047553	0.231631	0.536424	0.089580	1.000000	-0.889734	0.158352	0.258590	-0.364869	0.194496	-0.093230	0.227457	-0.330801	0.123602	0.125526	-0.217844	0.074159	
0.003540	-0.226021	-0.719627	0.321146	-0.889734	1.000000	-0.541816	-0.305210	0.440341	-0.247236	0.112623	-0.279359	0.417800	-0.155511	-0.166862	0.291149	-0.099346	
-0.058943	0.089976	0.288213	-0.959358	0.158352	-0.541816	1.000000	0.015500	-0.064354	0.055651	-0.037869	0.106266	-0.160762	0.057029	0.059034	-0.109160	0.040934	
0.239229	-0.181316	0.494622	0.034586	0.258590	-0.305210	0.015500	1.000000	-0.965565	0.824670	-0.096257	0.144757	-0.254791	0.123826	0.154311	-0.231342	0.023706	
-0.163626	0.123340	-0.672070	-0.008800	-0.364869	0.440341	-0.064354	-0.965565	1.000000	-0.842967	0.114493	-0.205964	0.347487	-0.153826	-0.189545	0.299046	-0.056534	
-0.114274	0.135006	0.373654	-0.026881	0.194496	-0.247236	0.055651	0.824670	-0.842967	1.000000	-0.041034	0.136805	-0.202049	0.064536	0.068016	-0.135708	0.055077	
-0.116890	0.019822	-0.135269	0.023108	-0.093230	0.112623	-0.037869	-0.096257	0.114493	-0.041034	1.000000	0.220890	0.295510	-0.964999	0.010859	-0.026445	-0.004001	
-0.012673	0.182985	0.320956	-0.071211	0.227457	-0.279359	0.106266	0.144757	-0.205964	0.136805	0.220890	1.000000	-0.843553	0.011461	0.021099	-0.091472	-0.024395	
-0.023707	-0.153969	-0.515363	0.103557	-0.330801	0.417800	-0.160762	-0.254791	0.347487	-0.202049	0.295510	-0.843553	1.000000	-0.512623	-0.053006	0.137361	0.001479	
0.099500	-0.017972	0.197760	-0.034956	0.123602	-0.155511	0.057029	0.123826	-0.153826	0.064536	-0.964999	0.011461	-0.512623	1.000000	-0.013747	0.016555	-0.011203	
0.102269	-0.095076	0.244015	-0.031310	0.125526	-0.166862	0.059034	0.154311	-0.189545	0.068016	0.010859	0.021099	-0.053006	-0.013747	1.000000	-0.961445	0.835353	
-0.062050	0.066848	-0.416317	0.061550	-0.217844	0.291149	-0.109160	-0.231342	0.299046	-0.135708	-0.026445	-0.091472	0.137361	0.016555	-0.961445	1.000000	-0.881543	
-0.113973	0.095479	0.132016	-0.026021	0.074159	-0.099346	0.040934	0.023706	-0.056534	0.055077	-0.004001	-0.024395	0.001479	-0.011203	0.835353	-0.881543	1.000000	

Time taken for mcmc chain: 2.196667 hours
