Number of steps: 9584359
Number of accepted steps: 2000004
Burn-in number of steps: 60000
Accepted fraction of steps: 0.208674
Convergence Status
R[0]= 1.000272	R[1]= 1.000821	R[2]= 1.015101	R[3]= 1.000567	R[4]= 1.006981	R[5]= 1.010294	R[6]= 1.001666	R[7]= 1.006986	R[8]= 1.010684	R[9]= 1.004252	R[10]= 1.000725	R[11]= 1.003641	R[12]= 1.005304	R[13]= 1.000663	R[14]= 1.000987	R[15]= 1.002592	R[16]= 1.000159	
<R>= 1.004217

Mean parameters
A[0]= 1.012230 pm 0.024305
A[1]= 1.007139 pm 0.017706
A[2]= 0.194387 pm 0.137767
A[3]= 4.604046 pm 0.491961
A[4]= 3802.408956 pm 3256.957586
A[5]= -1195.898600 pm 1140.656908
A[6]= 109.235378 pm 153.965288
A[7]= 6871.418223 pm 6156.961045
A[8]= -2455.010409 pm 2085.285638
A[9]= -65.876305 pm 93.592483
A[10]= 3.395086 pm 0.746399
A[11]= 3714.981061 pm 4104.039792
A[12]= -1926.984822 pm 1171.319736
A[13]= 456.366393 pm 221.928411
A[14]= 7563.257986 pm 7173.092187
A[15]= -2009.985963 pm 2147.705917
A[16]= -122.527057 pm 125.406430

Best-fitting parameters
A[0]= 1.008088
A[1]= 1.021119
A[2]= 0.067582
A[3]= 4.737507
A[4]= 1583.079000
A[5]= -231.783000
A[6]= 28.303730
A[7]= 958.492200
A[8]= -234.711900
A[9]= -135.982000
A[10]= 3.568094
A[11]= 3171.990000
A[12]= -1387.613000
A[13]= 379.971700
A[14]= 5456.326000
A[15]= -1076.597000
A[16]= -128.301100
chi2_min= 49.592100


Cross-Covariance parameters
1.000000	-0.428033	-0.065852	-0.007937	-0.002464	0.025747	-0.015723	0.224008	-0.142600	-0.097163	-0.019307	-0.007573	0.016226	0.008273	0.102418	-0.070375	-0.073342	
-0.428033	1.000000	0.040231	-0.081363	0.269622	-0.239167	0.085279	-0.199752	0.126700	0.118223	0.046096	0.210421	-0.177158	-0.037048	-0.095335	0.061954	0.074756	
-0.065852	0.040231	1.000000	-0.247478	0.612842	-0.802823	0.393175	0.585607	-0.760486	0.472192	-0.084808	0.362904	-0.566786	0.164836	0.281039	-0.467606	0.173580	
-0.007937	-0.081363	-0.247478	1.000000	0.049001	0.318575	-0.955016	-0.034742	0.067168	-0.061018	0.015614	-0.111060	0.156905	-0.035740	-0.067903	0.115584	-0.047319	
-0.002464	0.269622	0.612842	0.049001	1.000000	-0.905612	0.214569	0.343075	-0.469158	0.303065	-0.041449	0.290591	-0.403207	0.091800	0.156701	-0.276417	0.115951	
0.025747	-0.239167	-0.802823	0.318575	-0.905612	1.000000	-0.552314	-0.424693	0.576994	-0.371759	0.058509	-0.347807	0.501010	-0.123779	-0.212072	0.366522	-0.147761	
-0.015723	0.085279	0.393175	-0.955016	0.214569	-0.552314	1.000000	0.117608	-0.179337	0.122176	-0.028311	0.161827	-0.237845	0.060144	0.106284	-0.181560	0.072308	
0.224008	-0.199752	0.585607	-0.034742	0.343075	-0.424693	0.117608	1.000000	-0.962378	0.841444	-0.061180	0.191666	-0.316613	0.105753	0.207874	-0.308404	0.081599	
-0.142600	0.126700	-0.760486	0.067168	-0.469158	0.576994	-0.179337	-0.962378	1.000000	-0.849956	0.072368	-0.262715	0.421240	-0.131563	-0.245077	0.380843	-0.117982	
-0.097163	0.118223	0.472192	-0.061018	0.303065	-0.371759	0.122176	0.841444	-0.849956	1.000000	-0.033845	0.190362	-0.281144	0.071818	0.123562	-0.213974	0.092938	
-0.019307	0.046096	-0.084808	0.015614	-0.041449	0.058509	-0.028311	-0.061180	0.072368	-0.033845	1.000000	0.307510	0.164758	-0.961601	0.038902	-0.078091	0.014403	
-0.007573	0.210421	0.362904	-0.111060	0.290591	-0.347807	0.161827	0.191666	-0.262715	0.190362	0.307510	1.000000	-0.862201	-0.064501	0.046485	-0.144184	0.005770	
0.016226	-0.177158	-0.566786	0.156905	-0.403207	0.501010	-0.237845	-0.316613	0.421240	-0.281144	0.164758	-0.862201	1.000000	-0.403556	-0.082004	0.193201	-0.031460	
0.008273	-0.037048	0.164836	-0.035740	0.091800	-0.123779	0.060144	0.105753	-0.131563	0.071818	-0.961601	-0.064501	-0.403556	1.000000	-0.036032	0.055814	-0.024502	
0.102418	-0.095335	0.281039	-0.067903	0.156701	-0.212072	0.106284	0.207874	-0.245077	0.123562	0.038902	0.046485	-0.082004	-0.036032	1.000000	-0.959511	0.859448	
-0.070375	0.061954	-0.467606	0.115584	-0.276417	0.366522	-0.181560	-0.308404	0.380843	-0.213974	-0.078091	-0.144184	0.193201	0.055814	-0.959511	1.000000	-0.887463	
-0.073342	0.074756	0.173580	-0.047319	0.115951	-0.147761	0.072308	0.081599	-0.117982	0.092938	0.014403	0.005770	-0.031460	-0.024502	0.859448	-0.887463	1.000000	

Time taken for mcmc chain: 2.348333 hours
