Number of steps: 4049078
Number of accepted steps: 759000
Burn-in number of steps: 60000
Accepted fraction of steps: 0.187450
Convergence Status
R[0]= 1.000357	R[1]= 1.000683	R[2]= 1.000864	R[3]= 1.000174	R[4]= 1.000127	R[5]= 1.000252	R[6]= 1.000175	R[7]= 1.000238	R[8]= 1.000245	R[9]= 1.000491	R[10]= 1.004430	R[11]= 1.000275	R[12]= 1.001023	R[13]= 1.004390	R[14]= 1.000925	R[15]= 1.000713	R[16]= 1.001403	
<R>= 1.000986

Mean parameters
A[0]= 1.023014 pm 0.067482
A[1]= 0.955141 pm 0.028884
A[2]= 0.358786 pm 0.187822
A[3]= 4.329924 pm 1.089622
A[4]= 6365.178777 pm 5011.707967
A[5]= -3080.644478 pm 1550.879203
A[6]= 423.674207 pm 311.217176
A[7]= 6067.224381 pm 8365.132553
A[8]= -3251.397789 pm 2889.082577
A[9]= -71.033764 pm 141.493102
A[10]= 8.005784 pm 1.799689
A[11]= 11227.163514 pm 5837.724360
A[12]= -2045.362656 pm 2365.609097
A[13]= -603.692527 pm 525.394698
A[14]= 2641.036154 pm 10507.187502
A[15]= -3228.297030 pm 3915.487960
A[16]= -300.735104 pm 194.083575

Best-fitting parameters
A[0]= 1.045088
A[1]= 0.954314
A[2]= 0.565206
A[3]= 4.724550
A[4]= 11934.390000
A[5]= -4808.453000
A[6]= 367.179600
A[7]= 10594.750000
A[8]= -5804.778000
A[9]= -47.687210
A[10]= 9.245617
A[11]= 19742.930000
A[12]= -4575.874000
A[13]= -885.466600
A[14]= 17163.020000
A[15]= -9491.755000
A[16]= -237.604500
chi2_min= 50.442960


Cross-Covariance parameters
1.000000	-0.403991	0.157741	-0.082483	0.049737	-0.110683	0.058229	0.191261	-0.208124	-0.200980	-0.174820	0.054768	-0.162174	0.147990	0.188693	-0.215883	-0.317591	
-0.403991	1.000000	-0.007068	0.007144	0.160731	-0.142952	-0.024568	-0.105997	0.076459	0.215725	-0.148723	0.125043	-0.156039	0.110177	-0.148912	0.130373	0.317609	
0.157741	-0.007068	1.000000	-0.092076	0.513366	-0.717488	0.186793	0.461560	-0.647714	0.300664	-0.295473	0.520340	-0.757977	0.349606	0.497296	-0.716029	0.290989	
-0.082483	0.007144	-0.092076	1.000000	0.338464	0.155937	-0.972191	0.216361	-0.261815	0.039903	0.078776	-0.015556	0.070011	-0.077924	-0.020144	0.043939	-0.012657	
0.049737	0.160731	0.513366	0.338464	1.000000	-0.854418	-0.141111	0.315428	-0.454551	0.171274	-0.176805	0.315447	-0.437789	0.197146	0.259307	-0.370480	0.188655	
-0.110683	-0.142952	-0.717488	0.155937	-0.854418	1.000000	-0.346672	-0.293752	0.442251	-0.205933	0.257655	-0.402357	0.588000	-0.287226	-0.350251	0.507430	-0.240326	
0.058229	-0.024568	0.186793	-0.972191	-0.141111	-0.346672	1.000000	-0.172799	0.196022	-0.014588	-0.095200	0.062757	-0.135314	0.103156	0.070043	-0.113430	0.050104	
0.191261	-0.105997	0.461560	0.216361	0.315428	-0.293752	-0.172799	1.000000	-0.952228	0.772123	-0.123130	0.258261	-0.357299	0.147969	0.271552	-0.365865	0.061981	
-0.208124	0.076459	-0.647714	-0.261815	-0.454551	0.442251	0.196022	-0.952228	1.000000	-0.752037	0.182500	-0.354873	0.500454	-0.216019	-0.355562	0.493272	-0.127737	
-0.200980	0.215725	0.300664	0.039903	0.171274	-0.205933	-0.014588	0.772123	-0.752037	1.000000	-0.081743	0.186791	-0.244723	0.099638	0.104248	-0.175706	0.192219	
-0.174820	-0.148723	-0.295473	0.078776	-0.176805	0.257655	-0.095200	-0.123130	0.182500	-0.081743	1.000000	0.044177	0.520958	-0.983484	0.036093	-0.036106	-0.133616	
0.054768	0.125043	0.520340	-0.015556	0.315447	-0.402357	0.062757	0.258261	-0.354873	0.186791	0.044177	1.000000	-0.794992	0.091846	0.328215	-0.458990	0.185124	
-0.162174	-0.156039	-0.757977	0.070011	-0.437789	0.588000	-0.135314	-0.357299	0.500454	-0.244723	0.520958	-0.794992	1.000000	-0.625448	-0.345350	0.494435	-0.266802	
0.147990	0.110177	0.349606	-0.077924	0.197146	-0.287226	0.103156	0.147969	-0.216019	0.099638	-0.983484	0.091846	-0.625448	1.000000	-0.003045	-0.008899	0.148903	
0.188693	-0.148912	0.497296	-0.020144	0.259307	-0.350251	0.070043	0.271552	-0.355562	0.104248	0.036093	0.328215	-0.345350	-0.003045	1.000000	-0.934083	0.653035	
-0.215883	0.130373	-0.716029	0.043939	-0.370480	0.507430	-0.113430	-0.365865	0.493272	-0.175706	-0.036106	-0.458990	0.494435	-0.008899	-0.934083	1.000000	-0.624033	
-0.317591	0.317609	0.290989	-0.012657	0.188655	-0.240326	0.050104	0.061981	-0.127737	0.192219	-0.133616	0.185124	-0.266802	0.148903	0.653035	-0.624033	1.000000	

Time taken for mcmc chain: 30.283333 minutes
