Number of steps: 2237441
Number of accepted steps: 445453
Burn-in number of steps: 60000
Accepted fraction of steps: 0.199090
Convergence Status
R[0]= 1.005429	R[1]= 1.000606	R[2]= 1.001851	R[3]= 1.000267	R[4]= 1.000574	R[5]= 1.001168	R[6]= 1.000343	R[7]= 1.002355	R[8]= 1.002236	R[9]= 1.000346	R[10]= 1.005293	R[11]= 1.004170	R[12]= 1.000789	R[13]= 1.004427	R[14]= 1.001666	R[15]= 1.002105	R[16]= 1.003697	
<R>= 1.002195

Mean parameters
A[0]= 1.041857 pm 0.078689
A[1]= 0.999262 pm 0.028923
A[2]= 0.293585 pm 0.184324
A[3]= 5.293095 pm 1.032737
A[4]= 2586.257233 pm 5613.814852
A[5]= -1823.537907 pm 1805.097676
A[6]= 94.984238 pm 299.439362
A[7]= 5828.207218 pm 8510.361618
A[8]= -3543.707767 pm 3067.503415
A[9]= -62.885178 pm 150.384288
A[10]= 5.078969 pm 1.627507
A[11]= 146.548797 pm 6683.139018
A[12]= -895.447103 pm 2165.829279
A[13]= 65.343221 pm 484.063529
A[14]= 7715.683677 pm 8668.745906
A[15]= -4225.210341 pm 2921.023327
A[16]= 6.076293 pm 173.967223

Best-fitting parameters
A[0]= 1.047949
A[1]= 0.977398
A[2]= 0.484829
A[3]= 5.986314
A[4]= 6637.646000
A[5]= -3066.434000
A[6]= -47.361810
A[7]= 15795.340000
A[8]= -7741.533000
A[9]= 33.787020
A[10]= 6.033576
A[11]= 7103.193000
A[12]= -2691.408000
A[13]= -130.645600
A[14]= 19343.700000
A[15]= -9066.312000
A[16]= 137.509100
chi2_min= 65.757040


Cross-Covariance parameters
1.000000	-0.433462	0.015752	-0.193748	-0.018514	-0.058153	0.130229	0.202018	-0.171152	-0.347971	-0.014145	0.047258	-0.048238	-0.010654	0.131898	-0.146228	-0.300850	
-0.433462	1.000000	0.077744	0.026590	0.243783	-0.220863	-0.013731	-0.127021	0.060420	0.306671	-0.196114	0.095571	-0.191066	0.186374	-0.103380	0.088745	0.273934	
0.015752	0.077744	1.000000	-0.058298	0.606539	-0.791178	0.196087	0.511535	-0.727407	0.363553	-0.207879	0.420929	-0.650338	0.282430	0.301641	-0.544309	0.178086	
-0.193748	0.026590	-0.058298	1.000000	0.333958	0.102947	-0.964107	0.104192	-0.145957	0.098105	0.017117	-0.035528	0.047405	-0.015344	-0.028787	0.047532	0.030908	
-0.018514	0.243783	0.606539	0.333958	1.000000	-0.881312	-0.113076	0.328731	-0.500224	0.239980	-0.169785	0.291276	-0.448578	0.212426	0.179097	-0.320302	0.135403	
-0.058153	-0.220863	-0.791178	0.102947	-0.881312	1.000000	-0.319080	-0.373935	0.561228	-0.262589	0.203757	-0.367827	0.564406	-0.258333	-0.238124	0.427090	-0.149738	
0.130229	-0.013731	0.196087	-0.964107	-0.113076	-0.319080	1.000000	-0.049224	0.055043	-0.039988	-0.041492	0.090980	-0.133501	0.053451	0.065895	-0.116283	0.006832	
0.202018	-0.127021	0.511535	0.104192	0.328731	-0.373935	-0.049224	1.000000	-0.942447	0.704588	-0.056553	0.241241	-0.330369	0.095792	0.196189	-0.319593	0.003118	
-0.171152	0.060420	-0.727407	-0.145957	-0.500224	0.561228	0.055043	-0.942447	1.000000	-0.705168	0.117184	-0.324762	0.472187	-0.170740	-0.249261	0.426682	-0.062158	
-0.347971	0.306671	0.363553	0.098105	0.239980	-0.262589	-0.039988	0.704588	-0.705168	1.000000	-0.082810	0.156958	-0.242525	0.115794	0.051919	-0.135908	0.182746	
-0.014145	-0.196114	-0.207879	0.017117	-0.169785	0.203757	-0.041492	-0.056553	0.117184	-0.082810	1.000000	0.226730	0.328997	-0.976289	0.059789	-0.129167	-0.120806	
0.047258	0.095571	0.420929	-0.035528	0.291276	-0.367827	0.090980	0.241241	-0.324762	0.156958	0.226730	1.000000	-0.822765	-0.038904	0.205800	-0.364401	0.084237	
-0.048238	-0.191066	-0.650338	0.047405	-0.448578	0.564406	-0.133501	-0.330369	0.472187	-0.242525	0.328997	-0.822765	1.000000	-0.499457	-0.208605	0.361750	-0.164456	
-0.010654	0.186374	0.282430	-0.015344	0.212426	-0.258333	0.053451	0.095792	-0.170740	0.115794	-0.976289	-0.038904	-0.499457	1.000000	-0.031399	0.076708	0.136270	
0.131898	-0.103380	0.301641	-0.028787	0.179097	-0.238124	0.065895	0.196189	-0.249261	0.051919	0.059789	0.205800	-0.208605	-0.031399	1.000000	-0.921155	0.691866	
-0.146228	0.088745	-0.544309	0.047532	-0.320302	0.427090	-0.116283	-0.319593	0.426682	-0.135908	-0.129167	-0.364401	0.361750	0.076708	-0.921155	1.000000	-0.687094	
-0.300850	0.273934	0.178086	0.030908	0.135403	-0.149738	0.006832	0.003118	-0.062158	0.182746	-0.120806	0.084237	-0.164456	0.136270	0.691866	-0.687094	1.000000	

Time taken for mcmc chain: 13.233333 minutes
