Number of steps: 4690428
Number of accepted steps: 1447000
Burn-in number of steps: 60000
Accepted fraction of steps: 0.308501
Convergence Status
R[0]= 1.000628	R[1]= 1.002251	R[2]= 1.001005	R[3]= 1.001834	R[4]= 1.001808	R[5]= 1.001492	R[6]= 1.001633	R[7]= 1.000679	R[8]= 1.000757	R[9]= 1.000535	R[10]= 1.000684	R[11]= 1.000167	R[12]= 1.000452	R[13]= 1.000479	R[14]= 1.001516	R[15]= 1.001638	R[16]= 1.000249	
<R>= 1.001048

Mean parameters
A[0]= 0.904666 pm 0.087760
A[1]= 1.061075 pm 0.036600
A[2]= 0.150298 pm 0.101333
A[3]= 5.465019 pm 1.109680
A[4]= 5674.224619 pm 4826.194318
A[5]= -1975.800601 pm 1477.077762
A[6]= 75.783187 pm 316.219090
A[7]= 4284.214791 pm 8534.817950
A[8]= -2474.282638 pm 2502.540632
A[9]= 195.704791 pm 161.657857
A[10]= 9.149237 pm 1.673422
A[11]= 8097.715109 pm 6534.126388
A[12]= 68.581306 pm 2166.335213
A[13]= -998.625397 pm 488.299625
A[14]= 614.556213 pm 10390.567810
A[15]= -1786.683048 pm 3170.523213
A[16]= 208.289040 pm 246.388274

Best-fitting parameters
A[0]= 0.941515
A[1]= 1.044881
A[2]= 0.030956
A[3]= 5.537603
A[4]= 3886.295000
A[5]= -1222.519000
A[6]= 37.147560
A[7]= 2935.942000
A[8]= -1541.352000
A[9]= 139.125600
A[10]= 9.607481
A[11]= 4719.334000
A[12]= 1926.339000
A[13]= -1200.494000
A[14]= -9091.481000
A[15]= 1597.670000
A[16]= 15.083460
chi2_min= 51.456200


Cross-Covariance parameters
1.000000	-0.513702	-0.179733	-0.193104	0.005869	-0.061343	0.088294	0.299510	-0.244124	-0.516824	-0.219653	-0.005478	-0.064191	0.106222	0.255212	-0.194342	-0.677256	
-0.513702	1.000000	0.126052	-0.161533	0.161309	-0.255967	0.192288	-0.260437	0.223664	0.312589	0.020098	0.277508	-0.241571	0.004735	-0.248268	0.196648	0.459270	
-0.179733	0.126052	1.000000	-0.018702	0.484732	-0.606025	0.115562	0.358249	-0.492102	0.258898	-0.020860	0.486590	-0.595498	0.101218	0.367650	-0.535468	0.208790	
-0.193104	-0.161533	-0.018702	1.000000	0.260434	0.295869	-0.969679	-0.073058	0.011798	0.232522	0.076991	-0.115848	0.134377	-0.047496	-0.027126	0.026926	0.086471	
0.005869	0.161309	0.484732	0.260434	1.000000	-0.828098	-0.082945	0.139856	-0.229669	0.109323	-0.041016	0.314102	-0.365297	0.062978	0.186518	-0.264270	0.055191	
-0.061343	-0.255967	-0.606025	0.295869	-0.828098	1.000000	-0.462679	-0.218967	0.289735	-0.027686	0.077447	-0.417744	0.490362	-0.096419	-0.236056	0.333444	-0.048676	
0.088294	0.192288	0.115562	-0.969679	-0.082945	-0.462679	1.000000	0.069569	-0.025326	-0.171933	-0.055205	0.148242	-0.169089	0.044660	0.039675	-0.057352	-0.010751	
0.299510	-0.260437	0.358249	-0.073058	0.139856	-0.218967	0.069569	1.000000	-0.973013	0.495906	-0.069582	0.167315	-0.235562	0.066541	0.283520	-0.323877	-0.184751	
-0.244124	0.223664	-0.492102	0.011798	-0.229669	0.289735	-0.025326	-0.973013	1.000000	-0.565367	0.067010	-0.229393	0.310670	-0.077640	-0.318629	0.385447	0.134330	
-0.516824	0.312589	0.258898	0.232522	0.109323	-0.027686	-0.171933	0.495906	-0.565367	1.000000	0.104071	0.102358	-0.084033	-0.035627	-0.064495	0.004330	0.379742	
-0.219653	0.020098	-0.020860	0.076991	-0.041016	0.077447	-0.055205	-0.069582	0.067010	0.104071	1.000000	0.170625	0.399402	-0.973328	-0.143853	0.073908	0.250424	
-0.005478	0.277508	0.486590	-0.115848	0.314102	-0.417744	0.148242	0.167315	-0.229393	0.102358	0.170625	1.000000	-0.813012	-0.025446	0.153371	-0.254343	0.123234	
-0.064191	-0.241571	-0.595498	0.134377	-0.365297	0.490362	-0.169089	-0.235562	0.310670	-0.084033	0.399402	-0.813012	1.000000	-0.529072	-0.269739	0.346919	-0.015372	
0.106222	0.004735	0.101218	-0.047496	0.062978	-0.096419	0.044660	0.066541	-0.077640	-0.035627	-0.973328	-0.025446	-0.529072	1.000000	0.144909	-0.090832	-0.171197	
0.255212	-0.248268	0.367650	-0.027126	0.186518	-0.236056	0.039675	0.283520	-0.318629	-0.064495	-0.143853	0.153371	-0.269739	0.144909	1.000000	-0.960326	0.328951	
-0.194342	0.196648	-0.535468	0.026926	-0.264270	0.333444	-0.057352	-0.323877	0.385447	0.004330	0.073908	-0.254343	0.346919	-0.090832	-0.960326	1.000000	-0.404061	
-0.677256	0.459270	0.208790	0.086471	0.055191	-0.048676	-0.010751	-0.184751	0.134330	0.379742	0.250424	0.123234	-0.015372	-0.171197	0.328951	-0.404061	1.000000	

Time taken for mcmc chain: 1.247778 hours
