Number of steps: 4603158
Number of accepted steps: 1162676
Burn-in number of steps: 60000
Accepted fraction of steps: 0.252582
Convergence Status
R[0]= 1.001204	R[1]= 1.000744	R[2]= 1.002949	R[3]= 1.002030	R[4]= 1.000567	R[5]= 1.001724	R[6]= 1.002255	R[7]= 1.000963	R[8]= 1.001491	R[9]= 1.000403	R[10]= 1.000179	R[11]= 1.000872	R[12]= 1.001059	R[13]= 1.000130	R[14]= 1.000468	R[15]= 1.001278	R[16]= 1.000249	
<R>= 1.001092

Mean parameters
A[0]= 1.018500 pm 0.056985
A[1]= 1.001679 pm 0.027147
A[2]= 0.357699 pm 0.164226
A[3]= 6.825964 pm 1.084570
A[4]= 4229.755531 pm 5916.217773
A[5]= -1175.703491 pm 2025.459325
A[6]= -409.399096 pm 317.782349
A[7]= 11926.684643 pm 6653.919703
A[8]= -5731.520825 pm 2647.032066
A[9]= 5.272032 pm 131.338899
A[10]= 5.424098 pm 1.593861
A[11]= 5213.903778 pm 6861.711443
A[12]= -1956.175416 pm 2004.698666
A[13]= -14.316190 pm 463.018367
A[14]= -5518.153405 pm 9400.492056
A[15]= -1485.241948 pm 3285.218605
A[16]= -148.836471 pm 178.087145

Best-fitting parameters
A[0]= 1.031188
A[1]= 0.996678
A[2]= 0.368495
A[3]= 7.253062
A[4]= 5183.669000
A[5]= -1159.870000
A[6]= -543.464100
A[7]= 15946.890000
A[8]= -6934.075000
A[9]= 20.865090
A[10]= 5.190289
A[11]= 3018.750000
A[12]= -1580.688000
A[13]= 37.982740
A[14]= -12939.950000
A[15]= 765.796300
A[16]= -317.359000
chi2_min= 55.360740


Cross-Covariance parameters
1.000000	-0.400585	0.023588	-0.185575	-0.066593	-0.009264	0.129049	0.139165	-0.115669	-0.431002	-0.087584	-0.021626	-0.028660	0.064513	0.081919	-0.092446	-0.241049	
-0.400585	1.000000	0.103746	-0.109995	0.270246	-0.288257	0.110893	-0.102833	0.024870	0.407143	0.084025	0.230348	-0.202080	-0.084383	-0.041343	-0.012516	0.222947	
0.023588	0.103746	1.000000	-0.218596	0.626251	-0.830427	0.361147	0.483859	-0.757951	0.272631	0.034118	0.467098	-0.636308	0.041671	0.377865	-0.601113	0.226895	
-0.185575	-0.109995	-0.218596	1.000000	0.232251	0.201507	-0.965556	0.059659	-0.068075	0.007108	0.019615	-0.113158	0.165544	-0.027365	-0.071773	0.130376	-0.024318	
-0.066593	0.270246	0.626251	0.232251	1.000000	-0.886924	-0.009579	0.334103	-0.559163	0.233686	0.052783	0.343868	-0.430521	-0.006344	0.231701	-0.373427	0.179374	
-0.009264	-0.288257	-0.830427	0.201507	-0.886924	1.000000	-0.410212	-0.371483	0.622188	-0.256549	-0.044958	-0.434314	0.564426	-0.014218	-0.306391	0.496616	-0.212182	
0.129049	0.110893	0.361147	-0.965556	-0.009579	-0.410212	1.000000	0.007921	-0.046362	0.040429	-0.010328	0.174711	-0.248853	0.031294	0.125000	-0.212819	0.066456	
0.139165	-0.102833	0.483859	0.059659	0.334103	-0.371483	0.007921	1.000000	-0.907489	0.614390	0.018357	0.218840	-0.297376	0.018379	0.195071	-0.296627	0.045372	
-0.115669	0.024870	-0.757951	-0.068075	-0.559163	0.622188	-0.046362	-0.907489	1.000000	-0.594134	-0.029283	-0.352209	0.477047	-0.027963	-0.297756	0.463253	-0.127431	
-0.431002	0.407143	0.272631	0.007108	0.233686	-0.256549	0.040429	0.614390	-0.594134	1.000000	0.065759	0.186719	-0.200933	-0.038522	0.046740	-0.114905	0.181913	
-0.087584	0.084025	0.034118	0.019615	0.052783	-0.044958	-0.010328	0.018357	-0.029283	0.065759	1.000000	0.395853	0.106125	-0.976194	0.179138	-0.307456	0.055682	
-0.021626	0.230348	0.467098	-0.113158	0.343868	-0.434314	0.174711	0.218840	-0.352209	0.186719	0.395853	1.000000	-0.846100	-0.214593	0.253497	-0.413310	0.167086	
-0.028660	-0.202080	-0.636308	0.165544	-0.430521	0.564426	-0.248853	-0.297376	0.477047	-0.200933	0.106125	-0.846100	1.000000	-0.289032	-0.240378	0.379269	-0.181131	
0.064513	-0.084383	0.041671	-0.027365	-0.006344	-0.014218	0.031294	0.018379	-0.027963	-0.038522	-0.976194	-0.214593	-0.289032	1.000000	-0.146532	0.255873	-0.035415	
0.081919	-0.041343	0.377865	-0.071773	0.231701	-0.306391	0.125000	0.195071	-0.297756	0.046740	0.179138	0.253497	-0.240378	-0.146532	1.000000	-0.929675	0.768642	
-0.092446	-0.012516	-0.601113	0.130376	-0.373427	0.496616	-0.212819	-0.296627	0.463253	-0.114905	-0.307456	-0.413310	0.379269	0.255873	-0.929675	1.000000	-0.756336	
-0.241049	0.222947	0.226895	-0.024318	0.179374	-0.212182	0.066456	0.045372	-0.127431	0.181913	0.055682	0.167086	-0.181131	-0.035415	0.768642	-0.756336	1.000000	

Time taken for mcmc chain: 52.283333 minutes
