Number of steps: 9211021
Number of accepted steps: 2000004
Burn-in number of steps: 60000
Accepted fraction of steps: 0.217132
Convergence Status
R[0]= 1.000390	R[1]= 1.001460	R[2]= 1.014245	R[3]= 1.001346	R[4]= 1.007065	R[5]= 1.010769	R[6]= 1.003427	R[7]= 1.007056	R[8]= 1.010174	R[9]= 1.006521	R[10]= 1.005918	R[11]= 1.001295	R[12]= 1.005198	R[13]= 1.006310	R[14]= 1.002032	R[15]= 1.003400	R[16]= 1.000845	
<R>= 1.005144

Mean parameters
A[0]= 0.979629 pm 0.027035
A[1]= 0.994104 pm 0.017424
A[2]= 0.374523 pm 0.223612
A[3]= 3.654259 pm 0.481332
A[4]= 5831.381137 pm 3734.003557
A[5]= -2651.626566 pm 1379.965902
A[6]= 450.662827 pm 150.763859
A[7]= 6294.143348 pm 6859.077468
A[8]= -2733.591682 pm 2563.984078
A[9]= -80.296169 pm 102.710344
A[10]= 3.291609 pm 0.788769
A[11]= 531.511081 pm 4322.785827
A[12]= -1426.666260 pm 1424.513723
A[13]= 439.347153 pm 236.618671
A[14]= 4238.651035 pm 8145.911396
A[15]= -2030.076025 pm 2636.888586
A[16]= -130.789700 pm 136.032785

Best-fitting parameters
A[0]= 0.977828
A[1]= 0.999953
A[2]= 0.447994
A[3]= 3.825773
A[4]= 6984.730000
A[5]= -3007.676000
A[6]= 406.904600
A[7]= 8535.470000
A[8]= -3591.449000
A[9]= -65.493190
A[10]= 3.291937
A[11]= 1647.793000
A[12]= -1991.717000
A[13]= 462.937300
A[14]= 6420.023000
A[15]= -2999.426000
A[16]= -85.351310
chi2_min= 71.359960


Cross-Covariance parameters
1.000000	-0.422581	-0.056136	-0.043665	-0.057799	0.055800	0.001667	0.078223	-0.034576	-0.132589	0.037696	-0.023437	0.050625	-0.056545	0.059366	-0.040358	-0.086256	
-0.422581	1.000000	0.041736	-0.035163	0.194968	-0.168034	0.046655	-0.088419	0.040028	0.123673	-0.105934	0.133011	-0.152098	0.104896	-0.080244	0.059641	0.065472	
-0.056136	0.041736	1.000000	-0.232471	0.732534	-0.880878	0.439750	0.703603	-0.845763	0.584727	-0.356690	0.443131	-0.728402	0.452010	0.420391	-0.605312	0.294173	
-0.043665	-0.035163	-0.232471	1.000000	0.054818	0.235864	-0.939755	-0.013804	0.030492	-0.022784	0.093105	-0.104266	0.172972	-0.113833	-0.089881	0.133562	-0.060795	
-0.057799	0.194968	0.732534	0.054818	1.000000	-0.935486	0.263837	0.532961	-0.653042	0.455149	-0.271868	0.353497	-0.560299	0.340663	0.301305	-0.437707	0.223061	
0.055800	-0.168034	-0.880878	0.235864	-0.935486	1.000000	-0.523849	-0.601602	0.736739	-0.511654	0.325213	-0.411253	0.661897	-0.408073	-0.362465	0.526234	-0.263279	
0.001667	0.046655	0.439750	-0.939755	0.263837	-0.523849	1.000000	0.166725	-0.218625	0.147137	-0.165008	0.195529	-0.322941	0.206090	0.176269	-0.258203	0.123683	
0.078223	-0.088419	0.703603	-0.013804	0.532961	-0.601602	0.166725	1.000000	-0.964699	0.893938	-0.233709	0.313387	-0.508885	0.301116	0.327711	-0.454023	0.204771	
-0.034576	0.040028	-0.845763	0.030492	-0.653042	0.736739	-0.218625	-0.964699	1.000000	-0.877481	0.292496	-0.375456	0.613898	-0.373117	-0.376154	0.529720	-0.246933	
-0.132589	0.123673	0.584727	-0.022784	0.455149	-0.511654	0.147137	0.893938	-0.877481	1.000000	-0.214492	0.273185	-0.439815	0.271639	0.244181	-0.351365	0.186116	
0.037696	-0.105934	-0.356690	0.093105	-0.271868	0.325213	-0.165008	-0.233709	0.292496	-0.214492	1.000000	0.166404	0.282021	-0.961726	-0.009584	0.005577	-0.019396	
-0.023437	0.133011	0.443131	-0.104266	0.353497	-0.411253	0.195529	0.313387	-0.375456	0.273185	0.166404	1.000000	-0.870135	0.082801	0.189995	-0.313931	0.107543	
0.050625	-0.152098	-0.728402	0.172972	-0.560299	0.661897	-0.322941	-0.508885	0.613898	-0.439815	0.282021	-0.870135	1.000000	-0.507207	-0.268694	0.417609	-0.170105	
-0.056545	0.104896	0.452010	-0.113833	0.340663	-0.408073	0.206090	0.301116	-0.373117	0.271639	-0.961726	0.082801	-0.507207	1.000000	0.044642	-0.067514	0.033255	
0.059366	-0.080244	0.420391	-0.089881	0.301305	-0.362465	0.176269	0.327711	-0.376154	0.244181	-0.009584	0.189995	-0.268694	0.044642	1.000000	-0.956508	0.879901	
-0.040358	0.059641	-0.605312	0.133562	-0.437707	0.526234	-0.258203	-0.454023	0.529720	-0.351365	0.005577	-0.313931	0.417609	-0.067514	-0.956508	1.000000	-0.875206	
-0.086256	0.065472	0.294173	-0.060795	0.223061	-0.263279	0.123683	0.204771	-0.246933	0.186116	-0.019396	0.107543	-0.170105	0.033255	0.879901	-0.875206	1.000000	

Time taken for mcmc chain: 2.328889 hours
