Number of steps: 8121312
Number of accepted steps: 2000004
Burn-in number of steps: 60000
Accepted fraction of steps: 0.246266
Convergence Status
R[0]= 1.000183	R[1]= 1.000080	R[2]= 1.009375	R[3]= 1.000940	R[4]= 1.005930	R[5]= 1.006940	R[6]= 1.001057	R[7]= 1.004111	R[8]= 1.005983	R[9]= 1.002165	R[10]= 1.000900	R[11]= 1.002669	R[12]= 1.005221	R[13]= 1.001452	R[14]= 1.001843	R[15]= 1.003834	R[16]= 1.000440	
<R>= 1.003125

Mean parameters
A[0]= 0.963403 pm 0.019443
A[1]= 1.006473 pm 0.014676
A[2]= 0.253412 pm 0.154195
A[3]= 4.737806 pm 0.491010
A[4]= 4082.208108 pm 3607.734133
A[5]= -1443.307472 pm 1286.240447
A[6]= 112.730682 pm 151.845840
A[7]= -4527.426467 pm 6882.000474
A[8]= 212.231287 pm 2419.598558
A[9]= -193.113399 pm 102.875008
A[10]= 4.332524 pm 0.774744
A[11]= -2858.265570 pm 4287.296897
A[12]= 62.260700 pm 1391.189006
A[13]= 110.269691 pm 233.479331
A[14]= 9236.454487 pm 6913.056491
A[15]= -3635.570969 pm 2203.831207
A[16]= 25.758811 pm 119.343127

Best-fitting parameters
A[0]= 0.966276
A[1]= 1.003526
A[2]= 0.281234
A[3]= 4.588358
A[4]= 4659.904000
A[5]= -1693.064000
A[6]= 159.649100
A[7]= -6578.046000
A[8]= 666.868100
A[9]= -234.109700
A[10]= 4.311181
A[11]= -961.997900
A[12]= -495.218700
A[13]= 139.028900
A[14]= 11084.410000
A[15]= -4110.200000
A[16]= 24.700760
chi2_min= 68.058110


Cross-Covariance parameters
1.000000	-0.418809	-0.165004	-0.107646	-0.156530	0.139215	0.041311	-0.005994	0.060630	-0.207366	0.156540	-0.059054	0.146528	-0.181677	0.022412	0.014370	-0.123422	
-0.418809	1.000000	0.102416	-0.013600	0.275433	-0.238595	0.038544	-0.066312	0.007611	0.151576	-0.136522	0.185731	-0.221165	0.141999	-0.064949	0.027691	0.097182	
-0.165004	0.102416	1.000000	-0.173957	0.719770	-0.858942	0.362862	0.701399	-0.828882	0.556673	-0.272861	0.478898	-0.720540	0.370440	0.380011	-0.590195	0.195239	
-0.107646	-0.013600	-0.173957	1.000000	0.070596	0.240381	-0.946244	-0.025704	0.028270	0.018110	0.040394	-0.090275	0.127116	-0.054349	-0.072754	0.109603	-0.022762	
-0.156530	0.275433	0.719770	0.070596	1.000000	-0.930290	0.226845	0.488243	-0.598970	0.418448	-0.209620	0.376174	-0.548147	0.277988	0.261677	-0.415331	0.158849	
0.139215	-0.238595	-0.858942	0.240381	-0.930290	1.000000	-0.509358	-0.567385	0.686663	-0.463140	0.242918	-0.435520	0.640682	-0.324436	-0.318117	0.500561	-0.178194	
0.041311	0.038544	0.362862	-0.946244	0.226845	-0.509358	1.000000	0.154993	-0.186671	0.086103	-0.093383	0.177196	-0.261097	0.125846	0.143639	-0.220012	0.064005	
-0.005994	-0.066312	0.701399	-0.025704	0.488243	-0.567385	0.154993	1.000000	-0.972348	0.888204	-0.171115	0.318418	-0.483772	0.238339	0.288858	-0.433619	0.127508	
0.060630	0.007611	-0.828882	0.028270	-0.598970	0.686663	-0.186671	-0.972348	1.000000	-0.879342	0.212521	-0.384949	0.582509	-0.292572	-0.328558	0.501319	-0.154603	
-0.207366	0.151576	0.556673	0.018110	0.418448	-0.463140	0.086103	0.888204	-0.879342	1.000000	-0.167894	0.268863	-0.408856	0.222098	0.196967	-0.315763	0.124014	
0.156540	-0.136522	-0.272861	0.040394	-0.209620	0.242918	-0.093383	-0.171115	0.212521	-0.167894	1.000000	0.156046	0.295179	-0.961909	-0.029851	0.022905	-0.005718	
-0.059054	0.185731	0.478898	-0.090275	0.376174	-0.435520	0.177196	0.318418	-0.384949	0.268863	0.156046	1.000000	-0.871458	0.090531	0.134813	-0.269391	0.045784	
0.146528	-0.221165	-0.720540	0.127116	-0.548147	0.640682	-0.261097	-0.483772	0.582509	-0.408856	0.295179	-0.871458	1.000000	-0.517487	-0.209235	0.366859	-0.082757	
-0.181677	0.141999	0.370440	-0.054349	0.277988	-0.324436	0.125846	0.238339	-0.292572	0.222098	-0.961909	0.090531	-0.517487	1.000000	0.051452	-0.072098	0.003989	
0.022412	-0.064949	0.380011	-0.072754	0.261677	-0.318117	0.143639	0.288858	-0.328558	0.196967	-0.029851	0.134813	-0.209235	0.051452	1.000000	-0.948854	0.837986	
0.014370	0.027691	-0.590195	0.109603	-0.415331	0.500561	-0.220012	-0.433619	0.501319	-0.315763	0.022905	-0.269391	0.366859	-0.072098	-0.948854	1.000000	-0.839972	
-0.123422	0.097182	0.195239	-0.022762	0.158849	-0.178194	0.064005	0.127508	-0.154603	0.124014	-0.005718	0.045784	-0.082757	0.003989	0.837986	-0.839972	1.000000	

Time taken for mcmc chain: 2.259444 hours
