Number of steps: 9269440
Number of accepted steps: 2000004
Burn-in number of steps: 60000
Accepted fraction of steps: 0.215763
Convergence Status
R[0]= 1.000170	R[1]= 1.000288	R[2]= 1.007361	R[3]= 1.000588	R[4]= 1.002903	R[5]= 1.004123	R[6]= 1.000784	R[7]= 1.002577	R[8]= 1.004044	R[9]= 1.001111	R[10]= 1.000261	R[11]= 1.000759	R[12]= 1.001747	R[13]= 1.000245	R[14]= 1.002149	R[15]= 1.003222	R[16]= 1.000715	
<R>= 1.001944

Mean parameters
A[0]= 0.950080 pm 0.022653
A[1]= 1.037146 pm 0.017861
A[2]= 0.217278 pm 0.154138
A[3]= 4.449904 pm 0.495469
A[4]= 4155.842485 pm 3533.361518
A[5]= -1456.723191 pm 1250.509690
A[6]= 154.299979 pm 155.186899
A[7]= -3690.065709 pm 6879.255343
A[8]= 4.022468 pm 2344.805387
A[9]= -113.590487 pm 100.875929
A[10]= 3.325212 pm 0.742478
A[11]= -691.104165 pm 4209.322619
A[12]= -960.256357 pm 1238.503401
A[13]= 420.959378 pm 220.326289
A[14]= 3833.459866 pm 7911.845660
A[15]= -1882.720503 pm 2373.756985
A[16]= 0.897471 pm 134.508418

Best-fitting parameters
A[0]= 0.950950
A[1]= 1.041891
A[2]= 0.153708
A[3]= 4.501196
A[4]= 3187.858000
A[5]= -1026.894000
A[6]= 127.160200
A[7]= -7637.870000
A[8]= 1294.252000
A[9]= -155.439400
A[10]= 3.096565
A[11]= -3835.498000
A[12]= -179.649600
A[13]= 440.641900
A[14]= 1066.402000
A[15]= -939.024400
A[16]= -37.801950
chi2_min= 34.853520


Cross-Covariance parameters
1.000000	-0.448550	-0.107079	-0.047883	-0.107464	0.100062	-0.004690	0.073469	-0.021934	-0.184552	0.001712	-0.061900	0.081245	-0.027724	0.034763	-0.009165	-0.104113	
-0.448550	1.000000	0.042394	-0.001256	0.286130	-0.226632	0.026158	-0.171224	0.106645	0.103418	-0.075684	0.158987	-0.176721	0.081470	-0.094100	0.072079	0.055500	
-0.107079	0.042394	1.000000	-0.243925	0.670440	-0.841489	0.411158	0.687301	-0.813539	0.525581	-0.147218	0.409097	-0.632330	0.239250	0.361450	-0.518546	0.206412	
-0.047883	-0.001256	-0.243925	1.000000	0.065387	0.278171	-0.950736	-0.110652	0.113463	-0.003483	0.055102	-0.092144	0.154541	-0.073919	-0.096887	0.132981	-0.046725	
-0.107464	0.286130	0.670440	0.065387	1.000000	-0.917962	0.216646	0.415302	-0.526932	0.369532	-0.118108	0.322163	-0.472542	0.180075	0.218498	-0.327531	0.146185	
0.100062	-0.226632	-0.841489	0.278171	-0.917962	1.000000	-0.530467	-0.530421	0.650003	-0.422404	0.143200	-0.378411	0.568781	-0.220069	-0.288201	0.422794	-0.178848	
-0.004690	0.026158	0.411158	-0.950736	0.216646	-0.530467	1.000000	0.216671	-0.246790	0.092589	-0.078184	0.164135	-0.262823	0.113520	0.154359	-0.217300	0.084545	
0.073469	-0.171224	0.687301	-0.110652	0.415302	-0.530421	0.216671	1.000000	-0.973597	0.864246	-0.094807	0.254307	-0.408556	0.155907	0.279952	-0.382764	0.132332	
-0.021934	0.106645	-0.813539	0.113463	-0.526932	0.650003	-0.246790	-0.973597	1.000000	-0.862674	0.115556	-0.313364	0.495791	-0.188645	-0.316350	0.440714	-0.161082	
-0.184552	0.103418	0.525581	-0.003483	0.369532	-0.422404	0.092589	0.864246	-0.862674	1.000000	-0.081700	0.216325	-0.335656	0.130818	0.184050	-0.266728	0.123122	
0.001712	-0.075684	-0.147218	0.055102	-0.118108	0.143200	-0.078184	-0.094807	0.115556	-0.081700	1.000000	0.286408	0.171007	-0.959285	-0.026934	-0.010174	0.050939	
-0.061900	0.158987	0.409097	-0.092144	0.322163	-0.378411	0.164135	0.254307	-0.313364	0.216325	0.286408	1.000000	-0.869618	-0.033801	0.075856	-0.172143	0.038284	
0.081245	-0.176721	-0.632330	0.154541	-0.472542	0.568781	-0.262823	-0.408556	0.495791	-0.335656	0.171007	-0.869618	1.000000	-0.415277	-0.154705	0.260479	-0.055071	
-0.027724	0.081470	0.239250	-0.073919	0.180075	-0.220069	0.113520	0.155907	-0.188645	0.130818	-0.959285	-0.033801	-0.415277	1.000000	0.036645	-0.019303	-0.055478	
0.034763	-0.094100	0.361450	-0.096887	0.218498	-0.288201	0.154359	0.279952	-0.316350	0.184050	-0.026934	0.075856	-0.154705	0.036645	1.000000	-0.967310	0.872944	
-0.009165	0.072079	-0.518546	0.132981	-0.327531	0.422794	-0.217300	-0.382764	0.440714	-0.266728	-0.010174	-0.172143	0.260479	-0.019303	-0.967310	1.000000	-0.892945	
-0.104113	0.055500	0.206412	-0.046725	0.146185	-0.178848	0.084545	0.132332	-0.161082	0.123122	0.050939	0.038284	-0.055071	-0.055478	0.872944	-0.892945	1.000000	

Time taken for mcmc chain: 2.439444 hours
