Number of steps: 3978171
Number of accepted steps: 631000
Burn-in number of steps: 60000
Accepted fraction of steps: 0.158616
Convergence Status
R[0]= 1.003930	R[1]= 1.001573	R[2]= 1.000234	R[3]= 1.001280	R[4]= 1.001736	R[5]= 1.000866	R[6]= 1.001116	R[7]= 1.001470	R[8]= 1.000892	R[9]= 1.001575	R[10]= 1.003985	R[11]= 1.000536	R[12]= 1.000610	R[13]= 1.003509	R[14]= 1.000385	R[15]= 1.000453	R[16]= 1.002479	
<R>= 1.001566

Mean parameters
A[0]= 1.000400 pm 0.067148
A[1]= 0.963069 pm 0.057902
A[2]= 0.223003 pm 0.141970
A[3]= 4.849088 pm 1.114108
A[4]= 10727.720393 pm 4617.252404
A[5]= -3748.118986 pm 1531.115184
A[6]= 377.745219 pm 318.257065
A[7]= 7341.497664 pm 7843.869005
A[8]= -3354.942769 pm 2491.413628
A[9]= -10.507520 pm 150.566649
A[10]= 6.581673 pm 1.799763
A[11]= 8050.804158 pm 6361.065449
A[12]= -2212.383024 pm 2221.757818
A[13]= -160.634491 pm 518.405525
A[14]= -697.587014 pm 10092.019062
A[15]= -1384.986738 pm 3233.388210
A[16]= -184.009818 pm 206.562481

Best-fitting parameters
A[0]= 0.995788
A[1]= 0.966539
A[2]= 0.197141
A[3]= 5.267440
A[4]= 11149.470000
A[5]= -3533.143000
A[6]= 251.224300
A[7]= 10751.590000
A[8]= -4059.396000
A[9]= 29.885950
A[10]= 7.331076
A[11]= 6795.981000
A[12]= -1225.533000
A[13]= -423.585800
A[14]= -2893.617000
A[15]= -545.522400
A[16]= -248.948900
chi2_min= 57.079690


Cross-Covariance parameters
1.000000	-0.455471	-0.044508	0.027978	-0.076129	0.086069	-0.043777	0.218463	-0.175976	-0.369393	-0.036675	-0.063077	0.037287	0.032285	0.160728	-0.122314	-0.410066	
-0.455471	1.000000	0.072010	-0.217596	0.368561	-0.409506	0.140068	-0.213434	0.140126	0.443147	-0.173988	0.322605	-0.347458	0.104949	-0.211418	0.141201	0.427477	
-0.044508	0.072010	1.000000	-0.116038	0.471381	-0.624648	0.182922	0.394751	-0.585398	0.254501	-0.136968	0.434145	-0.578253	0.185559	0.368385	-0.559609	0.212098	
0.027978	-0.217596	-0.116038	1.000000	0.130012	0.401479	-0.973229	0.126798	-0.147430	-0.100867	0.076132	-0.093006	0.130240	-0.060879	0.010269	0.021745	-0.085971	
-0.076129	0.368561	0.471381	0.130012	1.000000	-0.834778	0.000025	0.132107	-0.268050	0.222674	-0.109340	0.338423	-0.397218	0.104810	0.113568	-0.224905	0.216027	
0.086069	-0.409506	-0.624648	0.401479	-0.834778	1.000000	-0.516133	-0.121955	0.258546	-0.274150	0.150151	-0.396297	0.489715	-0.149185	-0.157050	0.297943	-0.255479	
-0.043777	0.140068	0.182922	-0.973229	0.000025	-0.516133	1.000000	-0.094783	0.105612	0.079702	-0.064989	0.092975	-0.136819	0.061847	0.029534	-0.069839	0.080834	
0.218463	-0.213434	0.394751	0.126798	0.132107	-0.121955	-0.094783	1.000000	-0.956298	0.596019	-0.022836	0.129448	-0.180412	0.053892	0.224273	-0.283971	-0.050901	
-0.175976	0.140126	-0.585398	-0.147430	-0.268050	0.258546	0.105612	-0.956298	1.000000	-0.640201	0.055381	-0.227973	0.306024	-0.091672	-0.277758	0.379015	-0.017620	
-0.369393	0.443147	0.254501	-0.100867	0.222674	-0.274150	0.079702	0.596019	-0.640201	1.000000	-0.069134	0.222571	-0.249271	0.056381	-0.018908	-0.055775	0.275829	
-0.036675	-0.173988	-0.136968	0.076132	-0.109340	0.150151	-0.064989	-0.022836	0.055381	-0.069134	1.000000	0.085858	0.495128	-0.979613	0.094480	-0.130808	-0.132537	
-0.063077	0.322605	0.434145	-0.093006	0.338423	-0.396297	0.092975	0.129448	-0.227973	0.222571	0.085858	1.000000	-0.802255	0.036830	0.141058	-0.263577	0.194042	
0.037287	-0.347458	-0.578253	0.130240	-0.397218	0.489715	-0.136819	-0.180412	0.306024	-0.249271	0.495128	-0.802255	1.000000	-0.596114	-0.126522	0.235072	-0.254882	
0.032285	0.104949	0.185559	-0.060879	0.104810	-0.149185	0.061847	0.053892	-0.091672	0.056381	-0.979613	0.036830	-0.596114	1.000000	-0.061795	0.092218	0.115640	
0.160728	-0.211418	0.368385	0.010269	0.113568	-0.157050	0.029534	0.224273	-0.277758	-0.018908	0.094480	0.141058	-0.126522	-0.061795	1.000000	-0.950866	0.576700	
-0.122314	0.141201	-0.559609	0.021745	-0.224905	0.297943	-0.069839	-0.283971	0.379015	-0.055775	-0.130808	-0.263577	0.235072	0.092218	-0.950866	1.000000	-0.619247	
-0.410066	0.427477	0.212098	-0.085971	0.216027	-0.255479	0.080834	-0.050901	-0.017620	0.275829	-0.132537	0.194042	-0.254882	0.115640	0.576700	-0.619247	1.000000	

Time taken for mcmc chain: 26.133333 minutes
