Number of steps: 1804804
Number of accepted steps: 473550
Burn-in number of steps: 60000
Accepted fraction of steps: 0.262383
Convergence Status
R[0]= 1.001042	R[1]= 1.002865	R[2]= 1.002827	R[3]= 1.001742	R[4]= 1.002674	R[5]= 1.004526	R[6]= 1.002218	R[7]= 1.001106	R[8]= 1.001409	R[9]= 1.000756	R[10]= 1.005156	R[11]= 1.001395	R[12]= 1.000153	R[13]= 1.005013	R[14]= 1.000695	R[15]= 1.001964	R[16]= 1.000475	
<R>= 1.002119

Mean parameters
A[0]= 0.967268 pm 0.036328
A[1]= 1.017877 pm 0.025493
A[2]= 0.341597 pm 0.119999
A[3]= 8.366498 pm 1.042940
A[4]= 13439.767197 pm 4574.123839
A[5]= -2680.248253 pm 1692.396426
A[6]= -730.500453 pm 310.185807
A[7]= 10969.602197 pm 7264.155777
A[8]= -5667.718658 pm 2642.855504
A[9]= 65.712699 pm 134.493554
A[10]= 5.756719 pm 1.646065
A[11]= 5333.341113 pm 6700.091803
A[12]= -2050.709454 pm 1828.336818
A[13]= -34.085720 pm 473.153449
A[14]= -13816.447220 pm 5428.260298
A[15]= 2414.030061 pm 1997.680825
A[16]= -441.693697 pm 133.645801

Best-fitting parameters
A[0]= 0.968315
A[1]= 1.029272
A[2]= 0.475365
A[3]= 8.185718
A[4]= 18707.440000
A[5]= -4825.531000
A[6]= -625.841200
A[7]= 19359.320000
A[8]= -9075.580000
A[9]= 184.537600
A[10]= 6.359072
A[11]= 8928.088000
A[12]= -3037.849000
A[13]= -208.162300
A[14]= -16968.270000
A[15]= 1870.510000
A[16]= -465.780600
chi2_min= 68.007630


Cross-Covariance parameters
1.000000	-0.401401	-0.112156	-0.061277	-0.116794	0.095823	0.012283	0.082685	-0.041349	-0.409019	-0.101433	-0.100347	0.063024	0.079153	-0.001458	0.029137	-0.310357	
-0.401401	1.000000	0.103376	-0.185969	0.255689	-0.296836	0.146537	-0.124884	0.060901	0.396368	-0.016013	0.180900	-0.212723	0.006357	-0.045451	-0.001584	0.291197	
-0.112156	0.103376	1.000000	-0.294650	0.581477	-0.820074	0.386780	0.537365	-0.739392	0.298101	0.182919	0.453112	-0.525393	-0.120810	0.208075	-0.533380	0.004863	
-0.061277	-0.185969	-0.294650	1.000000	0.138988	0.366935	-0.974979	-0.003086	0.003419	0.001963	0.001718	-0.153189	0.209178	-0.014769	-0.053955	0.152762	-0.016026	
-0.116794	0.255689	0.581477	0.138988	1.000000	-0.843101	0.030943	0.327028	-0.481597	0.259777	0.116747	0.302383	-0.336327	-0.083267	0.108761	-0.300108	0.055248	
0.095823	-0.296836	-0.820074	0.366935	-0.843101	1.000000	-0.513554	-0.391326	0.562818	-0.276224	-0.136127	-0.409661	0.476574	0.089210	-0.157680	0.427543	-0.049249	
0.012283	0.146537	0.386780	-0.974979	0.030943	-0.513554	1.000000	0.057661	-0.077617	0.020099	0.024860	0.190286	-0.246627	-0.003346	0.076489	-0.203387	0.015770	
0.082685	-0.124884	0.537365	-0.003086	0.327028	-0.391326	0.057661	1.000000	-0.942381	0.651039	0.143938	0.228600	-0.236859	-0.110556	0.119448	-0.292344	-0.077473	
-0.041349	0.060901	-0.739392	0.003419	-0.481597	0.562818	-0.077617	-0.942381	1.000000	-0.653521	-0.172417	-0.323279	0.351932	0.127409	-0.159567	0.399719	0.061301	
-0.409019	0.396368	0.298101	0.001963	0.259777	-0.276224	0.020099	0.651039	-0.653521	1.000000	0.106204	0.185520	-0.175694	-0.089973	0.032205	-0.131977	0.155949	
-0.101433	-0.016013	0.182919	0.001718	0.116747	-0.136127	0.024860	0.143938	-0.172417	0.106204	1.000000	0.437284	0.089515	-0.978172	0.146781	-0.402839	0.033738	
-0.100347	0.180900	0.453112	-0.153189	0.302383	-0.409661	0.190286	0.228600	-0.323279	0.185520	0.437284	1.000000	-0.836307	-0.265962	0.131136	-0.371548	0.069485	
0.063024	-0.212723	-0.525393	0.209178	-0.336327	0.476574	-0.246627	-0.236859	0.351932	-0.175694	0.089515	-0.836307	1.000000	-0.268910	-0.093044	0.249933	-0.051381	
0.079153	0.006357	-0.120810	-0.014769	-0.083267	0.089210	-0.003346	-0.110556	0.127409	-0.089973	-0.978172	-0.265962	-0.268910	1.000000	-0.133058	0.365930	-0.035030	
-0.001458	-0.045451	0.208075	-0.053955	0.108761	-0.157680	0.076489	0.119448	-0.159567	0.032205	0.146781	0.131136	-0.093044	-0.133058	1.000000	-0.849943	0.604541	
0.029137	-0.001584	-0.533380	0.152762	-0.300108	0.427543	-0.203387	-0.292344	0.399719	-0.131977	-0.402839	-0.371548	0.249933	0.365930	-0.849943	1.000000	-0.633186	
-0.310357	0.291197	0.004863	-0.016026	0.055248	-0.049249	0.015770	-0.077473	0.061301	0.155949	0.033738	0.069485	-0.051381	-0.035030	0.604541	-0.633186	1.000000	

Time taken for mcmc chain: 12.016667 minutes
