Number of steps: 8638128
Number of accepted steps: 2000004
Burn-in number of steps: 60000
Accepted fraction of steps: 0.231532
Convergence Status
R[0]= 1.000267	R[1]= 1.001228	R[2]= 1.024547	R[3]= 1.000232	R[4]= 1.008147	R[5]= 1.011713	R[6]= 1.000462	R[7]= 1.009498	R[8]= 1.015135	R[9]= 1.005076	R[10]= 1.003257	R[11]= 1.004643	R[12]= 1.009584	R[13]= 1.003569	R[14]= 1.005503	R[15]= 1.010314	R[16]= 1.002565	
<R>= 1.006808

Mean parameters
A[0]= 0.988650 pm 0.025685
A[1]= 1.004101 pm 0.016932
A[2]= 0.178313 pm 0.136847
A[3]= 4.338332 pm 0.494297
A[4]= 4031.559015 pm 3141.322103
A[5]= -1330.910358 pm 1086.806675
A[6]= 199.236348 pm 153.360235
A[7]= 632.825868 pm 6370.970169
A[8]= -743.950712 pm 2105.324950
A[9]= -150.788419 pm 96.876335
A[10]= 4.421643 pm 0.775004
A[11]= 9692.652550 pm 4002.416461
A[12]= -3008.849599 pm 1274.793011
A[13]= 256.480983 pm 232.260874
A[14]= -1112.193742 pm 8310.655971
A[15]= -495.043990 pm 2554.653500
A[16]= -170.776427 pm 136.972458

Best-fitting parameters
A[0]= 0.988234
A[1]= 1.010078
A[2]= 0.031709
A[3]= 4.459980
A[4]= 1824.363000
A[5]= -411.422800
A[6]= 136.263900
A[7]= -4173.928000
A[8]= 1003.651000
A[9]= -187.533300
A[10]= 4.741302
A[11]= 8080.021000
A[12]= -2097.002000
A[13]= 146.599600
A[14]= -7835.318000
A[15]= 1929.512000
A[16]= -259.768300
chi2_min= 67.410170


Cross-Covariance parameters
1.000000	-0.428664	-0.023486	-0.098856	0.003159	-0.019025	0.067702	0.200328	-0.140602	-0.106296	0.071730	0.038330	0.009902	-0.084347	0.140318	-0.116035	-0.077777	
-0.428664	1.000000	-0.005260	0.083867	0.242383	-0.159442	-0.075096	-0.181834	0.126446	0.106213	-0.254827	0.118752	-0.196911	0.242417	-0.153477	0.138321	0.048116	
-0.023486	-0.005260	1.000000	-0.238542	0.602334	-0.793343	0.373588	0.600042	-0.753834	0.459722	-0.160066	0.428187	-0.644084	0.242073	0.418621	-0.584704	0.277804	
-0.098856	0.083867	-0.238542	1.000000	0.069517	0.314768	-0.957047	-0.078109	0.091377	-0.021691	0.027829	-0.098342	0.146286	-0.047058	-0.118768	0.155826	-0.057096	
0.003159	0.242383	0.602334	0.069517	1.000000	-0.900084	0.188368	0.340130	-0.451327	0.286239	-0.168521	0.304533	-0.453496	0.213135	0.229956	-0.331406	0.173310	
-0.019025	-0.159442	-0.793343	0.314768	-0.900084	1.000000	-0.542869	-0.438350	0.568145	-0.343278	0.178722	-0.372753	0.557643	-0.240030	-0.320398	0.452436	-0.222895	
0.067702	-0.075096	0.373588	-0.957047	0.188368	-0.542869	1.000000	0.149998	-0.188761	0.076945	-0.051669	0.154417	-0.232916	0.082441	0.172258	-0.232138	0.097367	
0.200328	-0.181834	0.600042	-0.078109	0.340130	-0.438350	0.149998	1.000000	-0.969141	0.856408	-0.056991	0.253688	-0.366744	0.105441	0.297773	-0.390131	0.150665	
-0.140602	0.126446	-0.753834	0.091377	-0.451327	0.568145	-0.188761	-0.969141	1.000000	-0.860551	0.094248	-0.320881	0.472316	-0.155081	-0.349137	0.468955	-0.197909	
-0.106296	0.106213	0.459722	-0.021691	0.286239	-0.343278	0.076945	0.856408	-0.860551	1.000000	-0.098753	0.202487	-0.310851	0.135389	0.175956	-0.253051	0.138109	
0.071730	-0.254827	-0.160066	0.027829	-0.168521	0.178722	-0.051669	-0.056991	0.094248	-0.098753	1.000000	0.163453	0.314219	-0.965169	0.022789	-0.028810	-0.010803	
0.038330	0.118752	0.428187	-0.098342	0.304533	-0.372753	0.154417	0.253688	-0.320881	0.202487	0.163453	1.000000	-0.855755	0.066979	0.126307	-0.214482	0.052020	
0.009902	-0.196911	-0.644084	0.146286	-0.453496	0.557643	-0.232916	-0.366744	0.472316	-0.310851	0.314219	-0.855755	1.000000	-0.522479	-0.188776	0.297416	-0.107953	
-0.084347	0.242417	0.242073	-0.047058	0.213135	-0.240030	0.082441	0.105441	-0.155081	0.135389	-0.965169	0.066979	-0.522479	1.000000	-0.005659	-0.005223	0.010006	
0.140318	-0.153477	0.418621	-0.118768	0.229956	-0.320398	0.172258	0.297773	-0.349137	0.175956	0.022789	0.126307	-0.188776	-0.005659	1.000000	-0.967353	0.867996	
-0.116035	0.138321	-0.584704	0.155826	-0.331406	0.452436	-0.232138	-0.390131	0.468955	-0.253051	-0.028810	-0.214482	0.297416	-0.005223	-0.967353	1.000000	-0.879402	
-0.077777	0.048116	0.277804	-0.057096	0.173310	-0.222895	0.097367	0.150665	-0.197909	0.138109	-0.010803	0.052020	-0.107953	0.010006	0.867996	-0.879402	1.000000	

Time taken for mcmc chain: 2.445556 hours
