Number of steps: 8159791
Number of accepted steps: 2000004
Burn-in number of steps: 60000
Accepted fraction of steps: 0.245105
Convergence Status
R[0]= 1.001074	R[1]= 1.000914	R[2]= 1.002563	R[3]= 1.001015	R[4]= 1.001510	R[5]= 1.001183	R[6]= 1.000532	R[7]= 1.001650	R[8]= 1.002167	R[9]= 1.000332	R[10]= 1.000204	R[11]= 1.000349	R[12]= 1.000638	R[13]= 1.000235	R[14]= 1.000633	R[15]= 1.000977	R[16]= 1.000241	
<R>= 1.000954

Mean parameters
A[0]= 1.095050 pm 0.029190
A[1]= 0.997907 pm 0.014703
A[2]= 0.176159 pm 0.127521
A[3]= 4.262006 pm 0.478670
A[4]= 4994.980025 pm 2990.039804
A[5]= -1492.542839 pm 980.703710
A[6]= 174.570435 pm 148.287596
A[7]= 8769.195623 pm 5706.734545
A[8]= -3055.041903 pm 1884.740632
A[9]= -82.131452 pm 90.102509
A[10]= 4.097926 pm 0.757591
A[11]= 1685.214864 pm 4153.514777
A[12]= -725.158106 pm 1174.333276
A[13]= 153.772066 pm 226.657085
A[14]= 5215.987974 pm 7774.162491
A[15]= -1909.677192 pm 2339.848467
A[16]= -137.507362 pm 131.882763

Best-fitting parameters
A[0]= 1.090310
A[1]= 1.006036
A[2]= 0.190540
A[3]= 4.375299
A[4]= 6403.382000
A[5]= -1797.913000
A[6]= 150.696100
A[7]= 8392.862000
A[8]= -3117.595000
A[9]= -71.982150
A[10]= 4.279403
A[11]= 1150.164000
A[12]= -459.235200
A[13]= 76.550320
A[14]= 9279.509000
A[15]= -3236.554000
A[16]= -50.827520
chi2_min= 60.957650


Cross-Covariance parameters
1.000000	-0.460009	-0.043066	-0.039064	0.065716	-0.046844	0.029336	0.274243	-0.197568	-0.055193	0.066601	0.095762	-0.047636	-0.060473	0.204554	-0.169949	-0.033164	
-0.460009	1.000000	0.000489	-0.053392	0.189169	-0.169978	0.052030	-0.207992	0.151573	0.096363	-0.026816	0.138666	-0.135342	0.024633	-0.143656	0.119987	0.048014	
-0.043066	0.000489	1.000000	-0.182526	0.516603	-0.741285	0.318079	0.480690	-0.690909	0.429802	-0.171657	0.311620	-0.577238	0.252234	0.287766	-0.480684	0.236741	
-0.039064	-0.053392	-0.182526	1.000000	0.171710	0.244687	-0.955350	0.105598	-0.061016	-0.026981	0.029325	-0.083791	0.128201	-0.045706	-0.058487	0.094423	-0.047811	
0.065716	0.189169	0.516603	0.171710	1.000000	-0.883675	0.095122	0.295796	-0.410536	0.234483	-0.078225	0.225404	-0.350871	0.120642	0.155456	-0.254396	0.125895	
-0.046844	-0.169978	-0.741285	0.244687	-0.883675	1.000000	-0.490701	-0.326823	0.490596	-0.308233	0.118562	-0.289587	0.476004	-0.179241	-0.219845	0.362572	-0.180452	
0.029336	0.052030	0.318079	-0.955350	0.095122	-0.490701	1.000000	-0.037160	-0.037602	0.074611	-0.051133	0.124101	-0.203911	0.078010	0.097009	-0.158708	0.078602	
0.274243	-0.207992	0.480690	0.105598	0.295796	-0.326823	-0.037160	1.000000	-0.955667	0.838126	-0.050829	0.168009	-0.279287	0.091431	0.216041	-0.298539	0.108364	
-0.197568	0.151573	-0.690909	-0.061016	-0.410536	0.490596	-0.037602	-0.955667	1.000000	-0.856545	0.093340	-0.231530	0.401709	-0.150476	-0.257693	0.383204	-0.159083	
-0.055193	0.096363	0.429802	-0.026981	0.234483	-0.308233	0.074611	0.838126	-0.856545	1.000000	-0.060598	0.152990	-0.258228	0.094667	0.117164	-0.201362	0.108354	
0.066601	-0.026816	-0.171657	0.029325	-0.078225	0.118562	-0.051133	-0.050829	0.093340	-0.060598	1.000000	0.344519	0.162791	-0.962787	0.111616	-0.107760	-0.038309	
0.095762	0.138666	0.311620	-0.083791	0.225404	-0.289587	0.124101	0.168009	-0.231530	0.152990	0.344519	1.000000	-0.842698	-0.106749	0.097945	-0.176259	0.003041	
-0.047636	-0.135342	-0.577238	0.128201	-0.350871	0.476004	-0.203911	-0.279287	0.401709	-0.258228	0.162791	-0.842698	1.000000	-0.399524	-0.101301	0.217569	-0.066492	
-0.060473	0.024633	0.252234	-0.045706	0.120642	-0.179241	0.078010	0.091431	-0.150476	0.094667	-0.962787	-0.106749	-0.399524	1.000000	-0.100581	0.078506	0.029990	
0.204554	-0.143656	0.287766	-0.058487	0.155456	-0.219845	0.097009	0.216041	-0.257693	0.117164	0.111616	0.097945	-0.101301	-0.100581	1.000000	-0.961743	0.856018	
-0.169949	0.119987	-0.480684	0.094423	-0.254396	0.362572	-0.158708	-0.298539	0.383204	-0.201362	-0.107760	-0.176259	0.217569	0.078506	-0.961743	1.000000	-0.883622	
-0.033164	0.048014	0.236741	-0.047811	0.125895	-0.180452	0.078602	0.108364	-0.159083	0.108354	-0.038309	0.003041	-0.066492	0.029990	0.856018	-0.883622	1.000000	

Time taken for mcmc chain: 2.306944 hours
