Number of steps: 9432875
Number of accepted steps: 2000004
Burn-in number of steps: 60000
Accepted fraction of steps: 0.212025
Convergence Status
R[0]= 1.000613	R[1]= 1.000703	R[2]= 1.015587	R[3]= 1.000462	R[4]= 1.004639	R[5]= 1.008198	R[6]= 1.001139	R[7]= 1.006355	R[8]= 1.010088	R[9]= 1.003443	R[10]= 1.000249	R[11]= 1.004748	R[12]= 1.008620	R[13]= 1.000833	R[14]= 1.005884	R[15]= 1.009504	R[16]= 1.002861	
<R>= 1.004937

Mean parameters
A[0]= 1.031038 pm 0.027665
A[1]= 0.999675 pm 0.017820
A[2]= 0.262861 pm 0.168731
A[3]= 3.361111 pm 0.489348
A[4]= 2462.120874 pm 3050.201674
A[5]= -1726.325761 pm 1023.713642
A[6]= 461.756927 pm 151.177005
A[7]= 7684.042615 pm 5802.045152
A[8]= -3026.727251 pm 1951.303368
A[9]= -25.443379 pm 91.995010
A[10]= 4.694978 pm 0.768021
A[11]= 2782.811026 pm 4514.018057
A[12]= -1184.480391 pm 1460.817301
A[13]= 67.118092 pm 229.897187
A[14]= 1164.466513 pm 8591.742457
A[15]= -1098.022692 pm 2838.721613
A[16]= -252.940405 pm 140.628317

Best-fitting parameters
A[0]= 1.026192
A[1]= 0.996710
A[2]= 0.287645
A[3]= 3.637485
A[4]= 2945.998000
A[5]= -1713.924000
A[6]= 382.791100
A[7]= 9034.926000
A[8]= -3544.160000
A[9]= -7.858678
A[10]= 4.835135
A[11]= 3107.058000
A[12]= -1300.287000
A[13]= 39.221550
A[14]= 4766.624000
A[15]= -2055.537000
A[16]= -207.392200
chi2_min= 66.464340


Cross-Covariance parameters
1.000000	-0.431505	-0.140148	0.188077	0.013520	0.094459	-0.202328	0.181690	-0.100182	-0.090837	-0.159444	-0.089319	0.062904	0.127371	0.108516	-0.029119	-0.099893	
-0.431505	1.000000	0.057931	-0.064248	0.222696	-0.216371	0.072580	-0.141711	0.081048	0.103327	-0.061129	0.216892	-0.210264	0.064948	-0.141256	0.090310	0.067114	
-0.140148	0.057931	1.000000	-0.229054	0.541624	-0.771491	0.362127	0.517071	-0.710975	0.449861	-0.142102	0.511391	-0.736513	0.266594	0.471045	-0.673478	0.380247	
0.188077	-0.064248	-0.229054	1.000000	0.163348	0.241450	-0.956005	0.095328	-0.058585	-0.017517	0.008442	-0.115905	0.161479	-0.040214	-0.078834	0.134136	-0.092591	
0.013520	0.222696	0.541624	0.163348	1.000000	-0.889367	0.104302	0.312259	-0.435088	0.256309	-0.128512	0.329500	-0.456591	0.192680	0.246749	-0.354940	0.207742	
0.094459	-0.216371	-0.771491	0.241450	-0.889367	1.000000	-0.485473	-0.357295	0.520200	-0.330145	0.141406	-0.435307	0.610809	-0.235911	-0.345571	0.503839	-0.296421	
-0.202328	0.072580	0.362127	-0.956005	0.104302	-0.485473	1.000000	-0.022850	-0.043942	0.069644	-0.028040	0.185178	-0.260532	0.076563	0.141813	-0.223496	0.142103	
0.181690	-0.141711	0.517071	0.095328	0.312259	-0.357295	-0.022850	1.000000	-0.957916	0.864873	-0.109752	0.246262	-0.377215	0.170389	0.302760	-0.391196	0.187487	
-0.100182	0.081048	-0.710975	-0.058585	-0.435088	0.520200	-0.043942	-0.957916	1.000000	-0.872318	0.131821	-0.350939	0.522823	-0.217085	-0.379517	0.511084	-0.263756	
-0.090837	0.103327	0.449861	-0.017517	0.256309	-0.330145	0.069644	0.864873	-0.872318	1.000000	-0.070059	0.243670	-0.344544	0.125147	0.204263	-0.297478	0.179502	
-0.159444	-0.061129	-0.142102	0.008442	-0.128512	0.141406	-0.028040	-0.109752	0.131821	-0.070059	1.000000	0.223157	0.194701	-0.958410	0.043856	-0.059074	0.010383	
-0.089319	0.216892	0.511391	-0.115905	0.329500	-0.435307	0.185178	0.246262	-0.350939	0.243670	0.223157	1.000000	-0.880732	0.032288	0.214336	-0.346658	0.160898	
0.062904	-0.210264	-0.736513	0.161479	-0.456591	0.610809	-0.260532	-0.377215	0.522823	-0.344544	0.194701	-0.880732	1.000000	-0.435208	-0.288172	0.447444	-0.229534	
0.127371	0.064948	0.266594	-0.040214	0.192680	-0.235911	0.076563	0.170389	-0.217085	0.125147	-0.958410	0.032288	-0.435208	1.000000	0.002874	-0.018801	0.017151	
0.108516	-0.141256	0.471045	-0.078834	0.246749	-0.345571	0.141813	0.302760	-0.379517	0.204263	0.043856	0.214336	-0.288172	0.002874	1.000000	-0.954579	0.872804	
-0.029119	0.090310	-0.673478	0.134136	-0.354940	0.503839	-0.223496	-0.391196	0.511084	-0.297478	-0.059074	-0.346658	0.447444	-0.018801	-0.954579	1.000000	-0.876784	
-0.099893	0.067114	0.380247	-0.092591	0.207742	-0.296421	0.142103	0.187487	-0.263756	0.179502	0.010383	0.160898	-0.229534	0.017151	0.872804	-0.876784	1.000000	

Time taken for mcmc chain: 2.324444 hours
