Number of steps: 2385157
Number of accepted steps: 571796
Burn-in number of steps: 60000
Accepted fraction of steps: 0.239731
Convergence Status
R[0]= 1.002420	R[1]= 1.002246	R[2]= 1.001939	R[3]= 1.000762	R[4]= 1.001390	R[5]= 1.001412	R[6]= 1.000638	R[7]= 1.003675	R[8]= 1.003770	R[9]= 1.001300	R[10]= 1.003577	R[11]= 1.000327	R[12]= 1.001649	R[13]= 1.003647	R[14]= 1.000066	R[15]= 1.000593	R[16]= 1.000570	
<R>= 1.001764

Mean parameters
A[0]= 1.001690 pm 0.067300
A[1]= 1.020620 pm 0.029269
A[2]= 0.177644 pm 0.136996
A[3]= 5.070143 pm 1.023768
A[4]= 2568.238370 pm 5061.842701
A[5]= -1455.135665 pm 1527.965453
A[6]= 141.696183 pm 299.241860
A[7]= 2761.491492 pm 8798.546321
A[8]= -1767.023821 pm 2830.438765
A[9]= -50.503080 pm 147.290422
A[10]= 5.093378 pm 1.692537
A[11]= 10239.271312 pm 5435.743135
A[12]= -3118.403815 pm 1889.114126
A[13]= 208.659093 pm 510.187558
A[14]= 13757.690688 pm 5484.944549
A[15]= -3904.712239 pm 1785.497449
A[16]= 7.429607 pm 146.138654

Best-fitting parameters
A[0]= 1.003620
A[1]= 1.016576
A[2]= 0.261439
A[3]= 4.892197
A[4]= 2422.574000
A[5]= -1683.778000
A[6]= 184.861000
A[7]= 1260.469000
A[8]= -1480.603000
A[9]= -129.956800
A[10]= 4.892284
A[11]= 13185.260000
A[12]= -4309.013000
A[13]= 317.568100
A[14]= 19322.660000
A[15]= -5678.076000
A[16]= 55.136000
chi2_min= 63.939390


Cross-Covariance parameters
1.000000	-0.408653	0.041028	-0.010617	0.101823	-0.095902	-0.031612	0.266409	-0.237378	-0.257072	-0.230420	0.029914	-0.166835	0.201037	0.116348	-0.096087	-0.453538	
-0.408653	1.000000	0.018380	-0.152234	0.149893	-0.211162	0.145998	-0.211411	0.170269	0.194288	0.068577	0.152066	-0.076548	-0.079917	-0.080349	0.039418	0.338891	
0.041028	0.018380	1.000000	0.056390	0.551251	-0.683496	0.043740	0.470390	-0.648551	0.303232	-0.305520	0.246532	-0.531437	0.332574	0.174410	-0.441813	-0.033812	
-0.010617	-0.152234	0.056390	1.000000	0.340008	0.148979	-0.970183	0.117748	-0.168994	0.071990	0.017008	-0.026483	0.022682	-0.015469	0.039274	-0.051310	-0.024289	
0.101823	0.149893	0.551251	0.340008	1.000000	-0.858288	-0.143931	0.249255	-0.376341	0.146401	-0.173140	0.173815	-0.323715	0.179047	0.118896	-0.264902	-0.023934	
-0.095902	-0.211162	-0.683496	0.148979	-0.858288	1.000000	-0.341362	-0.269646	0.400212	-0.165929	0.229554	-0.218383	0.413128	-0.240049	-0.123002	0.305938	0.013630	
-0.031612	0.145998	0.043740	-0.970183	-0.143931	-0.341362	1.000000	-0.087095	0.115878	-0.042107	-0.036337	0.045589	-0.064723	0.039646	-0.022690	0.008318	0.037980	
0.266409	-0.211411	0.470390	0.117748	0.249255	-0.269646	-0.087095	1.000000	-0.962167	0.733290	-0.208162	0.097114	-0.276521	0.216212	0.118347	-0.231778	-0.155345	
-0.237378	0.170269	-0.648551	-0.168994	-0.376341	0.400212	0.115878	-0.962167	1.000000	-0.749187	0.254250	-0.140983	0.365227	-0.267154	-0.141679	0.304778	0.138026	
-0.257072	0.194288	0.303232	0.071990	0.146401	-0.165929	-0.042107	0.733290	-0.749187	1.000000	-0.052762	0.078570	-0.141529	0.066304	0.019251	-0.109806	0.128756	
-0.230420	0.068577	-0.305520	0.017008	-0.173140	0.229554	-0.036337	-0.208162	0.254250	-0.052762	1.000000	0.155370	0.542520	-0.983994	-0.079309	0.031153	0.082767	
0.029914	0.152066	0.246532	-0.026483	0.173815	-0.218383	0.045589	0.097114	-0.140983	0.078570	0.155370	1.000000	-0.723671	-0.010336	0.055202	-0.170084	0.005233	
-0.166835	-0.076548	-0.531437	0.022682	-0.323715	0.413128	-0.064723	-0.276521	0.365227	-0.141529	0.542520	-0.723671	1.000000	-0.658878	-0.121547	0.225395	0.055173	
0.201037	-0.079917	0.332574	-0.015469	0.179047	-0.240049	0.039646	0.216212	-0.267154	0.066304	-0.983994	-0.010336	-0.658878	1.000000	0.080252	-0.042600	-0.077859	
0.116348	-0.080349	0.174410	0.039274	0.118896	-0.123002	-0.022690	0.118347	-0.141679	0.019251	-0.079309	0.055202	-0.121547	0.080252	1.000000	-0.884937	0.500512	
-0.096087	0.039418	-0.441813	-0.051310	-0.264902	0.305938	0.008318	-0.231778	0.304778	-0.109806	0.031153	-0.170084	0.225395	-0.042600	-0.884937	1.000000	-0.598854	
-0.453538	0.338891	-0.033812	-0.024289	-0.023934	0.013630	0.037980	-0.155345	0.138026	0.128756	0.082767	0.005233	0.055173	-0.077859	0.500512	-0.598854	1.000000	

Time taken for mcmc chain: 17.583333 minutes
