Number of steps: 10415505
Number of accepted steps: 2000004
Burn-in number of steps: 60000
Accepted fraction of steps: 0.192022
Convergence Status
R[0]= 1.000055	R[1]= 1.000267	R[2]= 1.009292	R[3]= 1.003006	R[4]= 1.003248	R[5]= 1.006794	R[6]= 1.004084	R[7]= 1.002626	R[8]= 1.004879	R[9]= 1.002771	R[10]= 1.000097	R[11]= 1.003362	R[12]= 1.005021	R[13]= 1.000242	R[14]= 1.001121	R[15]= 1.002836	R[16]= 1.000608	
<R>= 1.002959

Mean parameters
A[0]= 1.038178 pm 0.029599
A[1]= 0.986986 pm 0.016405
A[2]= 0.190611 pm 0.149376
A[3]= 3.741402 pm 0.493149
A[4]= 1113.115230 pm 2946.631155
A[5]= -1050.709193 pm 1009.638232
A[6]= 340.723296 pm 152.195131
A[7]= -102.277769 pm 6133.378781
A[8]= -813.860583 pm 2013.648894
A[9]= -142.735427 pm 95.788192
A[10]= 4.314102 pm 0.767173
A[11]= -1758.062653 pm 4228.667189
A[12]= -12.618199 pm 1296.289350
A[13]= 121.627673 pm 229.747687
A[14]= 4408.192270 pm 8010.630944
A[15]= -1511.793939 pm 2488.321695
A[16]= -166.971520 pm 133.692660

Best-fitting parameters
A[0]= 1.047816
A[1]= 0.986102
A[2]= 0.055152
A[3]= 3.954721
A[4]= -568.946800
A[5]= -249.484500
A[6]= 254.207000
A[7]= -1442.388000
A[8]= 131.238500
A[9]= -173.932600
A[10]= 4.265171
A[11]= -2543.815000
A[12]= 408.889500
A[13]= 132.510600
A[14]= 3587.481000
A[15]= -922.063900
A[16]= -140.549700
chi2_min= 56.240770


Cross-Covariance parameters
1.000000	-0.446895	-0.089793	-0.075499	0.010374	0.000599	0.050425	0.212458	-0.131397	-0.071491	0.150728	0.075504	0.023285	-0.152857	0.182981	-0.132864	-0.070448	
-0.446895	1.000000	0.031309	-0.052564	0.182861	-0.170134	0.051415	-0.165842	0.112856	0.089809	-0.069039	0.160528	-0.168789	0.066142	-0.143925	0.107114	0.068846	
-0.089793	0.031309	1.000000	-0.209971	0.555651	-0.757761	0.336490	0.531860	-0.711610	0.460270	-0.153465	0.421145	-0.656125	0.247391	0.355796	-0.561516	0.266149	
-0.075499	-0.052564	-0.209971	1.000000	0.083897	0.318353	-0.958238	0.036727	-0.006225	-0.027091	0.033846	-0.119195	0.163843	-0.053858	-0.090307	0.133198	-0.061788	
0.010374	0.182861	0.555651	0.083897	1.000000	-0.889798	0.173792	0.312029	-0.421880	0.255944	-0.073443	0.288981	-0.404768	0.124953	0.198214	-0.313639	0.153621	
0.000599	-0.170134	-0.757761	0.318353	-0.889798	1.000000	-0.546281	-0.364308	0.507134	-0.324043	0.109595	-0.370095	0.536279	-0.180229	-0.272953	0.430007	-0.208736	
0.050425	0.051415	0.336490	-0.958238	0.173792	-0.546281	1.000000	0.027530	-0.084235	0.073907	-0.054143	0.167953	-0.243467	0.085853	0.132948	-0.202168	0.095291	
0.212458	-0.165842	0.531860	0.036727	0.312029	-0.364308	0.027530	1.000000	-0.963959	0.868311	-0.043253	0.231508	-0.338284	0.092783	0.260237	-0.358145	0.133880	
-0.131397	0.112856	-0.711610	-0.006225	-0.421880	0.507134	-0.084235	-0.963959	1.000000	-0.879520	0.080714	-0.304872	0.458657	-0.147043	-0.306256	0.444043	-0.183593	
-0.071491	0.089809	0.460270	-0.027091	0.255944	-0.324043	0.073907	0.868311	-0.879520	1.000000	-0.075872	0.197483	-0.306597	0.116186	0.159724	-0.255615	0.133702	
0.150728	-0.069039	-0.153465	0.033846	-0.073443	0.109595	-0.054143	-0.043253	0.080714	-0.075872	1.000000	0.247227	0.226694	-0.962128	0.083778	-0.080540	-0.032458	
0.075504	0.160528	0.421145	-0.119195	0.288981	-0.370095	0.167953	0.231508	-0.304872	0.197483	0.247227	1.000000	-0.858337	-0.005346	0.130840	-0.236845	0.045096	
0.023285	-0.168789	-0.656125	0.163843	-0.404768	0.536279	-0.243467	-0.338284	0.458657	-0.306597	0.226694	-0.858337	1.000000	-0.454966	-0.160665	0.302377	-0.111497	
-0.152857	0.066142	0.247391	-0.053858	0.124953	-0.180229	0.085853	0.092783	-0.147043	0.116186	-0.962128	-0.005346	-0.454966	1.000000	-0.064214	0.037961	0.031107	
0.182981	-0.143925	0.355796	-0.090307	0.198214	-0.272953	0.132948	0.260237	-0.306256	0.159724	0.083778	0.130840	-0.160665	-0.064214	1.000000	-0.957467	0.854633	
-0.132864	0.107114	-0.561516	0.133198	-0.313639	0.430007	-0.202168	-0.358145	0.444043	-0.255615	-0.080540	-0.236845	0.302377	0.037961	-0.957467	1.000000	-0.868797	
-0.070448	0.068846	0.266149	-0.061788	0.153621	-0.208736	0.095291	0.133880	-0.183593	0.133702	-0.032458	0.045096	-0.111497	0.031107	0.854633	-0.868797	1.000000	

Time taken for mcmc chain: 2.466389 hours
