Number of steps: 10218376
Number of accepted steps: 2000004
Burn-in number of steps: 60000
Accepted fraction of steps: 0.195726
Convergence Status
R[0]= 1.000226	R[1]= 1.000656	R[2]= 1.005229	R[3]= 1.000839	R[4]= 1.000926	R[5]= 1.002564	R[6]= 1.001177	R[7]= 1.000555	R[8]= 1.001387	R[9]= 1.000418	R[10]= 1.000425	R[11]= 1.000361	R[12]= 1.001270	R[13]= 1.000566	R[14]= 1.000088	R[15]= 1.000204	R[16]= 1.000102	
<R>= 1.001000

Mean parameters
A[0]= 1.014211 pm 0.030851
A[1]= 0.999544 pm 0.018987
A[2]= 0.161605 pm 0.132004
A[3]= 4.060976 pm 0.492234
A[4]= 6441.954873 pm 3022.657150
A[5]= -2345.339120 pm 1019.134369
A[6]= 353.373061 pm 152.108963
A[7]= 4971.599171 pm 5988.882957
A[8]= -1753.841524 pm 1933.248046
A[9]= -81.966644 pm 93.320099
A[10]= 2.789918 pm 0.759546
A[11]= 1186.801961 pm 3868.823214
A[12]= -1692.611051 pm 1094.651791
A[13]= 624.496824 pm 226.408824
A[14]= 4626.850203 pm 7580.936988
A[15]= -1256.234549 pm 2185.443318
A[16]= -143.176218 pm 131.805485

Best-fitting parameters
A[0]= 1.012698
A[1]= 1.004429
A[2]= 0.039645
A[3]= 4.213987
A[4]= 6373.686000
A[5]= -2002.714000
A[6]= 306.889800
A[7]= 168.709300
A[8]= 120.318600
A[9]= -159.592200
A[10]= 2.870346
A[11]= -630.704900
A[12]= -933.131800
A[13]= 564.678200
A[14]= 1650.812000
A[15]= -152.263600
A[16]= -181.489400
chi2_min= 52.546940


Cross-Covariance parameters
1.000000	-0.432063	-0.094325	-0.045045	0.021665	0.001495	0.018361	0.238646	-0.153201	-0.112397	0.064876	0.034385	0.019920	-0.072462	0.115800	-0.086946	-0.063846	
-0.432063	1.000000	0.055216	-0.052498	0.257675	-0.233824	0.057126	-0.196661	0.127973	0.122267	-0.057230	0.141004	-0.160253	0.056352	-0.099632	0.077510	0.053900	
-0.094325	0.055216	1.000000	-0.210149	0.542187	-0.742217	0.332092	0.514644	-0.696015	0.426399	-0.111258	0.270274	-0.463712	0.166958	0.233238	-0.375712	0.161047	
-0.045045	-0.052498	-0.210149	1.000000	0.077198	0.321850	-0.958221	-0.008721	0.032820	-0.034181	0.023897	-0.074250	0.111819	-0.035010	-0.053985	0.084543	-0.036009	
0.021665	0.257675	0.542187	0.077198	1.000000	-0.892422	0.174305	0.273346	-0.385274	0.233564	-0.060690	0.199251	-0.297340	0.089127	0.121419	-0.200016	0.091854	
0.001495	-0.233824	-0.742217	0.321850	-0.892422	1.000000	-0.545222	-0.341797	0.483343	-0.297672	0.082616	-0.246550	0.383786	-0.122435	-0.169695	0.277016	-0.124594	
0.018361	0.057126	0.332092	-0.958221	0.174305	-0.545222	1.000000	0.065057	-0.114655	0.075234	-0.036124	0.104319	-0.165314	0.054050	0.081116	-0.129387	0.056305	
0.238646	-0.196661	0.514644	-0.008721	0.273346	-0.341797	0.065057	1.000000	-0.963934	0.835538	-0.040070	0.142709	-0.232502	0.069140	0.167743	-0.234184	0.064133	
-0.153201	0.127973	-0.696015	0.032820	-0.385274	0.483343	-0.114655	-0.963934	1.000000	-0.855047	0.064288	-0.192820	0.319837	-0.103550	-0.198648	0.292641	-0.098154	
-0.112397	0.122267	0.426399	-0.034181	0.233564	-0.297672	0.075234	0.835538	-0.855047	1.000000	-0.055368	0.130193	-0.214292	0.079763	0.086112	-0.147451	0.072858	
0.064876	-0.057230	-0.111258	0.023897	-0.060690	0.082616	-0.036124	-0.040070	0.064288	-0.055368	1.000000	0.278835	0.239915	-0.964369	0.050943	-0.077313	-0.002415	
0.034385	0.141004	0.270274	-0.074250	0.199251	-0.246550	0.104319	0.142709	-0.192820	0.130193	0.278835	1.000000	-0.842155	-0.044363	0.012486	-0.068379	-0.035024	
0.019920	-0.160253	-0.463712	0.111819	-0.297340	0.383786	-0.165314	-0.232502	0.319837	-0.214292	0.239915	-0.842155	1.000000	-0.466690	-0.023042	0.086655	0.008890	
-0.072462	0.056352	0.166958	-0.035010	0.089127	-0.122435	0.054050	0.069140	-0.103550	0.079763	-0.964369	-0.044363	-0.466690	1.000000	-0.057964	0.074092	-0.015943	
0.115800	-0.099632	0.233238	-0.053985	0.121419	-0.169695	0.081116	0.167743	-0.198648	0.086112	0.050943	0.012486	-0.023042	-0.057964	1.000000	-0.970852	0.874369	
-0.086946	0.077510	-0.375712	0.084543	-0.200016	0.277016	-0.129387	-0.234184	0.292641	-0.147451	-0.077313	-0.068379	0.086655	0.074092	-0.970852	1.000000	-0.913440	
-0.063846	0.053900	0.161047	-0.036009	0.091854	-0.124594	0.056305	0.064133	-0.098154	0.072858	-0.002415	-0.035024	0.008890	-0.015943	0.874369	-0.913440	1.000000	

Time taken for mcmc chain: 2.439722 hours
