Number of steps: 1791849
Number of accepted steps: 460298
Burn-in number of steps: 60000
Accepted fraction of steps: 0.256884
Convergence Status
R[0]= 1.004652	R[1]= 1.005618	R[2]= 1.002630	R[3]= 1.002599	R[4]= 1.001726	R[5]= 1.000507	R[6]= 1.001773	R[7]= 1.000737	R[8]= 1.000566	R[9]= 1.000627	R[10]= 1.000475	R[11]= 1.000172	R[12]= 1.000238	R[13]= 1.000552	R[14]= 1.000596	R[15]= 1.001101	R[16]= 1.001291	
<R>= 1.001521

Mean parameters
A[0]= 1.049135 pm 0.055818
A[1]= 1.038218 pm 0.038103
A[2]= 0.250608 pm 0.176489
A[3]= 3.955551 pm 0.978846
A[4]= 3653.195556 pm 5288.606001
A[5]= -2696.636837 pm 1526.310946
A[6]= 478.068623 pm 286.664146
A[7]= -2075.715926 pm 8606.077524
A[8]= -428.433243 pm 2895.712576
A[9]= -180.314244 pm 148.931653
A[10]= 6.994029 pm 1.704421
A[11]= 9861.736377 pm 6023.279771
A[12]= -1852.644788 pm 2296.639713
A[13]= -481.402137 pm 523.051904
A[14]= 10240.272844 pm 7680.309147
A[15]= -4487.988135 pm 2726.474789
A[16]= 12.766952 pm 171.429508

Best-fitting parameters
A[0]= 1.038054
A[1]= 1.037825
A[2]= 0.382996
A[3]= 3.782232
A[4]= 4878.439000
A[5]= -3428.298000
A[6]= 558.268000
A[7]= 5246.344000
A[8]= -2682.385000
A[9]= -83.052680
A[10]= 6.819865
A[11]= 14168.900000
A[12]= -3555.196000
A[13]= -390.607900
A[14]= 18624.930000
A[15]= -7708.263000
A[16]= 121.010900
chi2_min= 60.756710


Cross-Covariance parameters
1.000000	-0.339867	0.005780	0.029519	0.046128	-0.031525	-0.047275	0.169545	-0.152226	-0.166776	-0.147695	-0.016866	-0.057305	0.125175	0.141298	-0.110585	-0.377522	
-0.339867	1.000000	0.169388	-0.054702	0.260215	-0.311424	0.050132	-0.109728	0.033610	0.207231	-0.245770	0.279958	-0.359520	0.216106	-0.100778	0.027268	0.401060	
0.005780	0.169388	1.000000	0.084988	0.529279	-0.700923	0.020538	0.445827	-0.647347	0.377660	-0.392836	0.387807	-0.706646	0.443850	0.283906	-0.596303	0.161404	
0.029519	-0.054702	0.084988	1.000000	0.459573	-0.026996	-0.968322	0.219352	-0.287301	0.134937	-0.033076	0.051088	-0.081105	0.043339	0.048426	-0.080072	-0.012810	
0.046128	0.260215	0.529279	0.459573	1.000000	-0.876785	-0.257263	0.266580	-0.415707	0.233189	-0.262838	0.277364	-0.458350	0.281440	0.153120	-0.324073	0.126370	
-0.031525	-0.311424	-0.700923	-0.026996	-0.876785	1.000000	-0.184128	-0.270254	0.432658	-0.258591	0.327872	-0.328951	0.563538	-0.352842	-0.186845	0.409092	-0.161629	
-0.047275	0.050132	0.020538	-0.968322	-0.257263	-0.184128	1.000000	-0.174520	0.218132	-0.102597	0.001197	-0.014724	0.013942	-0.003871	-0.017240	0.015598	0.027932	
0.169545	-0.109728	0.445827	0.219352	0.266580	-0.270254	-0.174520	1.000000	-0.952926	0.823736	-0.172815	0.139773	-0.291757	0.198622	0.171531	-0.303256	-0.024109	
-0.152226	0.033610	-0.647347	-0.287301	-0.415707	0.432658	0.218132	-0.952926	1.000000	-0.836484	0.258608	-0.226719	0.443628	-0.293301	-0.217476	0.415098	-0.025287	
-0.166776	0.207231	0.377660	0.134937	0.233189	-0.258591	-0.102597	0.823736	-0.836484	1.000000	-0.155108	0.166447	-0.284225	0.173573	0.068931	-0.192591	0.150133	
-0.147695	-0.245770	-0.392836	-0.033076	-0.262838	0.327872	0.001197	-0.172815	0.258608	-0.155108	1.000000	0.071287	0.528466	-0.982699	-0.065494	0.078691	-0.114914	
-0.016866	0.279958	0.387807	0.051088	0.277364	-0.328951	-0.014724	0.139773	-0.226719	0.166447	0.071287	1.000000	-0.777858	0.068094	0.120823	-0.295861	0.128646	
-0.057305	-0.359520	-0.706646	-0.081105	-0.458350	0.563538	0.013942	-0.291757	0.443628	-0.284225	0.528466	-0.777858	1.000000	-0.638874	-0.195401	0.406311	-0.188868	
0.125175	0.216106	0.443850	0.043339	0.281440	-0.352842	-0.003871	0.198622	-0.293301	0.173573	-0.982699	0.068094	-0.638874	1.000000	0.081887	-0.114297	0.112717	
0.141298	-0.100778	0.283906	0.048426	0.153120	-0.186845	-0.017240	0.171531	-0.217476	0.068931	-0.065494	0.120823	-0.195401	0.081887	1.000000	-0.891654	0.595684	
-0.110585	0.027268	-0.596303	-0.080072	-0.324073	0.409092	0.015598	-0.303256	0.415098	-0.192591	0.078691	-0.295861	0.406311	-0.114297	-0.891654	1.000000	-0.617560	
-0.377522	0.401060	0.161404	-0.012810	0.126370	-0.161629	0.027932	-0.024109	-0.025287	0.150133	-0.114914	0.128646	-0.188868	0.112717	0.595684	-0.617560	1.000000	

Time taken for mcmc chain: 11.733333 minutes
