Number of steps: 9322185
Number of accepted steps: 2000004
Burn-in number of steps: 60000
Accepted fraction of steps: 0.214542
Convergence Status
R[0]= 1.001486	R[1]= 1.000640	R[2]= 1.043331	R[3]= 1.000274	R[4]= 1.016213	R[5]= 1.025394	R[6]= 1.001720	R[7]= 1.018341	R[8]= 1.029556	R[9]= 1.014151	R[10]= 1.002166	R[11]= 1.012256	R[12]= 1.026383	R[13]= 1.004925	R[14]= 1.004071	R[15]= 1.013385	R[16]= 1.002648	
<R>= 1.012761

Mean parameters
A[0]= 1.016379 pm 0.024120
A[1]= 1.014738 pm 0.017288
A[2]= 0.344498 pm 0.183950
A[3]= 3.682527 pm 0.470126
A[4]= 5317.383696 pm 3402.844095
A[5]= -2600.229695 pm 1184.004071
A[6]= 413.594101 pm 144.900692
A[7]= 7882.626769 pm 6164.222790
A[8]= -3274.103520 pm 2222.858552
A[9]= -42.570522 pm 96.910511
A[10]= 3.978045 pm 0.750066
A[11]= 4065.015278 pm 4430.364112
A[12]= -2108.722017 pm 1402.299971
A[13]= 284.469258 pm 226.626617
A[14]= 4999.120205 pm 8060.554400
A[15]= -2673.026045 pm 2641.386959
A[16]= -77.790977 pm 135.632718

Best-fitting parameters
A[0]= 1.008635
A[1]= 1.010965
A[2]= 0.441198
A[3]= 3.516567
A[4]= 5167.272000
A[5]= -2835.142000
A[6]= 466.104800
A[7]= 10420.610000
A[8]= -4295.525000
A[9]= -2.922001
A[10]= 3.900180
A[11]= 5211.692000
A[12]= -2719.317000
A[13]= 333.439900
A[14]= 13599.850000
A[15]= -5436.384000
A[16]= 52.578430
chi2_min= 38.780440


Cross-Covariance parameters
1.000000	-0.439884	-0.166237	-0.017713	-0.102547	0.133443	-0.029012	0.094887	-0.003858	-0.128730	0.078119	-0.042315	0.112763	-0.100124	0.082706	-0.021108	-0.089104	
-0.439884	1.000000	0.079005	-0.061605	0.252239	-0.236722	0.083171	-0.127411	0.053426	0.114113	-0.015216	0.226161	-0.215376	0.030021	-0.101647	0.049248	0.074401	
-0.166237	0.079005	1.000000	-0.155290	0.643490	-0.832188	0.344926	0.606939	-0.789026	0.526626	-0.284665	0.421997	-0.719956	0.391316	0.424192	-0.632037	0.338004	
-0.017713	-0.061605	-0.155290	1.000000	0.175738	0.151670	-0.943394	0.072163	-0.065583	0.028866	0.039262	-0.080069	0.121490	-0.055336	-0.070057	0.102627	-0.060179	
-0.102547	0.252239	0.643490	0.175738	1.000000	-0.918409	0.132949	0.404073	-0.545055	0.367162	-0.176157	0.324018	-0.503989	0.245340	0.259200	-0.397683	0.224070	
0.133443	-0.236722	-0.832188	0.151670	-0.918409	1.000000	-0.440213	-0.474409	0.640788	-0.432946	0.231216	-0.394566	0.632850	-0.320406	-0.341245	0.518298	-0.287927	
-0.029012	0.083171	0.344926	-0.943394	0.132949	-0.440213	1.000000	0.044707	-0.092254	0.068010	-0.093964	0.159183	-0.257607	0.130124	0.148011	-0.220096	0.123512	
0.094887	-0.127411	0.606939	0.072163	0.404073	-0.474409	0.044707	1.000000	-0.955909	0.883665	-0.166709	0.239820	-0.420353	0.229535	0.304500	-0.420357	0.198877	
-0.003858	0.053426	-0.789026	-0.065583	-0.545055	0.640788	-0.092254	-0.955909	1.000000	-0.879472	0.220453	-0.322551	0.557404	-0.303283	-0.365738	0.523046	-0.261650	
-0.128730	0.114113	0.526626	0.028866	0.367162	-0.432946	0.068010	0.883665	-0.879472	1.000000	-0.148587	0.232407	-0.387356	0.204203	0.219107	-0.329567	0.184833	
0.078119	-0.015216	-0.284665	0.039262	-0.176157	0.231216	-0.093964	-0.166709	0.220453	-0.148587	1.000000	0.267037	0.182111	-0.958310	0.006042	-0.011972	-0.019849	
-0.042315	0.226161	0.421997	-0.080069	0.324018	-0.394566	0.159183	0.239820	-0.322551	0.232407	0.267037	1.000000	-0.866904	-0.009832	0.164152	-0.295925	0.112216	
0.112763	-0.215376	-0.719956	0.121490	-0.503989	0.632850	-0.257607	-0.420353	0.557404	-0.387356	0.182111	-0.866904	1.000000	-0.425841	-0.252330	0.419592	-0.191852	
-0.100124	0.030021	0.391316	-0.055336	0.245340	-0.320406	0.130124	0.229535	-0.303283	0.204203	-0.958310	-0.009832	-0.425841	1.000000	0.028035	-0.052988	0.035909	
0.082706	-0.101647	0.424192	-0.070057	0.259200	-0.341245	0.148011	0.304500	-0.365738	0.219107	0.006042	0.164152	-0.252330	0.028035	1.000000	-0.951169	0.876785	
-0.021108	0.049248	-0.632037	0.102627	-0.397683	0.518298	-0.220096	-0.420357	0.523046	-0.329567	-0.011972	-0.295925	0.419592	-0.052988	-0.951169	1.000000	-0.880387	
-0.089104	0.074401	0.338004	-0.060179	0.224070	-0.287927	0.123512	0.198877	-0.261650	0.184833	-0.019849	0.112216	-0.191852	0.035909	0.876785	-0.880387	1.000000	

Time taken for mcmc chain: 2.351389 hours
