Number of steps: 8057155
Number of accepted steps: 1523424
Burn-in number of steps: 60000
Accepted fraction of steps: 0.189077
Convergence Status
R[0]= 1.000123	R[1]= 1.000907	R[2]= 1.005394	R[3]= 1.000846	R[4]= 1.002296	R[5]= 1.003791	R[6]= 1.001350	R[7]= 1.002245	R[8]= 1.003684	R[9]= 1.001986	R[10]= 1.001874	R[11]= 1.000389	R[12]= 1.001110	R[13]= 1.001839	R[14]= 1.000776	R[15]= 1.001481	R[16]= 1.000562	
<R>= 1.001803

Mean parameters
A[0]= 1.015686 pm 0.029143
A[1]= 0.999205 pm 0.015338
A[2]= 0.181802 pm 0.136733
A[3]= 4.423928 pm 0.489632
A[4]= 2795.557223 pm 3133.445841
A[5]= -990.741676 pm 1086.220211
A[6]= 149.186456 pm 152.071164
A[7]= -5356.802586 pm 6389.103157
A[8]= 882.806837 pm 2129.184146
A[9]= -245.928881 pm 96.530788
A[10]= 3.120316 pm 0.755622
A[11]= 340.248510 pm 3912.009453
A[12]= -1184.877821 pm 1125.147856
A[13]= 503.188670 pm 224.785144
A[14]= -86.811553 pm 8006.569921
A[15]= -698.589182 pm 2346.004895
A[16]= -143.704781 pm 135.799423

Best-fitting parameters
A[0]= 1.001596
A[1]= 1.005764
A[2]= 0.072840
A[3]= 4.635937
A[4]= 1388.444000
A[5]= -240.956500
A[6]= 67.126150
A[7]= -10447.180000
A[8]= 2612.918000
A[9]= -285.805400
A[10]= 2.751795
A[11]= -788.810900
A[12]= -946.227900
A[13]= 593.159800
A[14]= -7148.841000
A[15]= 1461.131000
A[16]= -221.967100
chi2_min= 43.200810


Cross-Covariance parameters
1.000000	-0.433317	-0.036813	-0.063599	0.062014	-0.047250	0.040374	0.253601	-0.178818	-0.075112	0.059410	0.064980	-0.020063	-0.063372	0.140986	-0.118625	-0.038610	
-0.433317	1.000000	0.030867	-0.023157	0.201805	-0.170624	0.027162	-0.178613	0.119027	0.102867	-0.087336	0.101498	-0.133990	0.084307	-0.123070	0.103249	0.026132	
-0.036813	0.030867	1.000000	-0.215013	0.603211	-0.790881	0.354969	0.593038	-0.754455	0.487263	-0.118741	0.317739	-0.524294	0.183224	0.298041	-0.446260	0.206203	
-0.063599	-0.023157	-0.215013	1.000000	0.070047	0.307031	-0.955856	-0.020067	0.042973	-0.033846	0.028594	-0.079900	0.123328	-0.041570	-0.073856	0.104152	-0.044908	
0.062014	0.201805	0.603211	0.070047	1.000000	-0.901611	0.192415	0.370946	-0.477943	0.298042	-0.080730	0.236293	-0.359551	0.119281	0.175899	-0.266069	0.125164	
-0.047250	-0.170624	-0.790881	0.307031	-0.901611	1.000000	-0.540129	-0.444448	0.576715	-0.365549	0.101995	-0.287219	0.449584	-0.152345	-0.235309	0.352812	-0.165021	
0.040374	0.027162	0.354969	-0.955856	0.192415	-0.540129	1.000000	0.099118	-0.148214	0.094231	-0.044754	0.122262	-0.194935	0.067042	0.114418	-0.165833	0.075625	
0.253601	-0.178613	0.593038	-0.020067	0.370946	-0.444448	0.099118	1.000000	-0.967318	0.853513	-0.049885	0.198368	-0.310046	0.088585	0.226882	-0.309007	0.114061	
-0.178818	0.119027	-0.754455	0.042973	-0.477943	0.576715	-0.148214	-0.967318	1.000000	-0.863113	0.074934	-0.248724	0.396704	-0.124180	-0.261086	0.368889	-0.148885	
-0.075112	0.102867	0.487263	-0.033846	0.298042	-0.365549	0.094231	0.853513	-0.863113	1.000000	-0.068697	0.162073	-0.267227	0.100788	0.129610	-0.203622	0.101194	
0.059410	-0.087336	-0.118741	0.028594	-0.080730	0.101995	-0.044754	-0.049885	0.074934	-0.068697	1.000000	0.276744	0.227304	-0.963710	0.060121	-0.085632	0.009837	
0.064980	0.101498	0.317739	-0.079900	0.236293	-0.287219	0.122262	0.198368	-0.248724	0.162073	0.276744	1.000000	-0.848041	-0.039152	0.053995	-0.119639	-0.009917	
-0.020063	-0.133990	-0.524294	0.123328	-0.359551	0.449584	-0.194935	-0.310046	0.396704	-0.267227	0.227304	-0.848041	1.000000	-0.455896	-0.074978	0.151433	-0.021443	
-0.063372	0.084307	0.183224	-0.041570	0.119281	-0.152345	0.067042	0.088585	-0.124180	0.100788	-0.963710	-0.039152	-0.455896	1.000000	-0.059757	0.072938	-0.023143	
0.140986	-0.123070	0.298041	-0.073856	0.175899	-0.235309	0.114418	0.226882	-0.261086	0.129610	0.060121	0.053995	-0.074978	-0.059757	1.000000	-0.971046	0.881316	
-0.118625	0.103249	-0.446260	0.104152	-0.266069	0.352812	-0.165833	-0.309007	0.368889	-0.203622	-0.085632	-0.119639	0.151433	0.072938	-0.971046	1.000000	-0.909822	
-0.038610	0.026132	0.206203	-0.044908	0.125164	-0.165021	0.075625	0.114061	-0.148885	0.101194	0.009837	-0.009917	-0.021443	-0.023143	0.881316	-0.909822	1.000000	

Time taken for mcmc chain: 1.541667 hours
