Number of steps: 9937673
Number of accepted steps: 2000004
Burn-in number of steps: 60000
Accepted fraction of steps: 0.201255
Convergence Status
R[0]= 1.000341	R[1]= 1.000719	R[2]= 1.031105	R[3]= 1.000020	R[4]= 1.013513	R[5]= 1.018127	R[6]= 1.000580	R[7]= 1.016012	R[8]= 1.023656	R[9]= 1.011886	R[10]= 1.003430	R[11]= 1.003856	R[12]= 1.012237	R[13]= 1.004774	R[14]= 1.005288	R[15]= 1.010913	R[16]= 1.003065	
<R>= 1.009384

Mean parameters
A[0]= 1.016790 pm 0.027175
A[1]= 0.985960 pm 0.017118
A[2]= 0.234935 pm 0.163584
A[3]= 3.972781 pm 0.487854
A[4]= 992.068409 pm 3221.672911
A[5]= -969.256848 pm 1127.650130
A[6]= 271.841149 pm 150.637011
A[7]= -1118.195411 pm 6539.609028
A[8]= -411.578707 pm 2247.639394
A[9]= -230.654717 pm 101.018077
A[10]= 3.783168 pm 0.779019
A[11]= 4249.104833 pm 4083.089287
A[12]= -1882.404322 pm 1294.597980
A[13]= 351.882534 pm 234.053125
A[14]= 4276.514289 pm 7954.026749
A[15]= -2489.993649 pm 2458.021082
A[16]= -23.869182 pm 134.692931

Best-fitting parameters
A[0]= 1.017904
A[1]= 0.984435
A[2]= 0.099075
A[3]= 4.105713
A[4]= -927.406000
A[5]= -130.591700
A[6]= 212.057800
A[7]= -2494.291000
A[8]= 553.883400
A[9]= -256.079800
A[10]= 4.162404
A[11]= 5251.401000
A[12]= -1588.046000
A[13]= 250.045300
A[14]= 3400.324000
A[15]= -1932.761000
A[16]= -3.919289
chi2_min= 30.870290


Cross-Covariance parameters
1.000000	-0.437589	-0.109249	-0.029670	-0.019359	0.044217	0.002563	0.145525	-0.069340	-0.118123	0.062547	-0.002784	0.058017	-0.076771	0.111532	-0.067427	-0.083245	
-0.437589	1.000000	0.042124	-0.038124	0.203125	-0.180128	0.037365	-0.124152	0.070525	0.126424	-0.116223	0.152411	-0.179108	0.112384	-0.119335	0.090994	0.062766	
-0.109249	0.042124	1.000000	-0.180607	0.634047	-0.809131	0.338982	0.621674	-0.779312	0.529523	-0.262892	0.397798	-0.660180	0.345686	0.356688	-0.546183	0.265449	
-0.029670	-0.038124	-0.180607	1.000000	0.084585	0.268112	-0.952082	0.033551	-0.012028	-0.022208	0.056670	-0.080015	0.128734	-0.070335	-0.064248	0.097463	-0.043962	
-0.019359	0.203125	0.634047	0.084585	1.000000	-0.910719	0.193399	0.410335	-0.521331	0.348405	-0.183567	0.292286	-0.456845	0.233253	0.224032	-0.344558	0.178643	
0.044217	-0.180128	-0.809131	0.268112	-0.910719	1.000000	-0.517942	-0.472858	0.607910	-0.416079	0.228705	-0.353598	0.565344	-0.293113	-0.285116	0.438716	-0.221564	
0.002563	0.037365	0.338982	-0.952082	0.193399	-0.517942	1.000000	0.065674	-0.115541	0.097353	-0.096725	0.139735	-0.230058	0.123517	0.121822	-0.184955	0.087993	
0.145525	-0.124152	0.621674	0.033551	0.410335	-0.472858	0.065674	1.000000	-0.966786	0.878543	-0.153302	0.242795	-0.402210	0.203785	0.257932	-0.369388	0.148041	
-0.069340	0.070525	-0.779312	-0.012028	-0.521331	0.607910	-0.115541	-0.966786	1.000000	-0.881072	0.198146	-0.306899	0.508953	-0.261817	-0.303255	0.446552	-0.194763	
-0.118123	0.126424	0.529523	-0.022208	0.348405	-0.416079	0.097353	0.878543	-0.881072	1.000000	-0.154445	0.217720	-0.361867	0.196987	0.171195	-0.273547	0.143960	
0.062547	-0.116223	-0.262892	0.056670	-0.183567	0.228705	-0.096725	-0.153302	0.198146	-0.154445	1.000000	0.176940	0.306838	-0.963970	0.029820	-0.023954	-0.040689	
-0.002784	0.152411	0.397798	-0.080015	0.292286	-0.353598	0.139735	0.242795	-0.306899	0.217720	0.176940	1.000000	-0.853843	0.061210	0.116141	-0.215773	0.050284	
0.058017	-0.179108	-0.660180	0.128734	-0.456845	0.565344	-0.230058	-0.402210	0.508953	-0.361867	0.306838	-0.853843	1.000000	-0.522938	-0.166255	0.295911	-0.116863	
-0.076771	0.112384	0.345686	-0.070335	0.233253	-0.293113	0.123517	0.203785	-0.261817	0.196987	-0.963970	0.061210	-0.522938	1.000000	-0.012011	-0.014386	0.041052	
0.111532	-0.119335	0.356688	-0.064248	0.224032	-0.285116	0.121822	0.257932	-0.303255	0.171195	0.029820	0.116141	-0.166255	-0.012011	1.000000	-0.960634	0.869920	
-0.067427	0.090994	-0.546183	0.097463	-0.344558	0.438716	-0.184955	-0.369388	0.446552	-0.273547	-0.023954	-0.215773	0.295911	-0.014386	-0.960634	1.000000	-0.884447	
-0.083245	0.062766	0.265449	-0.043962	0.178643	-0.221564	0.087993	0.148041	-0.194763	0.143960	-0.040689	0.050284	-0.116863	0.041052	0.869920	-0.884447	1.000000	

Time taken for mcmc chain: 2.391667 hours
