Number of steps: 6488800
Number of accepted steps: 606444
Burn-in number of steps: 60000
Accepted fraction of steps: 0.093460
Convergence Status
R[0]= 1.000435	R[1]= 1.002788	R[2]= 1.002836	R[3]= 1.003764	R[4]= 1.001854	R[5]= 1.001859	R[6]= 1.003872	R[7]= 1.000803	R[8]= 1.001743	R[9]= 1.000475	R[10]= 1.000095	R[11]= 1.000517	R[12]= 1.000639	R[13]= 1.000276	R[14]= 1.000097	R[15]= 1.000172	R[16]= 1.000775	
<R>= 1.001353

Mean parameters
A[0]= 1.001613 pm 0.063881
A[1]= 0.975120 pm 0.034206
A[2]= 0.185800 pm 0.131403
A[3]= 6.576042 pm 1.079006
A[4]= 5289.230962 pm 5239.797627
A[5]= -1195.656015 pm 1769.534848
A[6]= -218.932936 pm 314.190713
A[7]= 11340.998959 pm 6642.219742
A[8]= -3926.536613 pm 2270.666072
A[9]= -31.579830 pm 138.143103
A[10]= 0.330948 pm 0.325138
A[11]= 17165.636880 pm 2412.713553
A[12]= -8721.197762 pm 730.473497
A[13]= 1618.370295 pm 111.169480
A[14]= 16374.043994 pm 3374.129858
A[15]= -5562.986721 pm 1072.146309
A[16]= 327.505490 pm 105.080745

Best-fitting parameters
A[0]= 1.007539
A[1]= 0.975297
A[2]= 0.121713
A[3]= 6.858241
A[4]= 4119.999000
A[5]= -528.333200
A[6]= -323.811000
A[7]= 15896.840000
A[8]= -4880.092000
A[9]= 57.899050
A[10]= 0.250308
A[11]= 19715.020000
A[12]= -9604.530000
A[13]= 1698.896000
A[14]= 19095.570000
A[15]= -6310.010000
A[16]= 372.284400
chi2_min= 569.174900


Cross-Covariance parameters
1.000000	-0.415934	0.010739	-0.129809	0.052627	-0.093064	0.085780	0.263428	-0.203832	-0.503220	-0.145617	-0.001646	-0.048904	0.122225	0.006257	0.002026	-0.055311	
-0.415934	1.000000	0.072768	-0.114505	0.267119	-0.273808	0.084722	-0.162842	0.085070	0.467684	0.069859	-0.000962	0.021664	-0.076214	0.000678	-0.016123	0.053878	
0.010739	0.072768	1.000000	-0.144131	0.602410	-0.746225	0.250424	0.407616	-0.667086	0.150963	-0.044112	0.013837	-0.054663	0.037145	0.003634	-0.028528	-0.028959	
-0.129809	-0.114505	-0.144131	1.000000	0.127200	0.345124	-0.970644	0.025367	-0.037666	-0.015316	0.025176	-0.002471	0.014631	-0.018435	-0.006915	0.017114	-0.009595	
0.052627	0.267119	0.602410	0.127200	1.000000	-0.869078	0.053737	0.242291	-0.428399	0.108901	-0.034021	0.011090	-0.035855	0.022666	0.001208	-0.014224	-0.020202	
-0.093064	-0.273808	-0.746225	0.345124	-0.869078	1.000000	-0.506493	-0.266141	0.464329	-0.125235	0.045910	-0.012700	0.045457	-0.032695	-0.004881	0.024911	0.017210	
0.085780	0.084722	0.250424	-0.970644	0.053737	-0.506493	1.000000	0.007418	-0.027234	0.028978	-0.023721	0.004875	-0.018389	0.018287	0.006857	-0.018891	0.006171	
0.263428	-0.162842	0.407616	0.025367	0.242291	-0.266141	0.007418	1.000000	-0.928789	0.469759	-0.070905	0.001701	-0.035511	0.058393	-0.000542	-0.011268	-0.027433	
-0.203832	0.085070	-0.667086	-0.037666	-0.428399	0.464329	-0.027234	-0.928789	1.000000	-0.498832	0.067830	-0.005307	0.045476	-0.055877	-0.000418	0.018526	0.030852	
-0.503220	0.467684	0.150963	-0.015316	0.108901	-0.125235	0.028978	0.469759	-0.498832	1.000000	0.068382	-0.001254	0.019917	-0.063797	-0.001521	-0.015002	0.041615	
-0.145617	0.069859	-0.044112	0.025176	-0.034021	0.045910	-0.023721	-0.070905	0.067830	0.068382	1.000000	0.016781	0.292188	-0.869163	0.002431	-0.044029	-0.014573	
-0.001646	-0.000962	0.013837	-0.002471	0.011090	-0.012700	0.004875	0.001701	-0.005307	-0.001254	0.016781	1.000000	-0.892239	0.332450	-0.001089	-0.002478	0.001299	
-0.048904	0.021664	-0.054663	0.014631	-0.035855	0.045457	-0.018389	-0.035511	0.045476	0.019917	0.292188	-0.892239	1.000000	-0.669595	0.000180	-0.013324	0.007804	
0.122225	-0.076214	0.037145	-0.018435	0.022666	-0.032695	0.018287	0.058393	-0.055877	-0.063797	-0.869163	0.332450	-0.669595	1.000000	-0.009256	0.054739	-0.014454	
0.006257	0.000678	0.003634	-0.006915	0.001208	-0.004881	0.006857	-0.000542	-0.000418	-0.001521	0.002431	-0.001089	0.000180	-0.009256	1.000000	-0.848629	0.524144	
0.002026	-0.016123	-0.028528	0.017114	-0.014224	0.024911	-0.018891	-0.011268	0.018526	-0.015002	-0.044029	-0.002478	-0.013324	0.054739	-0.848629	1.000000	-0.872944	
-0.055311	0.053878	-0.028959	-0.009595	-0.020202	0.017210	0.006171	-0.027433	0.030852	0.041615	-0.014573	0.001299	0.007804	-0.014454	0.524144	-0.872944	1.000000	

Time taken for mcmc chain: 35.833333 minutes
