Number of steps: 2480505
Number of accepted steps: 453203
Burn-in number of steps: 60000
Accepted fraction of steps: 0.182706
Convergence Status
R[0]= 1.000764	R[1]= 1.000261	R[2]= 1.003302	R[3]= 1.002120	R[4]= 1.001352	R[5]= 1.001653	R[6]= 1.002122	R[7]= 1.000823	R[8]= 1.002076	R[9]= 1.000385	R[10]= 1.000635	R[11]= 1.001823	R[12]= 1.001691	R[13]= 1.000600	R[14]= 1.001115	R[15]= 1.001948	R[16]= 1.000452	
<R>= 1.001360

Mean parameters
A[0]= 1.048974 pm 0.063968
A[1]= 0.996109 pm 0.025643
A[2]= 0.265737 pm 0.149700
A[3]= 6.855449 pm 1.038769
A[4]= 9848.302459 pm 5067.529992
A[5]= -2255.131787 pm 1724.284673
A[6]= -339.549349 pm 305.177519
A[7]= 7065.063922 pm 8379.018606
A[8]= -3767.368886 pm 3027.919161
A[9]= -90.445366 pm 150.427705
A[10]= 5.085188 pm 1.596511
A[11]= 4893.538181 pm 6342.898120
A[12]= -1974.467336 pm 1896.750380
A[13]= 113.734998 pm 472.049979
A[14]= -5315.080565 pm 9300.180383
A[15]= 499.537844 pm 3019.687948
A[16]= -349.680841 pm 179.043170

Best-fitting parameters
A[0]= 1.087721
A[1]= 0.986587
A[2]= 0.204353
A[3]= 7.487846
A[4]= 8181.405000
A[5]= -1210.672000
A[6]= -564.597700
A[7]= 11607.480000
A[8]= -4527.645000
A[9]= -104.621300
A[10]= 5.289126
A[11]= 1630.615000
A[12]= -885.821400
A[13]= 7.453637
A[14]= -8640.409000
A[15]= 1551.791000
A[16]= -431.526300
chi2_min= 65.584940


Cross-Covariance parameters
1.000000	-0.412963	-0.069042	-0.172118	-0.037323	-0.013931	0.109169	0.167801	-0.108646	-0.393170	-0.090215	-0.025987	-0.010209	0.060085	0.086741	-0.066103	-0.257279	
-0.412963	1.000000	0.033595	-0.105367	0.191387	-0.208757	0.086818	-0.182273	0.119245	0.313419	0.040460	0.155193	-0.124956	-0.048977	-0.094976	0.063456	0.181865	
-0.069042	0.033595	1.000000	-0.083965	0.601422	-0.786332	0.210371	0.526296	-0.743827	0.393074	-0.043440	0.360397	-0.536470	0.104841	0.330138	-0.533499	0.228376	
-0.172118	-0.105367	-0.083965	1.000000	0.248468	0.220298	-0.968779	0.100464	-0.119675	0.027896	0.037541	-0.044181	0.074862	-0.032610	-0.036002	0.057124	-0.013894	
-0.037323	0.191387	0.601422	0.248468	1.000000	-0.863016	-0.047744	0.328471	-0.488723	0.244394	-0.022119	0.261079	-0.361501	0.056183	0.190310	-0.315195	0.142536	
-0.013931	-0.208757	-0.786332	0.220298	-0.863016	1.000000	-0.409110	-0.366236	0.547731	-0.294089	0.043638	-0.324810	0.465019	-0.085733	-0.256177	0.420093	-0.183278	
0.109169	0.086818	0.210371	-0.968779	-0.047744	-0.409110	1.000000	-0.043750	0.031673	0.024733	-0.039934	0.083009	-0.135222	0.045675	0.076096	-0.121573	0.052520	
0.167801	-0.182273	0.526296	0.100464	0.328471	-0.366236	-0.043750	1.000000	-0.943271	0.679771	-0.021576	0.182611	-0.276405	0.051505	0.222984	-0.322500	0.055600	
-0.108646	0.119245	-0.743827	-0.119675	-0.488723	0.547731	0.031673	-0.943271	1.000000	-0.695184	0.031092	-0.265400	0.396975	-0.074616	-0.284300	0.430160	-0.120748	
-0.393170	0.313419	0.393074	0.027896	0.244394	-0.294089	0.024733	0.679771	-0.695184	1.000000	0.029474	0.170309	-0.212749	-0.000409	0.097778	-0.180645	0.200438	
-0.090215	0.040460	-0.043440	0.037541	-0.022119	0.043638	-0.039934	-0.021576	0.031092	0.029474	1.000000	0.319848	0.263063	-0.977078	0.101300	-0.197620	-0.048436	
-0.025987	0.155193	0.360397	-0.044181	0.261079	-0.324810	0.083009	0.182611	-0.265400	0.170309	0.319848	1.000000	-0.806317	-0.138303	0.184475	-0.304426	0.108717	
-0.010209	-0.124956	-0.536470	0.074862	-0.361501	0.465019	-0.135222	-0.276405	0.396975	-0.212749	0.263063	-0.806317	1.000000	-0.437347	-0.178652	0.276044	-0.168543	
0.060085	-0.048977	0.104841	-0.032610	0.056183	-0.085733	0.045675	0.051505	-0.074616	-0.000409	-0.977078	-0.138303	-0.437347	1.000000	-0.078201	0.158694	0.065617	
0.086741	-0.094976	0.330138	-0.036002	0.190310	-0.256177	0.076096	0.222984	-0.284300	0.097778	0.101300	0.184475	-0.178652	-0.078201	1.000000	-0.941869	0.759486	
-0.066103	0.063456	-0.533499	0.057124	-0.315195	0.420093	-0.121573	-0.322500	0.430160	-0.180645	-0.197620	-0.304426	0.276044	0.158694	-0.941869	1.000000	-0.775970	
-0.257279	0.181865	0.228376	-0.013894	0.142536	-0.183278	0.052520	0.055600	-0.120748	0.200438	-0.048436	0.108717	-0.168543	0.065617	0.759486	-0.775970	1.000000	

Time taken for mcmc chain: 14.333333 minutes
