Number of steps: 2330120
Number of accepted steps: 624357
Burn-in number of steps: 60000
Accepted fraction of steps: 0.267951
Convergence Status
R[0]= 1.001508	R[1]= 1.001923	R[2]= 1.000470	R[3]= 1.001104	R[4]= 1.000429	R[5]= 1.000641	R[6]= 1.001497	R[7]= 1.000440	R[8]= 1.000272	R[9]= 1.000198	R[10]= 1.000363	R[11]= 1.000452	R[12]= 1.000661	R[13]= 1.000479	R[14]= 1.000211	R[15]= 1.000131	R[16]= 1.000388	
<R>= 1.000657

Mean parameters
A[0]= 1.076430 pm 0.062449
A[1]= 1.010474 pm 0.035469
A[2]= 0.154866 pm 0.122876
A[3]= 3.869251 pm 0.975571
A[4]= 3049.698364 pm 4555.715698
A[5]= -2289.183437 pm 1276.604545
A[6]= 492.091123 pm 289.636686
A[7]= 10929.902375 pm 6228.977387
A[8]= -3487.074810 pm 1927.221708
A[9]= -34.376596 pm 121.996552
A[10]= 7.342059 pm 1.674676
A[11]= 10830.306568 pm 5428.138440
A[12]= -1388.164105 pm 2006.838657
A[13]= -569.110045 pm 507.943910
A[14]= 12531.881879 pm 6342.017251
A[15]= -4738.387017 pm 2169.312213
A[16]= 4.523907 pm 165.547164

Best-fitting parameters
A[0]= 1.130800
A[1]= 0.994387
A[2]= 0.049145
A[3]= 3.862419
A[4]= 3564.631000
A[5]= -2181.643000
A[6]= 492.112700
A[7]= 11578.470000
A[8]= -3327.299000
A[9]= -56.789690
A[10]= 7.689930
A[11]= 9938.668000
A[12]= -570.989900
A[13]= -693.140300
A[14]= 19877.450000
A[15]= -5650.258000
A[16]= -29.148910
chi2_min= 61.917270


Cross-Covariance parameters
1.000000	-0.368269	0.100433	-0.003950	0.087317	-0.098870	-0.008053	0.182464	-0.183000	-0.279119	-0.212334	0.052238	-0.177862	0.193154	0.172566	-0.172777	-0.453940	
-0.368269	1.000000	0.018179	-0.052001	0.211482	-0.234701	0.031117	-0.156571	0.108029	0.256303	-0.147071	0.233940	-0.254558	0.105176	-0.148605	0.106972	0.428939	
0.100433	0.018179	1.000000	-0.031772	0.359574	-0.537261	0.097400	0.242942	-0.471676	0.117584	-0.236987	0.312553	-0.560920	0.270559	0.215494	-0.558372	0.044773	
-0.003950	-0.052001	-0.031772	1.000000	0.381772	0.176915	-0.972700	0.098476	-0.147676	-0.068159	0.018953	-0.011507	0.024122	-0.018019	0.007594	0.009197	-0.036700	
0.087317	0.211482	0.359574	0.381772	1.000000	-0.822476	-0.193978	0.069683	-0.191821	-0.013947	-0.153248	0.180412	-0.290444	0.149671	0.064094	-0.190337	0.044069	
-0.098870	-0.234701	-0.537261	0.176915	-0.822476	1.000000	-0.364704	-0.057949	0.190929	-0.044684	0.197369	-0.233184	0.388711	-0.199511	-0.096034	0.286299	-0.072367	
-0.008053	0.031117	0.097400	-0.972700	-0.193978	-0.364704	1.000000	-0.090729	0.122936	0.058847	-0.025640	0.022718	-0.049545	0.028791	0.007045	-0.046121	0.038436	
0.182464	-0.156571	0.242942	0.098476	0.069683	-0.057949	-0.090729	1.000000	-0.942340	0.695243	-0.055993	0.063103	-0.126482	0.066737	0.089550	-0.165247	-0.102629	
-0.183000	0.108029	-0.471676	-0.147676	-0.191821	0.190929	0.122936	-0.942340	1.000000	-0.733384	0.116482	-0.141762	0.263764	-0.133207	-0.130224	0.286577	0.071170	
-0.279119	0.256303	0.117584	-0.068159	-0.013947	-0.044684	0.058847	0.695243	-0.733384	1.000000	-0.009443	0.068770	-0.078437	0.011380	-0.042399	-0.014979	0.184697	
-0.212334	-0.147071	-0.236987	0.018953	-0.153248	0.197369	-0.025640	-0.055993	0.116482	-0.009443	1.000000	0.086683	0.569148	-0.983559	-0.050614	0.046370	-0.132247	
0.052238	0.233940	0.312553	-0.011507	0.180412	-0.233184	0.022718	0.063103	-0.141762	0.068770	0.086683	1.000000	-0.740800	0.040163	0.055996	-0.193741	0.035343	
-0.177862	-0.254558	-0.560920	0.024122	-0.290444	0.388711	-0.049545	-0.126482	0.263764	-0.078437	0.569148	-0.740800	1.000000	-0.667847	-0.115351	0.281026	-0.108383	
0.193154	0.105176	0.270559	-0.018019	0.149671	-0.199511	0.028791	0.066737	-0.133207	0.011380	-0.983559	0.040163	-0.667847	1.000000	0.058709	-0.065556	0.123004	
0.172566	-0.148605	0.215494	0.007594	0.064094	-0.096034	0.007045	0.089550	-0.130224	-0.042399	-0.050614	0.055996	-0.115351	0.058709	1.000000	-0.879694	0.480232	
-0.172777	0.106972	-0.558372	0.009197	-0.190337	0.286299	-0.046121	-0.165247	0.286577	-0.014979	0.046370	-0.193741	0.281026	-0.065556	-0.879694	1.000000	-0.522973	
-0.453940	0.428939	0.044773	-0.036700	0.044069	-0.072367	0.038436	-0.102629	0.071170	0.184697	-0.132247	0.035343	-0.108383	0.123004	0.480232	-0.522973	1.000000	

Time taken for mcmc chain: 17.983333 minutes
