Number of steps: 1725179
Number of accepted steps: 449335
Burn-in number of steps: 60000
Accepted fraction of steps: 0.260457
Convergence Status
R[0]= 1.001948	R[1]= 1.001817	R[2]= 1.001889	R[3]= 1.003347	R[4]= 1.001288	R[5]= 1.001255	R[6]= 1.003228	R[7]= 1.000816	R[8]= 1.001347	R[9]= 1.000934	R[10]= 1.002263	R[11]= 1.000745	R[12]= 1.002004	R[13]= 1.002313	R[14]= 1.000675	R[15]= 1.000390	R[16]= 1.000827	
<R>= 1.001593

Mean parameters
A[0]= 1.060477 pm 0.050423
A[1]= 1.055063 pm 0.029939
A[2]= 0.264590 pm 0.147692
A[3]= 5.904607 pm 0.921417
A[4]= 12474.479209 pm 4506.003071
A[5]= -4010.929209 pm 1466.845304
A[6]= -23.646919 pm 281.597012
A[7]= 2315.842303 pm 8961.475970
A[8]= -2384.338048 pm 3089.121428
A[9]= -84.220688 pm 149.749961
A[10]= 6.615736 pm 1.495197
A[11]= 13079.552064 pm 4849.338903
A[12]= -2936.757324 pm 1733.630476
A[13]= -385.229445 pm 460.025896
A[14]= 4865.017092 pm 9507.700193
A[15]= -4183.642662 pm 3203.955924
A[16]= 62.255737 pm 180.236112

Best-fitting parameters
A[0]= 1.040482
A[1]= 1.070649
A[2]= 0.431156
A[3]= 6.338592
A[4]= 18265.760000
A[5]= -5933.633000
A[6]= -90.149240
A[7]= 7850.465000
A[8]= -5273.542000
A[9]= 28.859360
A[10]= 6.915546
A[11]= 18260.170000
A[12]= -4851.042000
A[13]= -419.793100
A[14]= 11818.550000
A[15]= -7621.092000
A[16]= 207.773300
chi2_min= 49.120180


Cross-Covariance parameters
1.000000	-0.385140	0.025689	-0.120199	-0.004385	-0.046259	0.083129	0.209275	-0.178442	-0.215503	-0.078073	0.018557	-0.060687	0.058143	0.139728	-0.138847	-0.259427	
-0.385140	1.000000	-0.044726	-0.012096	0.228477	-0.193443	-0.018705	-0.240036	0.191844	0.164002	-0.245272	0.100585	-0.204895	0.209394	-0.181277	0.190141	0.211213	
0.025689	-0.044726	1.000000	-0.108934	0.473907	-0.741547	0.210979	0.520788	-0.712586	0.395974	-0.175712	0.322655	-0.628061	0.221149	0.360169	-0.601331	0.202372	
-0.120199	-0.012096	-0.108934	1.000000	0.342645	0.158885	-0.970800	0.075106	-0.102559	0.078465	0.078728	-0.023557	0.091715	-0.076427	-0.034668	0.059251	0.002642	
-0.004385	0.228477	0.473907	0.342645	1.000000	-0.835838	-0.155030	0.221704	-0.355900	0.211127	-0.149069	0.211277	-0.380327	0.160484	0.150389	-0.262934	0.134030	
-0.046259	-0.193443	-0.741547	0.158885	-0.835838	1.000000	-0.341895	-0.311579	0.472067	-0.267770	0.212952	-0.283778	0.546632	-0.234929	-0.246513	0.423061	-0.175211	
0.083129	-0.018705	0.210979	-0.970800	-0.155030	-0.341895	1.000000	-0.030648	0.035042	-0.045084	-0.078712	0.054339	-0.144023	0.084256	0.073206	-0.122708	0.022714	
0.209275	-0.240036	0.520788	0.075106	0.221704	-0.311579	-0.030648	1.000000	-0.955189	0.782530	-0.052786	0.148966	-0.293307	0.079350	0.239455	-0.364764	0.035554	
-0.178442	0.191844	-0.712586	-0.102559	-0.355900	0.472067	0.035042	-0.955189	1.000000	-0.791143	0.099948	-0.217287	0.426184	-0.134030	-0.298031	0.469586	-0.091018	
-0.215503	0.164002	0.395974	0.078465	0.211127	-0.267770	-0.045084	0.782530	-0.791143	1.000000	-0.088404	0.129550	-0.265288	0.106291	0.101795	-0.201370	0.159401	
-0.078073	-0.245272	-0.175712	0.078728	-0.149069	0.212952	-0.078712	-0.052786	0.099948	-0.088404	1.000000	0.227350	0.441309	-0.983441	0.029509	-0.081517	-0.040363	
0.018557	0.100585	0.322655	-0.023557	0.211277	-0.283778	0.054339	0.148966	-0.217287	0.129550	0.227350	1.000000	-0.723624	-0.089983	0.140315	-0.257452	0.109383	
-0.060687	-0.204895	-0.628061	0.091715	-0.380327	0.546632	-0.144023	-0.293307	0.426184	-0.265288	0.441309	-0.723624	1.000000	-0.559601	-0.197886	0.328080	-0.165034	
0.058143	0.209394	0.221149	-0.076427	0.160484	-0.234929	0.084256	0.079350	-0.134030	0.106291	-0.983441	-0.089983	-0.559601	1.000000	-0.010926	0.050511	0.047105	
0.139728	-0.181277	0.360169	-0.034668	0.150389	-0.246513	0.073206	0.239455	-0.298031	0.101795	0.029509	0.140315	-0.197886	-0.010926	1.000000	-0.932125	0.737184	
-0.138847	0.190141	-0.601331	0.059251	-0.262934	0.423061	-0.122708	-0.364764	0.469586	-0.201370	-0.081517	-0.257452	0.328080	0.050511	-0.932125	1.000000	-0.734639	
-0.259427	0.211213	0.202372	0.002642	0.134030	-0.175211	0.022714	0.035554	-0.091018	0.159401	-0.040363	0.109383	-0.165034	0.047105	0.737184	-0.734639	1.000000	

Time taken for mcmc chain: 11.100000 minutes
