Number of steps: 11535877
Number of accepted steps: 2000004
Burn-in number of steps: 60000
Accepted fraction of steps: 0.173373
Convergence Status
R[0]= 1.003461	R[1]= 1.002619	R[2]= 1.016920	R[3]= 1.001201	R[4]= 1.004229	R[5]= 1.008155	R[6]= 1.002125	R[7]= 1.005918	R[8]= 1.009185	R[9]= 1.002099	R[10]= 1.000975	R[11]= 1.001438	R[12]= 1.004132	R[13]= 1.001319	R[14]= 1.003717	R[15]= 1.006089	R[16]= 1.001735	
<R>= 1.004430

Mean parameters
A[0]= 1.073265 pm 0.048721
A[1]= 0.976321 pm 0.023588
A[2]= 0.162837 pm 0.131844
A[3]= 3.343165 pm 0.491723
A[4]= 1327.387038 pm 2799.258505
A[5]= -1340.884647 pm 892.435869
A[6]= 472.520853 pm 150.591998
A[7]= 3984.914247 pm 5955.113640
A[8]= -1134.539738 pm 1831.308224
A[9]= -200.433987 pm 91.571982
A[10]= 2.991756 pm 0.773959
A[11]= -3567.894536 pm 3867.958808
A[12]= -70.614303 pm 1104.023701
A[13]= 450.279198 pm 229.401192
A[14]= 1401.318127 pm 8045.033313
A[15]= -896.070657 pm 2331.253131
A[16]= -164.895440 pm 134.763384

Best-fitting parameters
A[0]= 1.080477
A[1]= 0.965143
A[2]= 0.028278
A[3]= 3.064801
A[4]= -43.824890
A[5]= -1023.596000
A[6]= 552.212900
A[7]= 2290.783000
A[8]= -277.752800
A[9]= -214.139100
A[10]= 2.815822
A[11]= -5365.392000
A[12]= 381.331600
A[13]= 495.966800
A[14]= -907.148000
A[15]= 49.461840
A[16]= -182.702700
chi2_min= 77.686410


Cross-Covariance parameters
1.000000	-0.511210	-0.032565	0.015473	0.116569	-0.070780	-0.020440	0.369708	-0.298812	-0.065810	-0.010817	0.074865	-0.064803	0.012727	0.222569	-0.193044	-0.043938	
-0.511210	1.000000	-0.006444	-0.044452	0.178066	-0.167309	0.031257	-0.246540	0.198369	0.126418	-0.125930	0.107299	-0.153875	0.114652	-0.184452	0.168180	0.052519	
-0.032565	-0.006444	1.000000	-0.200953	0.426938	-0.654102	0.298657	0.410539	-0.594941	0.370066	-0.106075	0.254647	-0.449180	0.160669	0.254315	-0.402213	0.208308	
0.015473	-0.044452	-0.200953	1.000000	0.137777	0.310166	-0.960949	0.111871	-0.077419	-0.034378	0.040054	-0.049233	0.097239	-0.049081	-0.045253	0.075192	-0.046868	
0.116569	0.178066	0.426938	0.137777	1.000000	-0.871820	0.102190	0.233893	-0.317735	0.167599	-0.090654	0.176527	-0.272686	0.112313	0.122972	-0.184206	0.099590	
-0.070780	-0.167309	-0.654102	0.310166	-0.871820	1.000000	-0.527379	-0.238680	0.363675	-0.232720	0.113528	-0.220042	0.361559	-0.147007	-0.173117	0.268680	-0.146989	
-0.020440	0.031257	0.298657	-0.960949	0.102190	-0.527379	1.000000	-0.071602	0.017377	0.055831	-0.048217	0.072146	-0.138238	0.062927	0.071932	-0.116303	0.067408	
0.369708	-0.246540	0.410539	0.111871	0.233893	-0.238680	-0.071602	1.000000	-0.966851	0.797016	-0.035232	0.131973	-0.204653	0.060446	0.202280	-0.252143	0.071139	
-0.298812	0.198369	-0.594941	-0.077419	-0.317735	0.363675	0.017377	-0.966851	1.000000	-0.832280	0.056522	-0.176280	0.285897	-0.091243	-0.231665	0.310910	-0.112381	
-0.065810	0.126418	0.370066	-0.034378	0.167599	-0.232720	0.055831	0.797016	-0.832280	1.000000	-0.052507	0.112955	-0.188847	0.071521	0.076632	-0.132845	0.087150	
-0.010817	-0.125930	-0.106075	0.040054	-0.090654	0.113528	-0.048217	-0.035232	0.056522	-0.052507	1.000000	0.262291	0.259138	-0.965475	0.126237	-0.141425	-0.024540	
0.074865	0.107299	0.254647	-0.049233	0.176527	-0.220042	0.072146	0.131973	-0.176280	0.112955	0.262291	1.000000	-0.840095	-0.033972	0.052234	-0.104442	-0.020969	
-0.064803	-0.153875	-0.449180	0.097239	-0.272686	0.361559	-0.138238	-0.204653	0.285897	-0.188847	0.259138	-0.840095	1.000000	-0.478548	-0.027762	0.094038	-0.023647	
0.012727	0.114652	0.160669	-0.049081	0.112313	-0.147007	0.062927	0.060446	-0.091243	0.071521	-0.965475	-0.033972	-0.478548	1.000000	-0.126091	0.131072	0.009670	
0.222569	-0.184452	0.254315	-0.045253	0.122972	-0.173117	0.071932	0.202280	-0.231665	0.076632	0.126237	0.052234	-0.027762	-0.126091	1.000000	-0.971980	0.850103	
-0.193044	0.168180	-0.402213	0.075192	-0.184206	0.268680	-0.116303	-0.252143	0.310910	-0.132845	-0.141425	-0.104442	0.094038	0.131072	-0.971980	1.000000	-0.887299	
-0.043938	0.052519	0.208308	-0.046868	0.099590	-0.146989	0.067408	0.071139	-0.112381	0.087150	-0.024540	-0.020969	-0.023647	0.009670	0.850103	-0.887299	1.000000	

Time taken for mcmc chain: 2.476389 hours
