Number of steps: 1568116
Number of accepted steps: 430000
Burn-in number of steps: 60000
Accepted fraction of steps: 0.274214
Convergence Status
R[0]= 1.002518	R[1]= 1.001494	R[2]= 1.002850	R[3]= 1.002522	R[4]= 1.000354	R[5]= 1.001725	R[6]= 1.002892	R[7]= 1.002408	R[8]= 1.003270	R[9]= 1.000140	R[10]= 1.000306	R[11]= 1.002276	R[12]= 1.002057	R[13]= 1.000244	R[14]= 1.001105	R[15]= 1.000577	R[16]= 1.001338	
<R>= 1.001651

Mean parameters
A[0]= 1.031667 pm 0.065889
A[1]= 1.017246 pm 0.027917
A[2]= 0.179533 pm 0.126952
A[3]= 5.765690 pm 1.050018
A[4]= 6875.297275 pm 4901.445056
A[5]= -1856.847479 pm 1548.574229
A[6]= -85.958500 pm 307.350402
A[7]= 11363.930279 pm 6395.529795
A[8]= -4703.732410 pm 2143.781376
A[9]= 123.799781 pm 130.065552
A[10]= 5.692340 pm 1.606756
A[11]= 2939.864535 pm 6457.624157
A[12]= -1103.538946 pm 1974.913950
A[13]= -59.547844 pm 485.211958
A[14]= 8688.397698 pm 8114.269087
A[15]= -3631.931953 pm 2541.088479
A[16]= 13.735532 pm 170.844645

Best-fitting parameters
A[0]= 1.064282
A[1]= 1.008372
A[2]= 0.264739
A[3]= 5.326502
A[4]= 8043.980000
A[5]= -2729.229000
A[6]= 64.474060
A[7]= 19193.880000
A[8]= -7266.624000
A[9]= 202.900100
A[10]= 5.914728
A[11]= 5240.345000
A[12]= -1814.565000
A[13]= -107.491100
A[14]= 17833.690000
A[15]= -6351.646000
A[16]= 36.280770
chi2_min= 58.187030


Cross-Covariance parameters
1.000000	-0.394066	-0.083370	-0.248793	-0.027852	-0.070669	0.194742	0.199348	-0.124537	-0.442912	0.085112	0.072707	0.003219	-0.112492	0.141444	-0.127593	-0.350562	
-0.394066	1.000000	0.116276	-0.076184	0.230131	-0.260452	0.070254	-0.137881	0.058207	0.365669	-0.031244	0.180872	-0.191966	0.024949	-0.115190	0.068834	0.257238	
-0.083370	0.116276	1.000000	-0.032467	0.530412	-0.692569	0.133180	0.340720	-0.618827	0.202927	-0.151160	0.333853	-0.540880	0.206130	0.217164	-0.443859	0.130473	
-0.248793	-0.076184	-0.032467	1.000000	0.283020	0.236045	-0.971485	0.025415	-0.080728	0.072884	-0.035598	-0.080670	0.053270	0.042196	-0.048666	0.061977	0.042353	
-0.027852	0.230131	0.530412	0.283020	1.000000	-0.842574	-0.091794	0.169302	-0.350934	0.102021	-0.079708	0.232179	-0.334808	0.106019	0.105263	-0.225912	0.074887	
-0.070669	-0.260452	-0.692569	0.236045	-0.842574	1.000000	-0.416832	-0.208107	0.401739	-0.099509	0.088065	-0.308882	0.431644	-0.119599	-0.161217	0.320367	-0.074837	
0.194742	0.070254	0.133180	-0.971485	-0.091794	-0.416832	1.000000	-0.007079	0.030182	-0.051486	0.014377	0.105509	-0.104149	-0.012820	0.068417	-0.102598	-0.018772	
0.199348	-0.137881	0.340720	0.025415	0.169302	-0.208107	-0.007079	1.000000	-0.924121	0.589570	-0.000535	0.128466	-0.166621	0.015487	0.141182	-0.214400	-0.039108	
-0.124537	0.058207	-0.618827	-0.080728	-0.350934	0.401739	0.030182	-0.924121	1.000000	-0.629585	0.057688	-0.214917	0.320298	-0.088187	-0.185336	0.321855	-0.017349	
-0.442912	0.365669	0.202927	0.072884	0.102021	-0.099509	-0.051486	0.589570	-0.629585	1.000000	-0.040747	0.060640	-0.110087	0.056060	-0.024363	-0.023644	0.207731	
0.085112	-0.031244	-0.151160	-0.035598	-0.079708	0.088065	0.014377	-0.000535	0.057688	-0.040747	1.000000	0.268815	0.345638	-0.978003	0.005958	-0.070909	-0.094916	
0.072707	0.180872	0.333853	-0.080670	0.232179	-0.308882	0.105509	0.128466	-0.214917	0.060640	0.268815	1.000000	-0.791232	-0.093626	0.080444	-0.207357	0.026803	
0.003219	-0.191966	-0.540880	0.053270	-0.334808	0.431644	-0.104149	-0.166621	0.320298	-0.110087	0.345638	-0.791232	1.000000	-0.506922	-0.106611	0.221801	-0.099549	
-0.112492	0.024949	0.206130	0.042196	0.106019	-0.119599	-0.012820	0.015487	-0.088187	0.056060	-0.978003	-0.093626	-0.506922	1.000000	-0.000185	0.048047	0.100978	
0.141444	-0.115190	0.217164	-0.048666	0.105263	-0.161217	0.068417	0.141182	-0.185336	-0.024363	0.005958	0.080444	-0.106611	-0.000185	1.000000	-0.932414	0.673185	
-0.127593	0.068834	-0.443859	0.061977	-0.225912	0.320367	-0.102598	-0.214400	0.321855	-0.023644	-0.070909	-0.207357	0.221801	0.048047	-0.932414	1.000000	-0.721358	
-0.350562	0.257238	0.130473	0.042353	0.074887	-0.074837	-0.018772	-0.039108	-0.017349	0.207731	-0.094916	0.026803	-0.099549	0.100978	0.673185	-0.721358	1.000000	

Time taken for mcmc chain: 10.266667 minutes
