Number of steps: 1310601
Number of accepted steps: 313000
Burn-in number of steps: 60000
Accepted fraction of steps: 0.238822
Convergence Status
R[0]= 1.001490	R[1]= 1.000484	R[2]= 1.002344	R[3]= 1.002322	R[4]= 1.000444	R[5]= 1.001265	R[6]= 1.002550	R[7]= 1.002446	R[8]= 1.002177	R[9]= 1.000345	R[10]= 1.001668	R[11]= 1.002235	R[12]= 1.003518	R[13]= 1.001998	R[14]= 1.000282	R[15]= 1.000063	R[16]= 1.001518	
<R>= 1.001597

Mean parameters
A[0]= 1.007979 pm 0.056140
A[1]= 1.056338 pm 0.029400
A[2]= 0.209758 pm 0.130866
A[3]= 6.273780 pm 0.970313
A[4]= 12246.308382 pm 4497.999884
A[5]= -3041.564323 pm 1488.867303
A[6]= -189.378096 pm 291.206292
A[7]= 2301.512039 pm 9038.284662
A[8]= -2071.564530 pm 2990.474902
A[9]= -14.853924 pm 152.106988
A[10]= 6.189324 pm 1.585677
A[11]= 1796.082171 pm 6806.463771
A[12]= -789.212551 pm 2029.345061
A[13]= -256.750229 pm 476.606443
A[14]= 5107.071202 pm 9382.055880
A[15]= -1846.281351 pm 2978.572122
A[16]= -150.286590 pm 182.464472

Best-fitting parameters
A[0]= 1.018733
A[1]= 1.054744
A[2]= 0.333022
A[3]= 6.360508
A[4]= 17401.940000
A[5]= -4810.105000
A[6]= -149.499800
A[7]= 6161.839000
A[8]= -4139.516000
A[9]= 37.615060
A[10]= 7.619074
A[11]= 6731.778000
A[12]= -1529.251000
A[13]= -666.757800
A[14]= 12659.290000
A[15]= -5313.200000
A[16]= -44.678790
chi2_min= 43.202430


Cross-Covariance parameters
1.000000	-0.391077	-0.062853	-0.119978	-0.006529	-0.024421	0.056654	0.206994	-0.161088	-0.324373	-0.083574	-0.029442	-0.002351	0.046110	0.126880	-0.103544	-0.303395	
-0.391077	1.000000	0.012655	-0.150637	0.195995	-0.239104	0.131902	-0.250761	0.202920	0.197270	-0.028833	0.215378	-0.215551	0.027745	-0.172194	0.140167	0.203849	
-0.062853	0.012655	1.000000	-0.068623	0.515301	-0.720555	0.164270	0.517370	-0.692577	0.371598	-0.084382	0.386785	-0.591401	0.157361	0.320041	-0.530804	0.157079	
-0.119978	-0.150637	-0.068623	1.000000	0.266321	0.246754	-0.971867	0.046183	-0.078308	0.103974	0.023893	-0.049968	0.072387	-0.017693	-0.022097	0.043457	-0.014236	
-0.006529	0.195995	0.515301	0.266321	1.000000	-0.836763	-0.085344	0.233999	-0.354597	0.206248	-0.056830	0.272124	-0.377385	0.094399	0.137364	-0.250462	0.082303	
-0.024421	-0.239104	-0.720555	0.246754	-0.836763	1.000000	-0.415571	-0.308970	0.441610	-0.224746	0.079548	-0.351514	0.502269	-0.127568	-0.206521	0.365424	-0.118627	
0.056654	0.131902	0.164270	-0.971867	-0.085344	-0.415571	1.000000	-0.009477	0.022246	-0.062891	-0.025057	0.080989	-0.120012	0.029695	0.049522	-0.090182	0.040563	
0.206994	-0.250761	0.517370	0.046183	0.233999	-0.308970	-0.009477	1.000000	-0.962089	0.718387	-0.028712	0.167390	-0.267876	0.060633	0.229458	-0.331100	-0.004944	
-0.161088	0.202920	-0.692577	-0.078308	-0.354597	0.441610	0.022246	-0.962089	1.000000	-0.741470	0.046950	-0.243111	0.380702	-0.092832	-0.274437	0.414719	-0.036285	
-0.324373	0.197270	0.371598	0.103974	0.206248	-0.224746	-0.062891	0.718387	-0.741470	1.000000	0.012164	0.171883	-0.224049	0.023693	0.067490	-0.152202	0.158250	
-0.083574	-0.028833	-0.084382	0.023893	-0.056830	0.079548	-0.025057	-0.028712	0.046950	0.012164	1.000000	0.334057	0.239896	-0.976554	-0.045807	-0.037458	0.012024	
-0.029442	0.215378	0.386785	-0.049968	0.272124	-0.351514	0.080989	0.167390	-0.243111	0.171883	0.334057	1.000000	-0.812035	-0.154344	0.098495	-0.234355	0.104544	
-0.002351	-0.215551	-0.591401	0.072387	-0.377385	0.502269	-0.120012	-0.267876	0.380702	-0.224049	0.239896	-0.812035	1.000000	-0.414438	-0.182024	0.304741	-0.120295	
0.046110	0.027745	0.157361	-0.017693	0.094399	-0.127568	0.029695	0.060633	-0.092832	0.023693	-0.976554	-0.154344	-0.414438	1.000000	0.064899	-0.000554	0.005721	
0.126880	-0.172194	0.320041	-0.022097	0.137364	-0.206521	0.049522	0.229458	-0.274437	0.067490	-0.045807	0.098495	-0.182024	0.064899	1.000000	-0.943003	0.723088	
-0.103544	0.140167	-0.530804	0.043457	-0.250462	0.365424	-0.090182	-0.331100	0.414719	-0.152202	-0.037458	-0.234355	0.304741	-0.000554	-0.943003	1.000000	-0.752075	
-0.303395	0.203849	0.157079	-0.014236	0.082303	-0.118627	0.040563	-0.004944	-0.036285	0.158250	0.012024	0.104544	-0.120295	0.005721	0.723088	-0.752075	1.000000	

Time taken for mcmc chain: 7.183333 minutes
