Number of steps: 3149512
Number of accepted steps: 868000
Burn-in number of steps: 60000
Accepted fraction of steps: 0.275598
Convergence Status
R[0]= 1.004772	R[1]= 1.003194	R[2]= 1.002241	R[3]= 1.000596	R[4]= 1.001541	R[5]= 1.002214	R[6]= 1.000707	R[7]= 1.001348	R[8]= 1.002063	R[9]= 1.000127	R[10]= 1.005375	R[11]= 1.000448	R[12]= 1.002629	R[13]= 1.005974	R[14]= 1.001189	R[15]= 1.001301	R[16]= 1.000281	
<R>= 1.002118

Mean parameters
A[0]= 1.008489 pm 0.050069
A[1]= 1.029364 pm 0.024352
A[2]= 0.400905 pm 0.182747
A[3]= 5.684493 pm 0.981301
A[4]= 8947.740718 pm 5590.837352
A[5]= -3141.779528 pm 1827.008420
A[6]= -35.311912 pm 285.985676
A[7]= 3499.494095 pm 9457.528753
A[8]= -3651.341792 pm 3515.222582
A[9]= -44.819401 pm 153.275153
A[10]= 6.699077 pm 1.645576
A[11]= 7622.928798 pm 6792.069118
A[12]= -1946.718341 pm 2251.835383
A[13]= -413.360010 pm 487.999478
A[14]= 7807.818041 pm 8983.400518
A[15]= -4868.124927 pm 3323.554316
A[16]= -5.599413 pm 170.576313

Best-fitting parameters
A[0]= 1.006165
A[1]= 1.027510
A[2]= 0.538038
A[3]= 6.115759
A[4]= 13890.760000
A[5]= -4708.211000
A[6]= -94.590860
A[7]= 12114.480000
A[8]= -7136.565000
A[9]= 74.117160
A[10]= 7.459796
A[11]= 18600.980000
A[12]= -5124.606000
A[13]= -489.091100
A[14]= 17827.000000
A[15]= -9052.285000
A[16]= 114.457200
chi2_min= 66.812500


Cross-Covariance parameters
1.000000	-0.400889	0.094795	-0.011291	0.043157	-0.066335	-0.019390	0.176814	-0.189491	-0.177846	-0.266418	-0.069118	-0.080096	0.241163	0.095339	-0.093978	-0.269912	
-0.400889	1.000000	0.027694	-0.118832	0.143669	-0.175756	0.110042	-0.139633	0.102352	0.178675	-0.004294	0.173578	-0.158268	-0.005268	-0.091820	0.058162	0.239489	
0.094795	0.027694	1.000000	-0.056609	0.617215	-0.824145	0.201730	0.608418	-0.775346	0.451896	-0.242679	0.456674	-0.745463	0.324582	0.429741	-0.667990	0.213519	
-0.011291	-0.118832	-0.056609	1.000000	0.384746	0.014191	-0.963481	0.191961	-0.227047	0.130439	0.057642	-0.010519	0.046850	-0.054702	0.018383	-0.003426	-0.006939	
0.043157	0.143669	0.617215	0.384746	1.000000	-0.892376	-0.154856	0.427089	-0.566897	0.331163	-0.138488	0.326514	-0.495555	0.188237	0.271707	-0.424053	0.156915	
-0.066335	-0.175756	-0.824145	0.014191	-0.892376	1.000000	-0.242639	-0.473238	0.630344	-0.368995	0.207557	-0.408171	0.646195	-0.271536	-0.341910	0.543881	-0.195123	
-0.019390	0.110042	0.201730	-0.963481	-0.154856	-0.242639	1.000000	-0.107348	0.113572	-0.064797	-0.076254	0.079386	-0.150067	0.087718	0.044110	-0.094859	0.045675	
0.176814	-0.139633	0.608418	0.191961	0.427089	-0.473238	-0.107348	1.000000	-0.955108	0.822134	-0.143719	0.277494	-0.453207	0.195498	0.303353	-0.442265	0.084594	
-0.189491	0.102352	-0.775346	-0.227047	-0.566897	0.630344	0.113572	-0.955108	1.000000	-0.801983	0.192543	-0.349829	0.577366	-0.256474	-0.364270	0.544749	-0.126640	
-0.177846	0.178675	0.451896	0.130439	0.331163	-0.368995	-0.064797	0.822134	-0.801983	1.000000	-0.050202	0.255658	-0.353581	0.093776	0.188222	-0.302547	0.180472	
-0.266418	-0.004294	-0.242679	0.057642	-0.138488	0.207557	-0.076254	-0.143719	0.192543	-0.050202	1.000000	0.300574	0.243243	-0.978274	0.014521	-0.095030	0.031929	
-0.069118	0.173578	0.456674	-0.010519	0.326514	-0.408171	0.079386	0.277494	-0.349829	0.255658	0.300574	1.000000	-0.822439	-0.123953	0.271728	-0.451146	0.182286	
-0.080096	-0.158268	-0.745463	0.046850	-0.495555	0.646195	-0.150067	-0.453207	0.577366	-0.353581	0.243243	-0.822439	1.000000	-0.408856	-0.338939	0.520399	-0.193243	
0.241163	-0.005268	0.324582	-0.054702	0.188237	-0.271536	0.087718	0.195498	-0.256474	0.093776	-0.978274	-0.123953	-0.408856	1.000000	0.027622	0.027682	-0.008242	
0.095339	-0.091820	0.429741	0.018383	0.271707	-0.341910	0.044110	0.303353	-0.364270	0.188222	0.014521	0.271728	-0.338939	0.027622	1.000000	-0.914060	0.724102	
-0.093978	0.058162	-0.667990	-0.003426	-0.424053	0.543881	-0.094859	-0.442265	0.544749	-0.302547	-0.095030	-0.451146	0.520399	0.027682	-0.914060	1.000000	-0.699800	
-0.269912	0.239489	0.213519	-0.006939	0.156915	-0.195123	0.045675	0.084594	-0.126640	0.180472	0.031929	0.182286	-0.193243	-0.008242	0.724102	-0.699800	1.000000	

Time taken for mcmc chain: 31.150000 minutes
