Number of steps: 3871859
Number of accepted steps: 823000
Burn-in number of steps: 60000
Accepted fraction of steps: 0.212559
Convergence Status
R[0]= 1.000924	R[1]= 1.001320	R[2]= 1.004043	R[3]= 1.003048	R[4]= 1.001258	R[5]= 1.002951	R[6]= 1.003527	R[7]= 1.000897	R[8]= 1.001795	R[9]= 1.001467	R[10]= 1.001085	R[11]= 1.000796	R[12]= 1.001648	R[13]= 1.001174	R[14]= 1.001179	R[15]= 1.001956	R[16]= 1.001776	
<R>= 1.001814

Mean parameters
A[0]= 1.013498 pm 0.026766
A[1]= 1.022857 pm 0.014775
A[2]= 0.139469 pm 0.110998
A[3]= 4.970480 pm 0.488182
A[4]= 5182.040237 pm 3104.611799
A[5]= -1082.064358 pm 1032.018564
A[6]= -4.854352 pm 150.944281
A[7]= 2430.698303 pm 6345.582794
A[8]= -1288.959006 pm 2047.365067
A[9]= -80.241910 pm 94.392829
A[10]= 3.678450 pm 0.770333
A[11]= 657.611472 pm 4002.838996
A[12]= -947.922353 pm 1122.581196
A[13]= 322.359066 pm 230.699651
A[14]= -3018.950126 pm 7877.730841
A[15]= 1250.905148 pm 2284.761434
A[16]= -340.817115 pm 134.813222

Best-fitting parameters
A[0]= 0.999637
A[1]= 1.028333
A[2]= 0.019640
A[3]= 4.774394
A[4]= 2204.181000
A[5]= -133.214800
A[6]= 12.244090
A[7]= -592.438200
A[8]= 33.974230
A[9]= -90.451790
A[10]= 3.775812
A[11]= -207.374200
A[12]= -514.348000
A[13]= 294.313400
A[14]= -8164.233000
A[15]= 2998.982000
A[16]= -390.210900
chi2_min= 70.057380


Cross-Covariance parameters
1.000000	-0.431343	-0.049220	-0.062114	0.070854	-0.051891	0.037035	0.299569	-0.216252	-0.058860	0.066051	0.077753	-0.025651	-0.071210	0.155926	-0.129226	-0.049163	
-0.431343	1.000000	0.010684	-0.016057	0.234010	-0.192719	0.025606	-0.252453	0.185513	0.063173	-0.042009	0.125880	-0.133952	0.042250	-0.126560	0.106284	0.043744	
-0.049220	0.010684	1.000000	-0.178756	0.554813	-0.758001	0.312423	0.556302	-0.721847	0.454647	-0.174587	0.275625	-0.514055	0.235227	0.282843	-0.424134	0.189151	
-0.062114	-0.016057	-0.178756	1.000000	0.132686	0.270006	-0.957223	-0.031864	0.044896	-0.009620	0.013886	-0.057668	0.089212	-0.021612	-0.058959	0.083358	-0.031791	
0.070854	0.234010	0.554813	0.132686	1.000000	-0.890934	0.123035	0.301309	-0.407239	0.253945	-0.100403	0.207259	-0.335527	0.131795	0.162468	-0.241002	0.112840	
-0.051891	-0.192719	-0.758001	0.270006	-0.890934	1.000000	-0.502991	-0.390496	0.522481	-0.320504	0.129823	-0.251798	0.426401	-0.172942	-0.219734	0.327007	-0.149421	
0.037035	0.025606	0.312423	-0.957223	0.123035	-0.502991	1.000000	0.094942	-0.134464	0.061159	-0.039437	0.089096	-0.154621	0.054647	0.095961	-0.139399	0.059359	
0.299569	-0.252453	0.556302	-0.031864	0.301309	-0.390496	0.094942	1.000000	-0.968089	0.838715	-0.073175	0.164861	-0.284136	0.107472	0.219959	-0.289207	0.084465	
-0.216252	0.185513	-0.721847	0.044896	-0.407239	0.522481	-0.134464	-0.968089	1.000000	-0.856946	0.107816	-0.208187	0.370197	-0.151923	-0.253193	0.347902	-0.121829	
-0.058860	0.063173	0.454647	-0.009620	0.253945	-0.320504	0.061159	0.838715	-0.856946	1.000000	-0.079439	0.132136	-0.240205	0.107561	0.123172	-0.186752	0.088989	
0.066051	-0.042009	-0.174587	0.013886	-0.100403	0.129823	-0.039437	-0.073175	0.107816	-0.079439	1.000000	0.317596	0.217005	-0.964948	0.000018	-0.015577	-0.004137	
0.077753	0.125880	0.275625	-0.057668	0.207259	-0.251798	0.089096	0.164861	-0.208187	0.132136	0.317596	1.000000	-0.833379	-0.086662	0.025804	-0.084687	-0.018199	
-0.025651	-0.133952	-0.514055	0.089212	-0.335527	0.426401	-0.154621	-0.284136	0.370197	-0.240205	0.217005	-0.833379	1.000000	-0.443317	-0.071555	0.144305	-0.014318	
-0.071210	0.042250	0.235227	-0.021612	0.131795	-0.172942	0.054647	0.107472	-0.151923	0.107561	-0.964948	-0.086662	-0.443317	1.000000	-0.004536	0.008805	-0.010735	
0.155926	-0.126560	0.282843	-0.058959	0.162468	-0.219734	0.095961	0.219959	-0.253193	0.123172	0.000018	0.025804	-0.071555	-0.004536	1.000000	-0.972257	0.873862	
-0.129226	0.106284	-0.424134	0.083358	-0.241002	0.327007	-0.139399	-0.289207	0.347902	-0.186752	-0.015577	-0.084687	0.144305	0.008805	-0.972257	1.000000	-0.909884	
-0.049163	0.043744	0.189151	-0.031791	0.112840	-0.149421	0.059359	0.084465	-0.121829	0.088989	-0.004137	-0.018199	-0.014318	-0.010735	0.873862	-0.909884	1.000000	

Time taken for mcmc chain: 32.883333 minutes
