Number of steps: 2007575
Number of accepted steps: 558817
Burn-in number of steps: 60000
Accepted fraction of steps: 0.278354
Convergence Status
R[0]= 1.002300	R[1]= 1.003614	R[2]= 1.008151	R[3]= 1.002053	R[4]= 1.003145	R[5]= 1.006396	R[6]= 1.003177	R[7]= 1.000861	R[8]= 1.001947	R[9]= 1.002091	R[10]= 1.000910	R[11]= 1.001631	R[12]= 1.002881	R[13]= 1.001121	R[14]= 1.000239	R[15]= 1.000974	R[16]= 1.001032	
<R>= 1.002501

Mean parameters
A[0]= 1.028315 pm 0.059251
A[1]= 0.979912 pm 0.047911
A[2]= 0.199519 pm 0.138635
A[3]= 5.632917 pm 1.054054
A[4]= 8843.189963 pm 4912.714478
A[5]= -3104.715308 pm 1606.248675
A[6]= 139.845157 pm 305.488537
A[7]= 7158.486484 pm 7945.920833
A[8]= -3644.817471 pm 2574.248207
A[9]= 30.938248 pm 147.463739
A[10]= 5.397684 pm 1.754047
A[11]= 6938.774131 pm 6001.400841
A[12]= -2280.041636 pm 2066.072901
A[13]= 88.760774 pm 515.222116
A[14]= 6601.427913 pm 8919.279239
A[15]= -2096.895719 pm 2772.602490
A[16]= -205.718919 pm 180.930629

Best-fitting parameters
A[0]= 1.037839
A[1]= 0.973160
A[2]= 0.320352
A[3]= 6.254453
A[4]= 12800.350000
A[5]= -4112.494000
A[6]= 0.597115
A[7]= 18385.420000
A[8]= -7440.407000
A[9]= 148.095000
A[10]= 5.441056
A[11]= 10585.060000
A[12]= -3551.387000
A[13]= 118.298400
A[14]= 5465.333000
A[15]= -2675.668000
A[16]= -234.568900
chi2_min= 54.205140


Cross-Covariance parameters
1.000000	-0.445956	-0.092809	-0.092869	-0.116111	0.076816	0.060616	0.218844	-0.149425	-0.375209	0.059380	-0.024246	0.064036	-0.067502	0.141959	-0.115303	-0.316283	
-0.445956	1.000000	0.113151	-0.143904	0.389152	-0.406383	0.097762	-0.219635	0.131372	0.408595	-0.285832	0.201872	-0.334261	0.248884	-0.158500	0.126877	0.325063	
-0.092809	0.113151	1.000000	-0.125118	0.498110	-0.677494	0.211113	0.404965	-0.620082	0.298010	-0.162973	0.365961	-0.532849	0.209072	0.256035	-0.458475	0.175122	
-0.092869	-0.143904	-0.125118	1.000000	0.182352	0.320661	-0.971683	0.073338	-0.088452	-0.065326	0.066422	-0.075180	0.114988	-0.062074	-0.010402	0.035681	-0.014270	
-0.116111	0.389152	0.498110	0.182352	1.000000	-0.850830	-0.020087	0.133301	-0.286566	0.220931	-0.170072	0.242536	-0.362537	0.173715	0.093265	-0.199631	0.195220	
0.076816	-0.406383	-0.677494	0.320661	-0.850830	1.000000	-0.468404	-0.164141	0.330563	-0.274282	0.204050	-0.309276	0.461311	-0.215166	-0.135917	0.277039	-0.204452	
0.060616	0.097762	0.211113	-0.971683	-0.020087	-0.468404	1.000000	-0.039242	0.034986	0.068095	-0.062111	0.090135	-0.137753	0.065130	0.042082	-0.084473	0.026545	
0.218844	-0.219635	0.404965	0.073338	0.133301	-0.164141	-0.039242	1.000000	-0.950693	0.612685	-0.010578	0.130391	-0.171722	0.038012	0.176693	-0.252074	-0.035940	
-0.149425	0.131372	-0.620082	-0.088452	-0.286566	0.330563	0.034986	-0.950693	1.000000	-0.658867	0.058810	-0.215988	0.298969	-0.093641	-0.217243	0.338330	-0.027835	
-0.375209	0.408595	0.298010	-0.065326	0.220931	-0.274282	0.068095	0.612685	-0.658867	1.000000	-0.134126	0.160495	-0.246588	0.138429	-0.011346	-0.051817	0.206820	
0.059380	-0.285832	-0.162973	0.066422	-0.170072	0.204050	-0.062111	-0.010578	0.058810	-0.134126	1.000000	0.118285	0.506338	-0.981728	0.081129	-0.129844	-0.172850	
-0.024246	0.201872	0.365961	-0.075180	0.242536	-0.309276	0.090135	0.130391	-0.215988	0.160495	0.118285	1.000000	-0.776335	0.030901	0.106041	-0.214773	0.102094	
0.064036	-0.334261	-0.532849	0.114988	-0.362537	0.461311	-0.137753	-0.171722	0.298969	-0.246588	0.506338	-0.776335	1.000000	-0.628620	-0.080291	0.170931	-0.203847	
-0.067502	0.248884	0.209072	-0.062074	0.173715	-0.215166	0.065130	0.038012	-0.093641	0.138429	-0.981728	0.030901	-0.628620	1.000000	-0.063743	0.101731	0.167207	
0.141959	-0.158500	0.256035	-0.010402	0.093265	-0.135917	0.042082	0.176693	-0.217243	-0.011346	0.081129	0.106041	-0.080291	-0.063743	1.000000	-0.943865	0.665743	
-0.115303	0.126877	-0.458475	0.035681	-0.199631	0.277039	-0.084473	-0.252074	0.338330	-0.051817	-0.129844	-0.214773	0.170931	0.101731	-0.943865	1.000000	-0.705276	
-0.316283	0.325063	0.175122	-0.014270	0.195220	-0.204452	0.026545	-0.035940	-0.027835	0.206820	-0.172850	0.102094	-0.203847	0.167207	0.665743	-0.705276	1.000000	

Time taken for mcmc chain: 15.116667 minutes
