Number of steps: 6142591
Number of accepted steps: 1439748
Burn-in number of steps: 60000
Accepted fraction of steps: 0.234388
Convergence Status
R[0]= 1.000031	R[1]= 1.000186	R[2]= 1.002705	R[3]= 1.000282	R[4]= 1.001244	R[5]= 1.000990	R[6]= 1.000124	R[7]= 1.001043	R[8]= 1.001537	R[9]= 1.000747	R[10]= 1.000809	R[11]= 1.000219	R[12]= 1.000488	R[13]= 1.000752	R[14]= 1.000339	R[15]= 1.000604	R[16]= 1.000287	
<R>= 1.000729

Mean parameters
A[0]= 0.964745 pm 0.022839
A[1]= 0.980810 pm 0.017201
A[2]= 0.099967 pm 0.081263
A[3]= 4.815689 pm 0.501754
A[4]= 2499.636291 pm 2758.484829
A[5]= -565.301844 pm 896.931687
A[6]= 95.856867 pm 151.650936
A[7]= 9525.805401 pm 5139.610500
A[8]= -2768.231307 pm 1558.308094
A[9]= 13.099316 pm 86.235056
A[10]= 4.158131 pm 0.815193
A[11]= -5843.978977 pm 3747.173341
A[12]= 1373.726622 pm 1151.366492
A[13]= 113.729468 pm 240.619463
A[14]= 3975.577330 pm 7605.933597
A[15]= -1816.099414 pm 2156.952384
A[16]= -15.146818 pm 133.007986

Best-fitting parameters
A[0]= 0.960378
A[1]= 0.981231
A[2]= 0.039330
A[3]= 5.090402
A[4]= 1052.254000
A[5]= 134.353800
A[6]= -3.683827
A[7]= 7776.348000
A[8]= -2065.751000
A[9]= 2.319325
A[10]= 3.964148
A[11]= -8796.248000
A[12]= 2022.083000
A[13]= 144.557800
A[14]= 3550.451000
A[15]= -1381.396000
A[16]= -22.338940
chi2_min= 49.333620


Cross-Covariance parameters
1.000000	-0.399104	-0.100262	-0.065051	-0.029504	0.021597	0.030623	0.131574	-0.079922	-0.216449	-0.015360	-0.032389	0.034881	-0.005257	0.070406	-0.048186	-0.118136	
-0.399104	1.000000	0.060080	-0.012008	0.257420	-0.225065	0.000355	-0.129786	0.082915	0.198246	-0.186874	0.168025	-0.235109	0.176606	-0.093277	0.076823	0.090665	
-0.100262	0.060080	1.000000	-0.135010	0.496875	-0.643322	0.226023	0.428637	-0.590862	0.272912	-0.134899	0.290812	-0.440510	0.180970	0.239470	-0.354732	0.142326	
-0.065051	-0.012008	-0.135010	1.000000	0.052878	0.377775	-0.962412	-0.006327	0.009869	0.018114	0.033199	-0.043059	0.068492	-0.036250	-0.046035	0.060252	-0.021409	
-0.029504	0.257420	0.496875	0.052878	1.000000	-0.883979	0.178369	0.175949	-0.271209	0.141119	-0.119709	0.182876	-0.275810	0.136447	0.106200	-0.163560	0.082093	
0.021597	-0.225065	-0.643322	0.377775	-0.883979	1.000000	-0.578562	-0.224305	0.332970	-0.155965	0.134286	-0.219944	0.332857	-0.157978	-0.148641	0.222449	-0.102175	
0.030623	0.000355	0.226023	-0.962412	0.178369	-0.578562	1.000000	0.036243	-0.056579	-0.003291	-0.037676	0.064235	-0.100833	0.046022	0.068661	-0.093259	0.036195	
0.131574	-0.129786	0.428637	-0.006327	0.175949	-0.224305	0.036243	1.000000	-0.969159	0.808358	-0.046391	0.110721	-0.171941	0.065343	0.122190	-0.169701	0.035452	
-0.079922	0.082915	-0.590862	0.009869	-0.271209	0.332970	-0.056579	-0.969159	1.000000	-0.834194	0.071797	-0.162916	0.249396	-0.098618	-0.155569	0.222310	-0.063120	
-0.216449	0.198246	0.272912	0.018114	0.141119	-0.155965	-0.003291	0.808358	-0.834194	1.000000	-0.058162	0.103292	-0.151006	0.072280	0.032786	-0.067632	0.059509	
-0.015360	-0.186874	-0.134899	0.033199	-0.119709	0.134286	-0.037676	-0.046391	0.071797	-0.058162	1.000000	0.115695	0.417482	-0.968659	0.003583	-0.016662	-0.002722	
-0.032389	0.168025	0.290812	-0.043059	0.182876	-0.219944	0.064235	0.110721	-0.162916	0.103292	0.115695	1.000000	-0.835206	0.102485	-0.015877	-0.025267	-0.035839	
0.034881	-0.235109	-0.440510	0.068492	-0.275810	0.332857	-0.100833	-0.171941	0.249396	-0.151006	0.417482	-0.835206	1.000000	-0.609191	-0.014397	0.057556	0.014337	
-0.005257	0.176606	0.180970	-0.036250	0.136447	-0.157978	0.046022	0.065343	-0.098618	0.072280	-0.968659	0.102485	-0.609191	1.000000	-0.013248	0.020195	-0.014907	
0.070406	-0.093277	0.239470	-0.046035	0.106200	-0.148641	0.068661	0.122190	-0.155569	0.032786	0.003583	-0.015877	-0.014397	-0.013248	1.000000	-0.976057	0.869766	
-0.048186	0.076823	-0.354732	0.060252	-0.163560	0.222449	-0.093259	-0.169701	0.222310	-0.067632	-0.016662	-0.025267	0.057556	0.020195	-0.976057	1.000000	-0.914017	
-0.118136	0.090665	0.142326	-0.021409	0.082093	-0.102175	0.036195	0.035452	-0.063120	0.059509	-0.002722	-0.035839	0.014337	-0.014907	0.869766	-0.914017	1.000000	

Time taken for mcmc chain: 1.295000 hours
