Number of steps: 10671657
Number of accepted steps: 2000004
Burn-in number of steps: 60000
Accepted fraction of steps: 0.187413
Convergence Status
R[0]= 1.000047	R[1]= 1.000049	R[2]= 1.005434	R[3]= 1.000571	R[4]= 1.002183	R[5]= 1.002927	R[6]= 1.000573	R[7]= 1.002533	R[8]= 1.003762	R[9]= 1.001494	R[10]= 1.001149	R[11]= 1.000911	R[12]= 1.001203	R[13]= 1.000915	R[14]= 1.000850	R[15]= 1.001458	R[16]= 1.000468	
<R>= 1.001560

Mean parameters
A[0]= 0.997792 pm 0.037420
A[1]= 1.002270 pm 0.019292
A[2]= 0.175406 pm 0.147791
A[3]= 3.622279 pm 0.494198
A[4]= 3158.584297 pm 3014.102387
A[5]= -1684.644483 pm 1023.808718
A[6]= 418.315931 pm 152.879432
A[7]= 1571.017805 pm 6110.024775
A[8]= -730.386337 pm 1971.200370
A[9]= -151.959261 pm 93.994855
A[10]= 2.585462 pm 0.756496
A[11]= 6038.968888 pm 3896.472257
A[12]= -3178.311337 pm 1103.309053
A[13]= 767.607669 pm 223.567715
A[14]= -2034.090503 pm 7881.479190
A[15]= 780.686708 pm 2288.285168
A[16]= -262.540557 pm 135.284296

Best-fitting parameters
A[0]= 0.980506
A[1]= 1.011938
A[2]= 0.011458
A[3]= 3.751824
A[4]= 1376.533000
A[5]= -861.860600
A[6]= 363.242300
A[7]= -3924.605000
A[8]= 1300.017000
A[9]= -206.341600
A[10]= 2.576202
A[11]= 5325.984000
A[12]= -2796.123000
A[13]= 765.294700
A[14]= 929.064900
A[15]= 408.635800
A[16]= -190.827400
chi2_min= 55.228630


Cross-Covariance parameters
1.000000	-0.452585	-0.054956	-0.027152	0.052624	-0.026736	-0.000418	0.249317	-0.179235	-0.106548	-0.054360	0.007770	-0.016093	0.038251	0.107953	-0.083829	-0.063579	
-0.452585	1.000000	0.019392	-0.035378	0.200555	-0.174765	0.039539	-0.200734	0.144857	0.103984	-0.017567	0.127528	-0.127288	0.020740	-0.106214	0.087730	0.043775	
-0.054956	0.019392	1.000000	-0.232161	0.552606	-0.753620	0.354985	0.532140	-0.701293	0.424672	-0.074248	0.304734	-0.484475	0.137509	0.273720	-0.413688	0.186728	
-0.027152	-0.035378	-0.232161	1.000000	0.071479	0.328380	-0.958056	-0.022272	0.043905	-0.022921	0.035811	-0.074770	0.125102	-0.049922	-0.066453	0.097390	-0.041907	
0.052624	0.200555	0.552606	0.071479	1.000000	-0.892718	0.182334	0.298608	-0.405397	0.235004	-0.054495	0.207778	-0.307849	0.086356	0.150305	-0.228565	0.106984	
-0.026736	-0.174765	-0.753620	0.328380	-0.892718	1.000000	-0.552542	-0.369616	0.502809	-0.294581	0.071220	-0.260879	0.399372	-0.116389	-0.205475	0.311331	-0.143458	
-0.000418	0.039539	0.354985	-0.958056	0.182334	-0.552542	1.000000	0.079549	-0.126454	0.066885	-0.042114	0.109758	-0.181124	0.063972	0.099369	-0.147771	0.067120	
0.249317	-0.200734	0.532140	-0.022272	0.298608	-0.369616	0.079549	1.000000	-0.966984	0.839193	-0.050752	0.158082	-0.258337	0.081810	0.194252	-0.261906	0.086674	
-0.179235	0.144857	-0.701293	0.043905	-0.405397	0.502809	-0.126454	-0.966984	1.000000	-0.853352	0.061910	-0.210879	0.340931	-0.104035	-0.230414	0.323199	-0.121938	
-0.106548	0.103984	0.424672	-0.022921	0.235004	-0.294581	0.066885	0.839193	-0.853352	1.000000	-0.034056	0.137300	-0.214535	0.061815	0.112752	-0.172202	0.092170	
-0.054360	-0.017567	-0.074248	0.035811	-0.054495	0.071220	-0.042114	-0.050752	0.061910	-0.034056	1.000000	0.286288	0.213911	-0.963187	0.044497	-0.080936	0.030114	
0.007770	0.127528	0.304734	-0.074770	0.207778	-0.260879	0.109758	0.158082	-0.210879	0.137300	0.286288	1.000000	-0.850781	-0.047602	0.029379	-0.091953	-0.015717	
-0.016093	-0.127288	-0.484475	0.125102	-0.307849	0.399372	-0.181124	-0.258337	0.340931	-0.214535	0.213911	-0.850781	1.000000	-0.446270	-0.053104	0.119196	-0.000992	
0.038251	0.020740	0.137509	-0.049922	0.086356	-0.116389	0.063972	0.081810	-0.104035	0.061815	-0.963187	-0.047602	-0.446270	1.000000	-0.048659	0.073638	-0.045004	
0.107953	-0.106214	0.273720	-0.066453	0.150305	-0.205475	0.099369	0.194252	-0.230414	0.112752	0.044497	0.029379	-0.053104	-0.048659	1.000000	-0.971873	0.880682	
-0.083829	0.087730	-0.413688	0.097390	-0.228565	0.311331	-0.147771	-0.261906	0.323199	-0.172202	-0.080936	-0.091953	0.119196	0.073638	-0.971873	1.000000	-0.914470	
-0.063579	0.043775	0.186728	-0.041907	0.106984	-0.143458	0.067120	0.086674	-0.121938	0.092170	0.030114	-0.015717	-0.000992	-0.045004	0.880682	-0.914470	1.000000	

Time taken for mcmc chain: 2.448333 hours
