Number of steps: 1749447
Number of accepted steps: 374661
Burn-in number of steps: 60000
Accepted fraction of steps: 0.214160
Convergence Status
R[0]= 1.000687	R[1]= 1.002698	R[2]= 1.001662	R[3]= 1.002127	R[4]= 1.001448	R[5]= 1.002681	R[6]= 1.003071	R[7]= 1.001371	R[8]= 1.000348	R[9]= 1.000599	R[10]= 1.001192	R[11]= 1.002007	R[12]= 1.001278	R[13]= 1.000636	R[14]= 1.000809	R[15]= 1.001455	R[16]= 1.000557	
<R>= 1.001449

Mean parameters
A[0]= 1.143439 pm 0.077348
A[1]= 0.979222 pm 0.031458
A[2]= 0.298411 pm 0.188731
A[3]= 5.222288 pm 0.973144
A[4]= 12611.857520 pm 4273.926997
A[5]= -4062.195784 pm 1494.948596
A[6]= 188.480795 pm 292.589953
A[7]= 7564.710611 pm 7904.231234
A[8]= -4121.818904 pm 2868.526201
A[9]= -113.210590 pm 141.473807
A[10]= 6.349827 pm 1.547730
A[11]= 5957.288353 pm 6476.190945
A[12]= -1745.041377 pm 2178.549266
A[13]= -239.455726 pm 464.086369
A[14]= 6832.803333 pm 9127.677993
A[15]= -3979.699891 pm 3381.479067
A[16]= -194.976780 pm 188.044179

Best-fitting parameters
A[0]= 1.128703
A[1]= 0.990984
A[2]= 0.614782
A[3]= 5.052469
A[4]= 19129.330000
A[5]= -6865.805000
A[6]= 332.091600
A[7]= 16683.450000
A[8]= -8621.128000
A[9]= 59.087770
A[10]= 6.004394
A[11]= 11992.630000
A[12]= -4500.234000
A[13]= -86.719920
A[14]= 18752.330000
A[15]= -9516.189000
A[16]= 19.284340
chi2_min= 45.261890


Cross-Covariance parameters
1.000000	-0.401890	0.157512	-0.144105	0.065557	-0.157212	0.116190	0.247568	-0.259445	-0.252548	-0.093648	0.081085	-0.147888	0.077928	0.188355	-0.226813	-0.308458	
-0.401890	1.000000	-0.028464	-0.095780	0.190879	-0.184495	0.056149	-0.198925	0.158472	0.260188	-0.115965	0.163167	-0.179562	0.087373	-0.142831	0.123182	0.304266	
0.157512	-0.028464	1.000000	-0.198377	0.453745	-0.738965	0.284361	0.426727	-0.698411	0.347952	-0.118297	0.433415	-0.660283	0.195377	0.351652	-0.666564	0.246104	
-0.144105	-0.095780	-0.198377	1.000000	0.231808	0.302130	-0.972588	0.118596	-0.097234	-0.104927	0.060256	-0.120705	0.175033	-0.068424	-0.065004	0.129396	-0.044205	
0.065557	0.190879	0.453745	0.231808	1.000000	-0.816760	-0.052068	0.215200	-0.370407	0.130892	-0.097954	0.245251	-0.359967	0.123195	0.161649	-0.300291	0.156890	
-0.157212	-0.184495	-0.738965	0.302130	-0.816760	1.000000	-0.463705	-0.249624	0.464173	-0.254211	0.136101	-0.374777	0.554902	-0.182684	-0.259754	0.490130	-0.215803	
0.116190	0.056149	0.284361	-0.972588	-0.052068	-0.463705	1.000000	-0.086257	0.038939	0.124066	-0.059583	0.144640	-0.216145	0.077952	0.096649	-0.185717	0.070054	
0.247568	-0.198925	0.426727	0.118596	0.215200	-0.249624	-0.086257	1.000000	-0.925063	0.689531	-0.033040	0.192609	-0.279019	0.067892	0.220428	-0.336680	0.018341	
-0.259445	0.158472	-0.698411	-0.097234	-0.370407	0.464173	0.038939	-0.925063	1.000000	-0.690747	0.069604	-0.310887	0.461530	-0.124303	-0.299760	0.507507	-0.103910	
-0.252548	0.260188	0.347952	-0.104927	0.130892	-0.254211	0.124066	0.689531	-0.690747	1.000000	-0.033484	0.197998	-0.264273	0.065256	0.081651	-0.194338	0.227862	
-0.093648	-0.115965	-0.118297	0.060256	-0.097954	0.136101	-0.059583	-0.033040	0.069604	-0.033484	1.000000	0.212609	0.315698	-0.975315	0.121927	-0.160635	-0.183821	
0.081085	0.163167	0.433415	-0.120705	0.245251	-0.374777	0.144640	0.192609	-0.310887	0.197998	0.212609	1.000000	-0.826013	-0.031610	0.211478	-0.382813	0.113278	
-0.147888	-0.179562	-0.660283	0.175033	-0.359967	0.554902	-0.216145	-0.279019	0.461530	-0.264273	0.315698	-0.826013	1.000000	-0.479270	-0.206234	0.412130	-0.236269	
0.077928	0.087373	0.195377	-0.068424	0.123195	-0.182684	0.077952	0.067892	-0.124303	0.065256	-0.975315	-0.031610	-0.479270	1.000000	-0.091734	0.103284	0.199841	
0.188355	-0.142831	0.351652	-0.065004	0.161649	-0.259754	0.096649	0.220428	-0.299760	0.081651	0.121927	0.211478	-0.206234	-0.091734	1.000000	-0.897843	0.640995	
-0.226813	0.123182	-0.666564	0.129396	-0.300291	0.490130	-0.185717	-0.336680	0.507507	-0.194338	-0.160635	-0.382813	0.412130	0.103284	-0.897843	1.000000	-0.618250	
-0.308458	0.304266	0.246104	-0.044205	0.156890	-0.215803	0.070054	0.018341	-0.103910	0.227862	-0.183821	0.113278	-0.236269	0.199841	0.640995	-0.618250	1.000000	

Time taken for mcmc chain: 9.033333 minutes
