Number of steps: 2076648
Number of accepted steps: 509000
Burn-in number of steps: 60000
Accepted fraction of steps: 0.245107
Convergence Status
R[0]= 1.000137	R[1]= 1.000730	R[2]= 1.004708	R[3]= 1.001956	R[4]= 1.002319	R[5]= 1.002631	R[6]= 1.002236	R[7]= 1.001121	R[8]= 1.002943	R[9]= 1.000691	R[10]= 1.000250	R[11]= 1.000431	R[12]= 1.000616	R[13]= 1.000128	R[14]= 1.001434	R[15]= 1.001746	R[16]= 1.000264	
<R>= 1.001432

Mean parameters
A[0]= 1.019028 pm 0.047566
A[1]= 1.033614 pm 0.038905
A[2]= 0.302592 pm 0.168424
A[3]= 5.270059 pm 0.988256
A[4]= 9850.061829 pm 5042.777275
A[5]= -3448.629667 pm 1636.345173
A[6]= 125.564837 pm 292.978950
A[7]= 9706.022478 pm 7313.516505
A[8]= -4614.636036 pm 2587.770553
A[9]= 76.741743 pm 133.840374
A[10]= 5.254222 pm 1.527188
A[11]= 7926.621898 pm 6318.459675
A[12]= -3048.173190 pm 1945.503510
A[13]= 121.543243 pm 457.531367
A[14]= -2473.996433 pm 9988.166654
A[15]= -1110.280008 pm 3299.261060
A[16]= -181.545397 pm 186.393797

Best-fitting parameters
A[0]= 1.030401
A[1]= 1.041130
A[2]= 0.454307
A[3]= 6.010739
A[4]= 17158.450000
A[5]= -5472.621000
A[6]= -20.696880
A[7]= 19893.050000
A[8]= -8533.023000
A[9]= 183.918800
A[10]= 5.346021
A[11]= 11407.820000
A[12]= -4237.373000
A[13]= 102.365700
A[14]= 4866.162000
A[15]= -4041.218000
A[16]= -82.263580
chi2_min= 70.701890


Cross-Covariance parameters
1.000000	-0.433120	-0.072745	-0.067290	-0.107920	0.090879	0.033702	0.121850	-0.072050	-0.323607	-0.040432	-0.088764	0.078253	0.020055	0.084388	-0.059540	-0.215691	
-0.433120	1.000000	0.018038	-0.136769	0.246982	-0.279228	0.104865	-0.194676	0.132662	0.314822	-0.078303	0.225470	-0.250056	0.059151	-0.116513	0.089863	0.218996	
-0.072745	0.018038	1.000000	-0.136870	0.526053	-0.754198	0.256136	0.451181	-0.688331	0.292713	-0.106310	0.378338	-0.606842	0.172819	0.382854	-0.578280	0.257675	
-0.067290	-0.136769	-0.136870	1.000000	0.302367	0.168754	-0.968505	0.096939	-0.131888	0.040017	0.081046	-0.067690	0.128769	-0.081974	-0.042929	0.066722	-0.053968	
-0.107920	0.246982	0.526053	0.302367	1.000000	-0.862254	-0.100486	0.243713	-0.421939	0.240882	-0.055313	0.270894	-0.386215	0.085596	0.188950	-0.296995	0.180736	
0.090879	-0.279228	-0.754198	0.168754	-0.862254	1.000000	-0.363816	-0.284611	0.485802	-0.267568	0.106309	-0.355533	0.536027	-0.149226	-0.275059	0.426489	-0.243983	
0.033702	0.104865	0.256136	-0.968505	-0.100486	-0.363816	1.000000	-0.038781	0.042365	-0.012970	-0.086581	0.105979	-0.191610	0.097575	0.093080	-0.138727	0.082375	
0.121850	-0.194676	0.451181	0.096939	0.243713	-0.284611	-0.038781	1.000000	-0.933516	0.704288	-0.017664	0.151218	-0.243103	0.052133	0.217180	-0.302858	0.071100	
-0.072050	0.132662	-0.688331	-0.131888	-0.421939	0.485802	0.042365	-0.933516	1.000000	-0.712571	0.045155	-0.251664	0.398408	-0.094421	-0.300325	0.434875	-0.145756	
-0.323607	0.314822	0.292713	0.040017	0.240882	-0.267568	-0.012970	0.704288	-0.712571	1.000000	-0.023748	0.187951	-0.246504	0.044286	0.072157	-0.138069	0.174720	
-0.040432	-0.078303	-0.106310	0.081046	-0.055313	0.106309	-0.086581	-0.017664	0.045155	-0.023748	1.000000	0.307674	0.247526	-0.977320	0.063362	-0.153922	0.004820	
-0.088764	0.225470	0.378338	-0.067690	0.270894	-0.355533	0.105979	0.151218	-0.251664	0.187951	0.307674	1.000000	-0.816969	-0.134150	0.184558	-0.312507	0.188036	
0.078253	-0.250056	-0.606842	0.128769	-0.386215	0.536027	-0.191610	-0.243103	0.398408	-0.246504	0.247526	-0.816969	1.000000	-0.413413	-0.223186	0.337403	-0.224125	
0.020055	0.059151	0.172819	-0.081974	0.085596	-0.149226	0.097575	0.052133	-0.094421	0.044286	-0.977320	-0.134150	-0.413413	1.000000	-0.032848	0.107352	0.011526	
0.084388	-0.116513	0.382854	-0.042929	0.188950	-0.275059	0.093080	0.217180	-0.300325	0.072157	0.063362	0.184558	-0.223186	-0.032848	1.000000	-0.944006	0.786715	
-0.059540	0.089863	-0.578280	0.066722	-0.296995	0.426489	-0.138727	-0.302858	0.434875	-0.138069	-0.153922	-0.312507	0.337403	0.107352	-0.944006	1.000000	-0.802337	
-0.215691	0.218996	0.257675	-0.053968	0.180736	-0.243983	0.082375	0.071100	-0.145756	0.174720	0.004820	0.188036	-0.224125	0.011526	0.786715	-0.802337	1.000000	

Time taken for mcmc chain: 14.200000 minutes
