Number of steps: 7758305
Number of accepted steps: 1658000
Burn-in number of steps: 60000
Accepted fraction of steps: 0.213706
Convergence Status
R[0]= 1.005676	R[1]= 1.000469	R[2]= 1.000286	R[3]= 1.003455	R[4]= 1.000245	R[5]= 1.000621	R[6]= 1.002163	R[7]= 1.000364	R[8]= 1.000144	R[9]= 1.004064	R[10]= 1.000662	R[11]= 1.000196	R[12]= 1.000160	R[13]= 1.000472	R[14]= 1.000038	R[15]= 1.000070	R[16]= 1.001449	
<R>= 1.001208

Mean parameters
A[0]= 0.953774 pm 0.107884
A[1]= 0.987802 pm 0.037763
A[2]= 0.216928 pm 0.137205
A[3]= 6.909292 pm 1.156528
A[4]= -1273.660557 pm 5927.937016
A[5]= 712.433619 pm 1888.306554
A[6]= -423.535428 pm 318.758261
A[7]= 7797.136606 pm 8229.761797
A[8]= -3818.943439 pm 2720.352947
A[9]= 56.639222 pm 190.855331
A[10]= 4.609088 pm 1.785842
A[11]= -4289.336059 pm 6410.204124
A[12]= 629.946732 pm 1984.665388
A[13]= 129.559508 pm 504.134223
A[14]= 6646.206929 pm 8799.310494
A[15]= -3402.379551 pm 2640.065690
A[16]= 89.139849 pm 203.248725

Best-fitting parameters
A[0]= 1.007467
A[1]= 0.973519
A[2]= 0.300791
A[3]= 7.092652
A[4]= -637.189700
A[5]= 419.389500
A[6]= -503.357300
A[7]= 13935.520000
A[8]= -6130.629000
A[9]= 37.665650
A[10]= 4.779193
A[11]= -1822.101000
A[12]= -113.040400
A[13]= 96.455610
A[14]= 13050.090000
A[15]= -5380.797000
A[16]= 64.023220
chi2_min= 48.892510


Cross-Covariance parameters
1.000000	-0.541473	-0.281100	-0.258312	-0.188208	0.117913	0.074120	0.197658	-0.136907	-0.709585	-0.248980	-0.164792	0.037054	0.160314	0.094621	-0.058447	-0.527773	
-0.541473	1.000000	0.212663	-0.018273	0.345520	-0.348246	0.081226	-0.198487	0.118555	0.525433	0.052244	0.239351	-0.207582	-0.024578	-0.093379	0.052222	0.377028	
-0.281100	0.212663	1.000000	0.023199	0.665030	-0.765234	0.149195	0.455696	-0.645043	0.384904	-0.015926	0.394184	-0.485319	0.088701	0.225532	-0.379911	0.217600	
-0.258312	-0.018273	0.023199	1.000000	0.252234	0.191829	-0.951575	0.039648	-0.083105	0.211729	0.094143	-0.009739	0.060278	-0.071279	-0.019879	0.023542	0.117043	
-0.188208	0.345520	0.665030	0.252234	1.000000	-0.885504	-0.032275	0.283098	-0.430899	0.291018	-0.035178	0.308785	-0.376941	0.076399	0.144808	-0.241241	0.164056	
0.117913	-0.348246	-0.765234	0.191829	-0.885504	1.000000	-0.402215	-0.317453	0.466965	-0.245496	0.071562	-0.347586	0.445531	-0.112838	-0.176163	0.292399	-0.139640	
0.074120	0.081226	0.149195	-0.951575	-0.032275	-0.402215	1.000000	-0.009261	0.022103	-0.067317	-0.052169	0.079631	-0.119691	0.054630	0.039647	-0.066245	-0.013306	
0.197658	-0.198487	0.455696	0.039648	0.283098	-0.317453	-0.009261	1.000000	-0.952696	0.376704	-0.074441	0.155535	-0.239065	0.089541	0.182501	-0.245242	-0.083979	
-0.136907	0.118555	-0.645043	-0.083105	-0.430899	0.466965	0.022103	-0.952696	1.000000	-0.426547	0.085347	-0.222973	0.329599	-0.111605	-0.213362	0.311627	0.033007	
-0.709585	0.525433	0.384904	0.211729	0.291018	-0.245496	-0.067317	0.376704	-0.426547	1.000000	0.162028	0.211656	-0.142923	-0.091390	-0.028057	-0.029520	0.416280	
-0.248980	0.052244	-0.015926	0.094143	-0.035178	0.071562	-0.052169	-0.074441	0.085347	0.162028	1.000000	0.248835	0.381391	-0.975703	0.009223	-0.099461	0.158905	
-0.164792	0.239351	0.394184	-0.009739	0.308785	-0.347586	0.079631	0.155535	-0.222973	0.211656	0.248835	1.000000	-0.784323	-0.071203	0.101375	-0.196488	0.157325	
0.037054	-0.207582	-0.485319	0.060278	-0.376941	0.445531	-0.119691	-0.239065	0.329599	-0.142923	0.381391	-0.784323	1.000000	-0.542000	-0.115361	0.166639	-0.074096	
0.160314	-0.024578	0.088701	-0.071279	0.076399	-0.112838	0.054630	0.089541	-0.111605	-0.091390	-0.975703	-0.071203	-0.542000	1.000000	-0.004829	0.084165	-0.106863	
0.094621	-0.093379	0.225532	-0.019879	0.144808	-0.176163	0.039647	0.182501	-0.213362	-0.028057	0.009223	0.101375	-0.115361	-0.004829	1.000000	-0.951600	0.594822	
-0.058447	0.052222	-0.379911	0.023542	-0.241241	0.292399	-0.066245	-0.245242	0.311627	-0.029520	-0.099461	-0.196488	0.166639	0.084165	-0.951600	1.000000	-0.661840	
-0.527773	0.377028	0.217600	0.117043	0.164056	-0.139640	-0.013306	-0.083979	0.033007	0.416280	0.158905	0.157325	-0.074096	-0.106863	0.594822	-0.661840	1.000000	

Time taken for mcmc chain: 1.819722 hours
