Number of steps: 5356060
Number of accepted steps: 902995
Burn-in number of steps: 60000
Accepted fraction of steps: 0.168593
Convergence Status
R[0]= 1.003064	R[1]= 1.002385	R[2]= 1.001683	R[3]= 1.002590	R[4]= 1.000106	R[5]= 1.000585	R[6]= 1.002545	R[7]= 1.000695	R[8]= 1.000682	R[9]= 1.002839	R[10]= 1.000117	R[11]= 1.001310	R[12]= 1.001338	R[13]= 1.000154	R[14]= 1.000930	R[15]= 1.001530	R[16]= 1.001380	
<R>= 1.001408

Mean parameters
A[0]= 1.064584 pm 0.111846
A[1]= 1.020213 pm 0.046148
A[2]= 0.269793 pm 0.188682
A[3]= 5.073646 pm 1.020896
A[4]= 8817.002698 pm 5097.561447
A[5]= -3114.535282 pm 1705.427182
A[6]= 170.067382 pm 299.550299
A[7]= -394.483949 pm 9459.505497
A[8]= -1085.621987 pm 3290.308779
A[9]= -221.241274 pm 167.071605
A[10]= 3.839106 pm 1.571546
A[11]= 3090.760061 pm 6469.109354
A[12]= -2025.505704 pm 1899.831910
A[13]= 426.287231 pm 464.202384
A[14]= 7467.303637 pm 8601.656791
A[15]= -3251.233496 pm 2814.297751
A[16]= -52.441894 pm 178.852458

Best-fitting parameters
A[0]= 1.092711
A[1]= 1.014673
A[2]= 0.443077
A[3]= 4.730102
A[4]= 11933.190000
A[5]= -4656.706000
A[6]= 317.348800
A[7]= 782.063200
A[8]= -2240.641000
A[9]= -260.225000
A[10]= 4.377543
A[11]= 9061.595000
A[12]= -3601.878000
A[13]= 310.925000
A[14]= 11150.480000
A[15]= -5544.484000
A[16]= -5.074335
chi2_min= 44.178110


Cross-Covariance parameters
1.000000	-0.440496	0.097513	-0.248167	0.061191	-0.165231	0.168059	0.338342	-0.310940	-0.426241	-0.034424	0.071771	-0.100556	0.003732	0.175732	-0.205351	-0.335592	
-0.440496	1.000000	-0.039619	-0.033800	0.240204	-0.207586	0.021548	-0.296893	0.243614	0.314665	-0.169448	0.075139	-0.156943	0.158860	-0.159125	0.171165	0.237832	
0.097513	-0.039619	1.000000	-0.141873	0.502254	-0.730829	0.250835	0.506281	-0.707366	0.336643	-0.047943	0.336010	-0.518455	0.107638	0.240323	-0.480371	0.107327	
-0.248167	-0.033800	-0.141873	1.000000	0.234050	0.237247	-0.965172	0.031968	-0.050848	0.109914	0.058818	-0.076152	0.127390	-0.056236	-0.063825	0.093067	0.050008	
0.061191	0.240204	0.502254	0.234050	1.000000	-0.859081	-0.054002	0.258807	-0.394010	0.192957	-0.060682	0.226475	-0.334042	0.082300	0.109308	-0.227319	0.075134	
-0.165231	-0.207586	-0.730829	0.237247	-0.859081	1.000000	-0.406626	-0.336055	0.494655	-0.212790	0.087229	-0.304217	0.461752	-0.120005	-0.175954	0.347250	-0.072640	
0.168059	0.021548	0.250835	-0.965172	-0.054002	-0.406626	1.000000	0.001595	-0.009202	-0.041312	-0.050665	0.103525	-0.168253	0.060315	0.083186	-0.136822	-0.008926	
0.338342	-0.296893	0.506281	0.031968	0.258807	-0.336055	0.001595	1.000000	-0.951886	0.550928	0.012438	0.184324	-0.255545	0.013853	0.176269	-0.298273	-0.084054	
-0.310940	0.243614	-0.707366	-0.050848	-0.394010	0.494655	-0.009202	-0.951886	1.000000	-0.575646	0.007179	-0.247643	0.361797	-0.044717	-0.211311	0.384085	0.037377	
-0.426241	0.314665	0.336643	0.109914	0.192957	-0.212790	-0.041312	0.550928	-0.575646	1.000000	-0.030276	0.110465	-0.182353	0.064950	-0.017943	-0.064239	0.203048	
-0.034424	-0.169448	-0.047943	0.058818	-0.060682	0.087229	-0.050665	0.012438	0.007179	-0.030276	1.000000	0.336738	0.235052	-0.975817	0.092590	-0.204483	-0.049116	
0.071771	0.075139	0.336010	-0.076152	0.226475	-0.304217	0.103525	0.184324	-0.247643	0.110465	0.336738	1.000000	-0.812260	-0.158899	0.130618	-0.275591	0.040181	
-0.100556	-0.156943	-0.518455	0.127390	-0.334042	0.461752	-0.168253	-0.255545	0.361797	-0.182353	0.235052	-0.812260	1.000000	-0.408111	-0.121092	0.244957	-0.083904	
0.003732	0.158860	0.107638	-0.056236	0.082300	-0.120005	0.060315	0.013853	-0.044717	0.064950	-0.975817	-0.158899	-0.408111	1.000000	-0.081738	0.174582	0.065998	
0.175732	-0.159125	0.240323	-0.063825	0.109308	-0.175954	0.083186	0.176269	-0.211311	-0.017943	0.092590	0.130618	-0.121092	-0.081738	1.000000	-0.923849	0.659278	
-0.205351	0.171165	-0.480371	0.093067	-0.227319	0.347250	-0.136822	-0.298273	0.384085	-0.064239	-0.204483	-0.275591	0.244957	0.174582	-0.923849	1.000000	-0.656704	
-0.335592	0.237832	0.107327	0.050008	0.075134	-0.072640	-0.008926	-0.084054	0.037377	0.203048	-0.049116	0.040181	-0.083904	0.065998	0.659278	-0.656704	1.000000	

Time taken for mcmc chain: 42.200000 minutes
