Number of steps: 1957217
Number of accepted steps: 474000
Burn-in number of steps: 60000
Accepted fraction of steps: 0.242181
Convergence Status
R[0]= 1.000964	R[1]= 1.002081	R[2]= 1.003988	R[3]= 1.004009	R[4]= 1.002739	R[5]= 1.000990	R[6]= 1.003400	R[7]= 1.003567	R[8]= 1.004460	R[9]= 1.003594	R[10]= 1.003101	R[11]= 1.001382	R[12]= 1.004942	R[13]= 1.003479	R[14]= 1.000804	R[15]= 1.000690	R[16]= 1.000868	
<R>= 1.002650

Mean parameters
A[0]= 1.052420 pm 0.059254
A[1]= 1.016383 pm 0.026392
A[2]= 0.189017 pm 0.129781
A[3]= 6.048446 pm 0.993721
A[4]= 5203.275021 pm 5088.822743
A[5]= -1156.807755 pm 1563.287618
A[6]= -201.077266 pm 290.836317
A[7]= 4328.843762 pm 8535.917560
A[8]= -3078.639671 pm 2831.495273
A[9]= 30.109013 pm 146.952460
A[10]= 7.099226 pm 1.604992
A[11]= 11730.888904 pm 5222.322039
A[12]= -2110.629815 pm 1887.530275
A[13]= -445.168083 pm 490.365982
A[14]= 7835.887438 pm 8645.107000
A[15]= -3161.913352 pm 2803.806503
A[16]= -105.724615 pm 177.390845

Best-fitting parameters
A[0]= 1.071076
A[1]= 1.004347
A[2]= 0.300159
A[3]= 6.430666
A[4]= 8786.312000
A[5]= -2143.648000
A[6]= -281.306300
A[7]= 12303.430000
A[8]= -5958.370000
A[9]= 80.631160
A[10]= 7.382338
A[11]= 17287.800000
A[12]= -3902.739000
A[13]= -444.311300
A[14]= 13269.110000
A[15]= -5710.278000
A[16]= -56.582190
chi2_min= 57.071620


Cross-Covariance parameters
1.000000	-0.384530	-0.046823	-0.190266	-0.007673	-0.059616	0.141563	0.218268	-0.163288	-0.292484	-0.054839	0.018564	-0.031977	0.020483	0.149858	-0.123247	-0.365150	
-0.384530	1.000000	0.056165	-0.060723	0.212829	-0.228687	0.048445	-0.179488	0.119687	0.248766	-0.117891	0.163087	-0.198290	0.091414	-0.133591	0.096632	0.298205	
-0.046823	0.056165	1.000000	0.026210	0.551305	-0.712435	0.089414	0.470820	-0.675909	0.356299	-0.214928	0.338360	-0.597578	0.255655	0.293472	-0.546646	0.174195	
-0.190266	-0.060723	0.026210	1.000000	0.339879	0.133346	-0.967745	0.084130	-0.134808	0.063047	0.027104	-0.010398	0.015359	-0.012031	-0.014833	0.008190	0.036981	
-0.007673	0.212829	0.551305	0.339879	1.000000	-0.863002	-0.135081	0.236699	-0.384891	0.181866	-0.144125	0.229071	-0.374994	0.157015	0.147396	-0.289394	0.117158	
-0.059616	-0.228687	-0.712435	0.133346	-0.863002	1.000000	-0.335214	-0.285498	0.444099	-0.221336	0.190552	-0.285342	0.478456	-0.205075	-0.204664	0.387110	-0.129919	
0.141563	0.048445	0.089414	-0.967745	-0.135081	-0.335214	1.000000	-0.045792	0.067879	-0.027459	-0.043654	0.040978	-0.073639	0.036362	0.045187	-0.067708	-0.007797	
0.218268	-0.179488	0.470820	0.084130	0.236699	-0.285498	-0.045792	1.000000	-0.953268	0.728813	-0.100454	0.161976	-0.284547	0.119220	0.201444	-0.312240	-0.019730	
-0.163288	0.119687	-0.675909	-0.134808	-0.384891	0.444099	0.067879	-0.953268	1.000000	-0.752201	0.148464	-0.230884	0.408149	-0.174815	-0.246668	0.411181	-0.036636	
-0.292484	0.248766	0.356299	0.063047	0.181866	-0.221336	-0.027459	0.728813	-0.752201	1.000000	-0.085119	0.139824	-0.233011	0.103526	0.053687	-0.148582	0.190817	
-0.054839	-0.117891	-0.214928	0.027104	-0.144125	0.190552	-0.043654	-0.100454	0.148464	-0.085119	1.000000	0.156327	0.513544	-0.983137	-0.009842	-0.011989	-0.112697	
0.018564	0.163087	0.338360	-0.010398	0.229071	-0.285342	0.040978	0.161976	-0.230884	0.139824	0.156327	1.000000	-0.733683	-0.015574	0.127531	-0.240291	0.073508	
-0.031977	-0.198290	-0.597578	0.015359	-0.374994	0.478456	-0.073639	-0.284547	0.408149	-0.233011	0.513544	-0.733683	1.000000	-0.627917	-0.170814	0.299326	-0.158914	
0.020483	0.091414	0.255655	-0.012031	0.157015	-0.205075	0.036362	0.119220	-0.174815	0.103526	-0.983137	-0.015574	-0.627917	1.000000	0.022597	-0.011978	0.121440	
0.149858	-0.133591	0.293472	-0.014833	0.147396	-0.204664	0.045187	0.201444	-0.246668	0.053687	-0.009842	0.127531	-0.170814	0.022597	1.000000	-0.930051	0.660330	
-0.123247	0.096632	-0.546646	0.008190	-0.289394	0.387110	-0.067708	-0.312240	0.411181	-0.148582	-0.011989	-0.240291	0.299326	-0.011978	-0.930051	1.000000	-0.687857	
-0.365150	0.298205	0.174195	0.036981	0.117158	-0.129919	-0.007797	-0.019730	-0.036636	0.190817	-0.112697	0.073508	-0.158914	0.121440	0.660330	-0.687857	1.000000	

Time taken for mcmc chain: 12.733333 minutes
