Number of steps: 6848416
Number of accepted steps: 1831338
Burn-in number of steps: 60000
Accepted fraction of steps: 0.267410
Convergence Status
R[0]= 1.002456	R[1]= 1.006300	R[2]= 1.002468	R[3]= 1.001030	R[4]= 1.002517	R[5]= 1.001782	R[6]= 1.000590	R[7]= 1.000426	R[8]= 1.000797	R[9]= 1.000720	R[10]= 1.001465	R[11]= 1.000870	R[12]= 1.001519	R[13]= 1.001597	R[14]= 1.001375	R[15]= 1.001528	R[16]= 1.001258	
<R>= 1.001688

Mean parameters
A[0]= 0.940304 pm 0.060689
A[1]= 1.019141 pm 0.031357
A[2]= 0.218623 pm 0.138352
A[3]= 4.644531 pm 1.110907
A[4]= 1802.057215 pm 5017.711463
A[5]= -1552.637914 pm 1517.939547
A[6]= 278.216674 pm 315.565439
A[7]= 1323.419867 pm 8818.911910
A[8]= -943.351728 pm 2772.227575
A[9]= -106.963593 pm 149.485470
A[10]= 7.917495 pm 1.698834
A[11]= 6927.761318 pm 6761.397519
A[12]= -281.470830 pm 2289.859667
A[13]= -739.668913 pm 504.320020
A[14]= 2618.766019 pm 10226.022414
A[15]= -1794.709595 pm 3355.143789
A[16]= -99.848911 pm 196.776197

Best-fitting parameters
A[0]= 0.926899
A[1]= 1.024180
A[2]= 0.181919
A[3]= 4.732979
A[4]= 668.188400
A[5]= -1134.094000
A[6]= 240.849600
A[7]= 4279.922000
A[8]= -1467.877000
A[9]= -47.267360
A[10]= 8.443777
A[11]= 3849.139000
A[12]= 961.569200
A[13]= -932.054600
A[14]= -972.079400
A[15]= -695.123800
A[16]= -90.944950
chi2_min= 63.368850


Cross-Covariance parameters
1.000000	-0.427206	-0.051408	-0.110861	-0.020420	-0.022049	0.062192	0.166842	-0.133607	-0.291459	-0.085259	-0.002386	-0.026133	0.036456	0.150957	-0.119785	-0.439330	
-0.427206	1.000000	0.026709	-0.225407	0.113639	-0.219670	0.219838	-0.192183	0.167749	0.179184	0.061560	0.233813	-0.161831	-0.072397	-0.167710	0.119439	0.322259	
-0.051408	0.026709	1.000000	0.017410	0.549901	-0.675238	0.078244	0.485851	-0.626986	0.297316	-0.150688	0.517832	-0.695427	0.222684	0.464038	-0.645893	0.176102	
-0.110861	-0.225407	0.017410	1.000000	0.322248	0.199374	-0.973068	0.108328	-0.169196	0.148795	0.006565	-0.062944	0.048863	0.011140	0.025833	-0.021744	0.005694	
-0.020420	0.113639	0.549901	0.322248	1.000000	-0.845627	-0.130641	0.254502	-0.366858	0.179328	-0.072935	0.324246	-0.408257	0.108473	0.246934	-0.348272	0.103762	
-0.022049	-0.219670	-0.675238	0.199374	-0.845627	1.000000	-0.384286	-0.270169	0.369353	-0.146662	0.098345	-0.418883	0.521924	-0.135273	-0.295399	0.423172	-0.125437	
0.062192	0.219838	0.078244	-0.973068	-0.130641	-0.384286	1.000000	-0.074601	0.118037	-0.119448	-0.018786	0.104012	-0.107672	0.011106	0.014150	-0.035009	0.025107	
0.166842	-0.192183	0.485851	0.108328	0.254502	-0.270169	-0.074601	1.000000	-0.969854	0.757401	-0.089374	0.227091	-0.325788	0.119759	0.283583	-0.359500	-0.019066	
-0.133607	0.167749	-0.626986	-0.169196	-0.366858	0.369353	0.118037	-0.969854	1.000000	-0.777833	0.109842	-0.298579	0.422333	-0.150981	-0.339370	0.443475	-0.018557	
-0.291459	0.179184	0.297316	0.148795	0.179328	-0.146662	-0.119448	0.757401	-0.777833	1.000000	-0.014159	0.159474	-0.197240	0.044866	0.085815	-0.148215	0.181487	
-0.085259	0.061560	-0.150688	0.006565	-0.072935	0.098345	-0.018786	-0.089374	0.109842	-0.014159	1.000000	0.184963	0.379890	-0.978823	-0.070764	0.012300	0.082016	
-0.002386	0.233813	0.517832	-0.062944	0.324246	-0.418883	0.104012	0.227091	-0.298579	0.159474	0.184963	1.000000	-0.816683	-0.025564	0.242686	-0.370286	0.157015	
-0.026133	-0.161831	-0.695427	0.048863	-0.408257	0.521924	-0.107672	-0.325788	0.422333	-0.197240	0.379890	-0.816683	1.000000	-0.519631	-0.328646	0.440602	-0.121772	
0.036456	-0.072397	0.222684	0.011140	0.108473	-0.135273	0.011106	0.119759	-0.150981	0.044866	-0.978823	-0.025564	-0.519631	1.000000	0.100072	-0.057434	-0.053956	
0.150957	-0.167710	0.464038	0.025833	0.246934	-0.295399	0.014150	0.283583	-0.339370	0.085815	-0.070764	0.242686	-0.328646	0.100072	1.000000	-0.951821	0.609775	
-0.119785	0.119439	-0.645893	-0.021744	-0.348272	0.423172	-0.035009	-0.359500	0.443475	-0.148215	0.012300	-0.370286	0.440602	-0.057434	-0.951821	1.000000	-0.630840	
-0.439330	0.322259	0.176102	0.005694	0.103762	-0.125437	0.025107	-0.019066	-0.018557	0.181487	0.082016	0.157015	-0.121772	-0.053956	0.609775	-0.630840	1.000000	

Time taken for mcmc chain: 1.956389 hours
