Number of steps: 7299686
Number of accepted steps: 1686656
Burn-in number of steps: 60000
Accepted fraction of steps: 0.231059
Convergence Status
R[0]= 1.000381	R[1]= 1.000154	R[2]= 1.006090	R[3]= 1.000181	R[4]= 1.002372	R[5]= 1.003146	R[6]= 1.000249	R[7]= 1.002646	R[8]= 1.004127	R[9]= 1.001892	R[10]= 1.000213	R[11]= 1.000924	R[12]= 1.002144	R[13]= 1.000328	R[14]= 1.000743	R[15]= 1.001974	R[16]= 1.000862	
<R>= 1.001672

Mean parameters
A[0]= 1.005864 pm 0.022707
A[1]= 0.995141 pm 0.016651
A[2]= 0.201871 pm 0.136514
A[3]= 4.468092 pm 0.489104
A[4]= 5758.453559 pm 3165.998706
A[5]= -1795.395460 pm 1103.524009
A[6]= 195.970823 pm 152.094668
A[7]= 3180.891886 pm 6256.661986
A[8]= -1572.539489 pm 2094.413116
A[9]= -113.323978 pm 97.193128
A[10]= 3.946616 pm 0.748549
A[11]= 2939.113813 pm 4128.007636
A[12]= -1167.347081 pm 1237.726246
A[13]= 246.056174 pm 223.033665
A[14]= 5683.666995 pm 7577.402462
A[15]= -2322.299800 pm 2304.150448
A[16]= -70.949897 pm 130.625696

Best-fitting parameters
A[0]= 1.004962
A[1]= 0.994123
A[2]= 0.135178
A[3]= 4.544338
A[4]= 4202.855000
A[5]= -1159.871000
A[6]= 149.334200
A[7]= -532.129600
A[8]= -196.068700
A[9]= -177.464000
A[10]= 4.233851
A[11]= 837.904700
A[12]= -392.110300
A[13]= 145.505700
A[14]= 1686.350000
A[15]= -873.131100
A[16]= -155.462500
chi2_min= 53.438140


Cross-Covariance parameters
1.000000	-0.419508	-0.153260	-0.010021	-0.067208	0.095069	-0.026280	0.125186	-0.043352	-0.143339	0.032023	-0.040039	0.084960	-0.052112	0.078148	-0.030269	-0.092363	
-0.419508	1.000000	0.077575	-0.071459	0.266742	-0.244923	0.076456	-0.133042	0.068718	0.138114	-0.045463	0.201537	-0.206027	0.049885	-0.092871	0.057292	0.077187	
-0.153260	0.077575	1.000000	-0.230844	0.608759	-0.792864	0.371902	0.586904	-0.752601	0.488324	-0.118065	0.409490	-0.616916	0.207180	0.322580	-0.511473	0.215663	
-0.010021	-0.071459	-0.230844	1.000000	0.045296	0.321183	-0.954928	-0.010892	0.038646	-0.042878	0.038937	-0.103905	0.155208	-0.057083	-0.076257	0.118842	-0.049007	
-0.067208	0.266742	0.608759	0.045296	1.000000	-0.906077	0.219971	0.345763	-0.462736	0.305511	-0.075394	0.298682	-0.417875	0.127560	0.180826	-0.298572	0.137733	
0.095069	-0.244923	-0.792864	0.321183	-0.906077	1.000000	-0.555168	-0.418499	0.559678	-0.371135	0.100186	-0.363939	0.524435	-0.168501	-0.243358	0.394896	-0.175174	
-0.026280	0.076456	0.371902	-0.954928	0.219971	-0.555168	1.000000	0.091235	-0.146001	0.102902	-0.053840	0.157727	-0.238178	0.084444	0.120018	-0.189235	0.078620	
0.125186	-0.133042	0.586904	-0.010892	0.345763	-0.418499	0.091235	1.000000	-0.966010	0.868319	-0.057694	0.228363	-0.346426	0.109574	0.227616	-0.331939	0.110420	
-0.043352	0.068718	-0.752601	0.038646	-0.462736	0.559678	-0.146001	-0.966010	1.000000	-0.874293	0.080460	-0.300003	0.453449	-0.147208	-0.270315	0.407843	-0.150393	
-0.143339	0.138114	0.488324	-0.042878	0.305511	-0.371135	0.102902	0.868319	-0.874293	1.000000	-0.057624	0.212970	-0.312450	0.101066	0.145194	-0.239341	0.113210	
0.032023	-0.045463	-0.118065	0.038937	-0.075394	0.100186	-0.053840	-0.057694	0.080460	-0.057624	1.000000	0.244760	0.214992	-0.960338	0.047126	-0.073199	0.002662	
-0.040039	0.201537	0.409490	-0.103905	0.298682	-0.363939	0.157727	0.228363	-0.300003	0.212970	0.244760	1.000000	-0.867683	0.003840	0.086318	-0.187801	0.031045	
0.084960	-0.206027	-0.616916	0.155208	-0.417875	0.524435	-0.238178	-0.346426	0.453449	-0.312450	0.214992	-0.867683	1.000000	-0.451222	-0.123766	0.243252	-0.068497	
-0.052112	0.049885	0.207180	-0.057083	0.127560	-0.168501	0.084444	0.109574	-0.147208	0.101066	-0.960338	0.003840	-0.451222	1.000000	-0.035424	0.040525	-0.007916	
0.078148	-0.092871	0.322580	-0.076257	0.180826	-0.243358	0.120018	0.227616	-0.270315	0.145194	0.047126	0.086318	-0.123766	-0.035424	1.000000	-0.960589	0.868063	
-0.030269	0.057292	-0.511473	0.118842	-0.298572	0.394896	-0.189235	-0.331939	0.407843	-0.239341	-0.073199	-0.187801	0.243252	0.040525	-0.960589	1.000000	-0.886959	
-0.092363	0.077187	0.215663	-0.049007	0.137733	-0.175174	0.078620	0.110420	-0.150393	0.113210	0.002662	0.031045	-0.068497	-0.007916	0.868063	-0.886959	1.000000	

Time taken for mcmc chain: 1.732778 hours
