Number of steps: 1818844
Number of accepted steps: 528678
Burn-in number of steps: 60000
Accepted fraction of steps: 0.290667
Convergence Status
R[0]= 1.001245	R[1]= 1.002207	R[2]= 1.002155	R[3]= 1.000644	R[4]= 1.000744	R[5]= 1.000713	R[6]= 1.000435	R[7]= 1.000980	R[8]= 1.001564	R[9]= 1.000802	R[10]= 1.009837	R[11]= 1.004232	R[12]= 1.004931	R[13]= 1.009440	R[14]= 1.000070	R[15]= 1.000583	R[16]= 1.001663	
<R>= 1.002485

Mean parameters
A[0]= 1.080194 pm 0.062858
A[1]= 0.993826 pm 0.029716
A[2]= 0.247345 pm 0.152824
A[3]= 5.719755 pm 1.019481
A[4]= 7489.676093 pm 5011.027485
A[5]= -2710.652409 pm 1608.355585
A[6]= 32.411327 pm 300.679068
A[7]= 8920.420052 pm 7377.618089
A[8]= -4825.191089 pm 2581.227992
A[9]= 93.203655 pm 140.696044
A[10]= 6.410926 pm 1.636209
A[11]= 3879.244746 pm 6538.402071
A[12]= -940.990971 pm 2103.697722
A[13]= -314.872893 pm 484.882320
A[14]= -1498.966293 pm 9993.769884
A[15]= -1794.013002 pm 3362.789426
A[16]= -185.510468 pm 192.743133

Best-fitting parameters
A[0]= 1.064611
A[1]= 0.995806
A[2]= 0.141884
A[3]= 5.859104
A[4]= 3912.855000
A[5]= -1310.733000
A[6]= -66.167520
A[7]= 6336.210000
A[8]= -3603.626000
A[9]= 90.714220
A[10]= 6.805792
A[11]= 1022.742000
A[12]= 532.742600
A[13]= -486.188000
A[14]= -12203.340000
A[15]= 1627.296000
A[16]= -313.714500
chi2_min= 77.978180


Cross-Covariance parameters
1.000000	-0.433668	-0.085154	-0.267710	-0.110770	0.005832	0.219246	0.125561	-0.055791	-0.368298	0.092946	0.023123	0.045594	-0.113888	0.147178	-0.124467	-0.307079	
-0.433668	1.000000	0.084559	0.036808	0.290439	-0.253652	-0.047939	-0.138356	0.056760	0.319452	-0.267786	0.139609	-0.270643	0.248355	-0.163560	0.130224	0.269691	
-0.085154	0.084559	1.000000	-0.092280	0.531738	-0.738955	0.207464	0.407678	-0.672440	0.324509	-0.111578	0.423043	-0.627451	0.185551	0.351745	-0.582629	0.288090	
-0.267710	0.036808	-0.092280	1.000000	0.300234	0.190868	-0.969438	0.076445	-0.109846	0.023880	0.021506	-0.049365	0.072943	-0.020149	-0.063193	0.085414	0.042532	
-0.110770	0.290439	0.531738	0.300234	1.000000	-0.853514	-0.098728	0.219670	-0.402436	0.197541	-0.115580	0.272464	-0.400989	0.148718	0.154870	-0.277679	0.201817	
0.005832	-0.253652	-0.738955	0.190868	-0.853514	1.000000	-0.384831	-0.257180	0.465899	-0.240136	0.135933	-0.357840	0.528227	-0.182137	-0.246211	0.416447	-0.226394	
0.219246	-0.047939	0.207464	-0.969438	-0.098728	-0.384831	1.000000	-0.033569	0.032648	0.010302	-0.027582	0.092381	-0.136854	0.037291	0.104634	-0.152021	-0.004082	
0.125561	-0.138356	0.407678	0.076445	0.219670	-0.257180	-0.033569	1.000000	-0.928806	0.700724	0.010142	0.173700	-0.228280	0.021186	0.195133	-0.283374	0.055590	
-0.055791	0.056760	-0.672440	-0.109846	-0.402436	0.465899	0.032648	-0.928806	1.000000	-0.723863	0.037122	-0.287668	0.405420	-0.087442	-0.270795	0.422212	-0.149500	
-0.368298	0.319452	0.324509	0.023880	0.197541	-0.240136	0.010302	0.700724	-0.723863	1.000000	-0.100635	0.137023	-0.236853	0.123419	0.030380	-0.109072	0.210796	
0.092946	-0.267786	-0.111578	0.021506	-0.115580	0.135933	-0.027582	0.010142	0.037122	-0.100635	1.000000	0.250666	0.320603	-0.977593	0.136141	-0.187289	-0.167089	
0.023123	0.139609	0.423043	-0.049365	0.272464	-0.357840	0.092381	0.173700	-0.287668	0.137023	0.250666	1.000000	-0.810486	-0.074009	0.212631	-0.346459	0.126411	
0.045594	-0.270643	-0.627451	0.072943	-0.400989	0.528227	-0.136854	-0.228280	0.405420	-0.236853	0.320603	-0.810486	1.000000	-0.483028	-0.190757	0.329620	-0.254488	
-0.113888	0.248355	0.185551	-0.020149	0.148718	-0.182137	0.037291	0.021186	-0.087442	0.123419	-0.977593	-0.074009	-0.483028	1.000000	-0.104461	0.136049	0.184316	
0.147178	-0.163560	0.351745	-0.063193	0.154870	-0.246211	0.104634	0.195133	-0.270795	0.030380	0.136141	0.212631	-0.190757	-0.104461	1.000000	-0.937986	0.709391	
-0.124467	0.130224	-0.582629	0.085414	-0.277679	0.416447	-0.152021	-0.283374	0.422212	-0.109072	-0.187289	-0.346459	0.329620	0.136049	-0.937986	1.000000	-0.717766	
-0.307079	0.269691	0.288090	0.042532	0.201817	-0.226394	-0.004082	0.055590	-0.149500	0.210796	-0.167089	0.126411	-0.254488	0.184316	0.709391	-0.717766	1.000000	

Time taken for mcmc chain: 13.316667 minutes
