Number of steps: 1689967
Number of accepted steps: 428715
Burn-in number of steps: 60000
Accepted fraction of steps: 0.253682
Convergence Status
R[0]= 1.002182	R[1]= 1.001373	R[2]= 1.000838	R[3]= 1.001451	R[4]= 1.000953	R[5]= 1.000761	R[6]= 1.001293	R[7]= 1.000914	R[8]= 1.001004	R[9]= 1.001434	R[10]= 1.002795	R[11]= 1.002231	R[12]= 1.001219	R[13]= 1.002694	R[14]= 1.000067	R[15]= 1.000098	R[16]= 1.000144	
<R>= 1.001262

Mean parameters
A[0]= 0.933893 pm 0.042774
A[1]= 1.003124 pm 0.023597
A[2]= 0.212312 pm 0.121157
A[3]= 8.412190 pm 1.064274
A[4]= 5020.131734 pm 5956.830206
A[5]= -116.433249 pm 1983.456791
A[6]= -779.977856 pm 308.552935
A[7]= 7165.824638 pm 8800.712073
A[8]= -4094.057582 pm 2997.424044
A[9]= 140.119773 pm 145.022429
A[10]= 5.038520 pm 1.774586
A[11]= 7457.990948 pm 5902.862066
A[12]= -2160.522390 pm 1921.492982
A[13]= 150.645866 pm 515.861632
A[14]= 3886.802382 pm 9485.976075
A[15]= -2624.762379 pm 2865.632376
A[16]= 93.694446 pm 179.773682

Best-fitting parameters
A[0]= 0.912851
A[1]= 1.008102
A[2]= 0.340827
A[3]= 8.616530
A[4]= 6943.583000
A[5]= -1046.618000
A[6]= -821.762800
A[7]= 19640.850000
A[8]= -8389.817000
A[9]= 328.206900
A[10]= 5.712432
A[11]= 12827.570000
A[12]= -3404.365000
A[13]= -3.957547
A[14]= 16227.930000
A[15]= -6518.947000
A[16]= 257.159500
chi2_min= 57.318850


Cross-Covariance parameters
1.000000	-0.380875	-0.020633	-0.154968	-0.004447	-0.044112	0.093375	0.205693	-0.157703	-0.388052	-0.008705	-0.013003	0.010002	-0.013032	0.062536	-0.060258	-0.216984	
-0.380875	1.000000	0.066666	-0.006752	0.259146	-0.228808	-0.003108	-0.145081	0.079667	0.345119	-0.336302	0.066238	-0.271301	0.326448	-0.075242	0.085584	0.139210	
-0.020633	0.066666	1.000000	-0.084750	0.709318	-0.827530	0.228316	0.603386	-0.760453	0.285919	-0.019352	0.380645	-0.465060	0.063104	0.300893	-0.444464	0.115432	
-0.154968	-0.006752	-0.084750	1.000000	0.196166	0.220873	-0.965675	-0.008192	-0.028317	0.122386	0.041450	-0.039209	0.067720	-0.041751	-0.037837	0.047978	0.008907	
-0.004447	0.259146	0.709318	0.196166	1.000000	-0.898653	0.016377	0.408868	-0.547696	0.245983	-0.102155	0.272351	-0.387415	0.126511	0.194651	-0.291252	0.088799	
-0.044112	-0.228808	-0.827530	0.220873	-0.898653	1.000000	-0.418906	-0.468439	0.603474	-0.219865	0.102195	-0.318143	0.440726	-0.131651	-0.236667	0.350521	-0.094123	
0.093375	-0.003108	0.228316	-0.965675	0.016377	-0.418906	1.000000	0.082436	-0.072632	-0.073905	-0.030528	0.088124	-0.121832	0.038919	0.078499	-0.110053	0.015774	
0.205693	-0.145081	0.603386	-0.008192	0.408868	-0.468439	0.082436	1.000000	-0.962823	0.625883	0.038967	0.240098	-0.257273	-0.012876	0.217565	-0.303237	0.022967	
-0.157703	0.079667	-0.760453	-0.028317	-0.547696	0.603474	-0.072632	-0.962823	1.000000	-0.636216	-0.020441	-0.296858	0.337617	-0.011836	-0.254355	0.363232	-0.050690	
-0.388052	0.345119	0.285919	0.122386	0.245983	-0.219865	-0.073905	0.625883	-0.636216	1.000000	-0.060083	0.130178	-0.184714	0.077345	0.052914	-0.088295	0.128861	
-0.008705	-0.336302	-0.019352	0.041450	-0.102155	0.102195	-0.030528	0.038967	-0.020441	-0.060083	1.000000	0.201504	0.452933	-0.982712	0.052936	-0.145646	0.042132	
-0.013003	0.066238	0.380645	-0.039209	0.272351	-0.318143	0.088124	0.240098	-0.296858	0.130178	0.201504	1.000000	-0.763836	-0.040845	0.141769	-0.227079	0.088007	
0.010002	-0.271301	-0.465060	0.067720	-0.387415	0.440726	-0.121832	-0.257273	0.337617	-0.184714	0.452933	-0.763836	1.000000	-0.590846	-0.130396	0.164900	-0.061029	
-0.013032	0.326448	0.063104	-0.041751	0.126511	-0.131651	0.038919	-0.012876	-0.011836	0.077345	-0.982712	-0.040845	-0.590846	1.000000	-0.040682	0.125124	-0.036201	
0.062536	-0.075242	0.300893	-0.037837	0.194651	-0.236667	0.078499	0.217565	-0.254355	0.052914	0.052936	0.141769	-0.130396	-0.040682	1.000000	-0.958884	0.791889	
-0.060258	0.085584	-0.444464	0.047978	-0.291252	0.350521	-0.110053	-0.303237	0.363232	-0.088295	-0.145646	-0.227079	0.164900	0.125124	-0.958884	1.000000	-0.830071	
-0.216984	0.139210	0.115432	0.008907	0.088799	-0.094123	0.015774	0.022967	-0.050690	0.128861	0.042132	0.088007	-0.061029	-0.036201	0.791889	-0.830071	1.000000	

Time taken for mcmc chain: 11.216667 minutes
