Number of steps: 3672906
Number of accepted steps: 799355
Burn-in number of steps: 60000
Accepted fraction of steps: 0.217636
Convergence Status
R[0]= 1.001584	R[1]= 1.000875	R[2]= 1.007321	R[3]= 1.003330	R[4]= 1.000298	R[5]= 1.000613	R[6]= 1.003401	R[7]= 1.001002	R[8]= 1.001271	R[9]= 1.000510	R[10]= 1.002462	R[11]= 1.001239	R[12]= 1.002380	R[13]= 1.002688	R[14]= 1.000865	R[15]= 1.001590	R[16]= 1.001665	
<R>= 1.001947

Mean parameters
A[0]= 1.084775 pm 0.091098
A[1]= 1.005468 pm 0.032847
A[2]= 0.352248 pm 0.225372
A[3]= 3.819467 pm 0.987529
A[4]= 613.286955 pm 5354.334556
A[5]= -2135.510806 pm 1632.647645
A[6]= 467.131031 pm 289.618056
A[7]= 10185.451095 pm 6895.743440
A[8]= -5209.167061 pm 2553.465723
A[9]= 113.066738 pm 132.226586
A[10]= 4.964232 pm 1.644038
A[11]= 7561.576486 pm 6257.967339
A[12]= -3547.571076 pm 2128.183078
A[13]= 258.198796 pm 493.146120
A[14]= 6194.066147 pm 9234.285035
A[15]= -3550.803899 pm 3224.338739
A[16]= -128.886941 pm 182.512563

Best-fitting parameters
A[0]= 1.125774
A[1]= 0.987888
A[2]= 0.462776
A[3]= 3.943370
A[4]= 4033.156000
A[5]= -3256.158000
A[6]= 487.777400
A[7]= 15987.010000
A[8]= -7282.710000
A[9]= 145.068200
A[10]= 5.481567
A[11]= 12337.150000
A[12]= -4762.919000
A[13]= 148.153600
A[14]= 19504.580000
A[15]= -8338.983000
A[16]= 40.670530
chi2_min= 58.052610


Cross-Covariance parameters
1.000000	-0.404284	0.089204	-0.102626	0.034228	-0.089555	0.063600	0.168817	-0.180332	-0.313832	-0.169398	0.009440	-0.106498	0.139005	0.128878	-0.144365	-0.278960	
-0.404284	1.000000	0.042718	0.100574	0.248831	-0.205819	-0.092637	-0.087319	0.021088	0.273273	-0.169128	0.134561	-0.207519	0.158708	-0.116250	0.098040	0.246739	
0.089204	0.042718	1.000000	-0.084747	0.490420	-0.728675	0.204944	0.381320	-0.667566	0.273931	-0.286255	0.363548	-0.665186	0.347853	0.305716	-0.567075	0.248951	
-0.102626	0.100574	-0.084747	1.000000	0.415106	0.022067	-0.964926	0.142720	-0.210368	0.033450	0.073572	0.011979	0.035429	-0.075002	-0.005782	0.013019	0.029472	
0.034228	0.248831	0.490420	0.415106	1.000000	-0.874573	-0.195885	0.238520	-0.452526	0.142700	-0.155747	0.244042	-0.395344	0.181860	0.160366	-0.297697	0.159313	
-0.089555	-0.205819	-0.728675	0.022067	-0.874573	1.000000	-0.244757	-0.262737	0.509538	-0.190132	0.238753	-0.310326	0.541067	-0.278704	-0.226094	0.420763	-0.198541	
0.063600	-0.092637	0.204944	-0.964926	-0.195885	-0.244757	1.000000	-0.102510	0.126701	0.006029	-0.091409	0.034404	-0.110591	0.103342	0.042912	-0.082999	0.014058	
0.168817	-0.087319	0.381320	0.142720	0.238520	-0.262737	-0.102510	1.000000	-0.907186	0.709964	-0.079427	0.164282	-0.263552	0.103434	0.166131	-0.265907	0.051911	
-0.180332	0.021088	-0.667566	-0.210368	-0.452526	0.509538	0.126701	-0.907186	1.000000	-0.691400	0.168562	-0.268854	0.460157	-0.208482	-0.245466	0.425252	-0.135310	
-0.313832	0.273273	0.273931	0.033450	0.142700	-0.190132	0.006029	0.709964	-0.691400	1.000000	-0.053100	0.123669	-0.192206	0.079481	0.036836	-0.110664	0.193216	
-0.169398	-0.169128	-0.286255	0.073572	-0.155747	0.238753	-0.091409	-0.079427	0.168562	-0.053100	1.000000	0.217725	0.371524	-0.979159	0.058828	-0.099183	-0.107309	
0.009440	0.134561	0.363548	0.011979	0.244042	-0.310326	0.034404	0.164282	-0.268854	0.123669	0.217725	1.000000	-0.794543	-0.048523	0.202557	-0.356266	0.124168	
-0.106498	-0.207519	-0.665186	0.035429	-0.395344	0.541067	-0.110591	-0.263552	0.460157	-0.192206	0.371524	-0.794543	1.000000	-0.520817	-0.216686	0.389627	-0.215403	
0.139005	0.158708	0.347853	-0.075002	0.181860	-0.278704	0.103342	0.103434	-0.208482	0.079481	-0.979159	-0.048523	-0.520817	1.000000	-0.034211	0.053284	0.129344	
0.128878	-0.116250	0.305716	-0.005782	0.160366	-0.226094	0.042912	0.166131	-0.245466	0.036836	0.058828	0.202557	-0.216686	-0.034211	1.000000	-0.914904	0.710138	
-0.144365	0.098040	-0.567075	0.013019	-0.297697	0.420763	-0.082999	-0.265907	0.425252	-0.110664	-0.099183	-0.356266	0.389627	0.053284	-0.914904	1.000000	-0.707186	
-0.278960	0.246739	0.248951	0.029472	0.159313	-0.198541	0.014058	0.051911	-0.135310	0.193216	-0.107309	0.124168	-0.215403	0.129344	0.710138	-0.707186	1.000000	

Time taken for mcmc chain: 30.200000 minutes
