Number of steps: 4107733
Number of accepted steps: 986193
Burn-in number of steps: 60000
Accepted fraction of steps: 0.240082
Convergence Status
R[0]= 1.001697	R[1]= 1.000310	R[2]= 1.004017	R[3]= 1.000488	R[4]= 1.000183	R[5]= 1.001247	R[6]= 1.000538	R[7]= 1.000592	R[8]= 1.001385	R[9]= 1.000534	R[10]= 1.000634	R[11]= 1.001441	R[12]= 1.001640	R[13]= 1.000551	R[14]= 1.000990	R[15]= 1.001712	R[16]= 1.000356	
<R>= 1.001077

Mean parameters
A[0]= 1.059223 pm 0.047074
A[1]= 1.017092 pm 0.027712
A[2]= 0.351404 pm 0.172186
A[3]= 5.769993 pm 0.993014
A[4]= 14612.396498 pm 3846.728768
A[5]= -4504.691456 pm 1449.644639
A[6]= 42.175831 pm 299.723432
A[7]= 8705.502369 pm 7753.302599
A[8]= -5355.109665 pm 2850.218397
A[9]= 59.997377 pm 138.154163
A[10]= 4.094015 pm 1.513864
A[11]= 7608.840724 pm 6199.838452
A[12]= -3805.356716 pm 1753.001150
A[13]= 479.959499 pm 454.037808
A[14]= 3651.461037 pm 9497.427975
A[15]= -3581.021436 pm 3111.277255
A[16]= 14.647628 pm 178.284787

Best-fitting parameters
A[0]= 1.063048
A[1]= 1.018886
A[2]= 0.511974
A[3]= 5.794318
A[4]= 19182.090000
A[5]= -6291.422000
A[6]= 101.335200
A[7]= 16845.050000
A[8]= -8864.741000
A[9]= 192.711000
A[10]= 3.818356
A[11]= 8902.928000
A[12]= -4590.769000
A[13]= 579.460300
A[14]= 5906.390000
A[15]= -5188.896000
A[16]= 88.976830
chi2_min= 82.149570


Cross-Covariance parameters
1.000000	-0.344689	0.008209	-0.159068	-0.048952	-0.031212	0.126265	0.113805	-0.091001	-0.258787	0.090356	0.051655	-0.002105	-0.097811	0.089433	-0.112642	-0.129832	
-0.344689	1.000000	0.020731	-0.220623	0.140984	-0.211834	0.176040	-0.178018	0.135485	0.235343	0.180696	0.211651	-0.117733	-0.187190	-0.027747	-0.017752	0.134748	
0.008209	0.020731	1.000000	-0.243438	0.480080	-0.786351	0.323389	0.484853	-0.720432	0.372876	-0.064978	0.316757	-0.546080	0.122025	0.285889	-0.490634	0.202658	
-0.159068	-0.220623	-0.243438	1.000000	0.212403	0.354360	-0.978010	0.075754	-0.068376	-0.041207	-0.045536	-0.142831	0.167234	0.035672	-0.073755	0.141527	-0.054000	
-0.048952	0.140984	0.480080	0.212403	1.000000	-0.791038	-0.049386	0.254648	-0.402775	0.195635	0.009123	0.191745	-0.276846	0.018495	0.140170	-0.241320	0.116468	
-0.031212	-0.211834	-0.786351	0.354360	-0.791038	1.000000	-0.496278	-0.317548	0.509503	-0.288777	-0.005387	-0.306330	0.454518	-0.037501	-0.228581	0.399470	-0.176363	
0.126265	0.176040	0.323389	-0.978010	-0.049386	-0.496278	1.000000	-0.033589	0.006331	0.062757	0.023663	0.151893	-0.203619	-0.008357	0.094127	-0.174173	0.069427	
0.113805	-0.178018	0.484853	0.075754	0.254648	-0.317548	-0.033589	1.000000	-0.934232	0.762813	-0.041984	0.129912	-0.244555	0.070204	0.167653	-0.256433	0.075610	
-0.091001	0.135485	-0.720432	-0.068376	-0.402775	0.509503	0.006331	-0.934232	1.000000	-0.757083	0.054495	-0.209571	0.376789	-0.095986	-0.228496	0.368022	-0.128160	
-0.258787	0.235343	0.372876	-0.041207	0.195635	-0.288777	0.062757	0.762813	-0.757083	1.000000	-0.006572	0.142908	-0.218030	0.027782	0.095131	-0.171353	0.129680	
0.090356	0.180696	-0.064978	-0.045536	0.009123	-0.005387	0.023663	-0.041984	0.054495	-0.006572	1.000000	0.411878	0.145052	-0.978037	0.144021	-0.274240	-0.001390	
0.051655	0.211651	0.316757	-0.142831	0.191745	-0.306330	0.151893	0.129912	-0.209571	0.142908	0.411878	1.000000	-0.813751	-0.236745	0.172734	-0.311406	0.105531	
-0.002105	-0.117733	-0.546080	0.167234	-0.276846	0.454518	-0.203619	-0.244555	0.376789	-0.218030	0.145052	-0.813751	1.000000	-0.324459	-0.156144	0.268565	-0.146925	
-0.097811	-0.187190	0.122025	0.035672	0.018495	-0.037501	-0.008357	0.070204	-0.095986	0.027782	-0.978037	-0.236745	-0.324459	1.000000	-0.124594	0.238475	0.010750	
0.089433	-0.027747	0.285889	-0.073755	0.140170	-0.228581	0.094127	0.167653	-0.228496	0.095131	0.144021	0.172734	-0.156144	-0.124594	1.000000	-0.935062	0.817934	
-0.112642	-0.017752	-0.490634	0.141527	-0.241320	0.399470	-0.174173	-0.256433	0.368022	-0.171353	-0.274240	-0.311406	0.268565	0.238475	-0.935062	1.000000	-0.820919	
-0.129832	0.134748	0.202658	-0.054000	0.116468	-0.176363	0.069427	0.075610	-0.128160	0.129680	-0.001390	0.105531	-0.146925	0.010750	0.817934	-0.820919	1.000000	

Time taken for mcmc chain: 40.700000 minutes
