Number of steps: 2997147
Number of accepted steps: 561921
Burn-in number of steps: 60000
Accepted fraction of steps: 0.187485
Convergence Status
R[0]= 1.001234	R[1]= 1.004127	R[2]= 1.004337	R[3]= 1.001785	R[4]= 1.000937	R[5]= 1.001846	R[6]= 1.001674	R[7]= 1.001468	R[8]= 1.002098	R[9]= 1.000634	R[10]= 1.001938	R[11]= 1.001140	R[12]= 1.002372	R[13]= 1.002106	R[14]= 1.000284	R[15]= 1.000634	R[16]= 1.000276	
<R>= 1.001699

Mean parameters
A[0]= 0.983246 pm 0.037602
A[1]= 1.005609 pm 0.018828
A[2]= 0.158836 pm 0.121726
A[3]= 3.243602 pm 0.500592
A[4]= 1251.043079 pm 2737.941617
A[5]= -1471.583331 pm 873.187623
A[6]= 517.465424 pm 151.322437
A[7]= 1724.202936 pm 5727.952968
A[8]= -1162.059719 pm 1743.293095
A[9]= -39.322093 pm 90.628874
A[10]= 4.168684 pm 0.760432
A[11]= 9727.471925 pm 3965.601736
A[12]= -3066.862371 pm 1204.226572
A[13]= 341.862648 pm 228.161235
A[14]= -3116.950252 pm 8126.234582
A[15]= 274.399954 pm 2417.995971
A[16]= -185.249814 pm 136.410965

Best-fitting parameters
A[0]= 0.990428
A[1]= 0.997495
A[2]= 0.009620
A[3]= 3.337034
A[4]= -2326.724000
A[5]= -254.252300
A[6]= 446.927200
A[7]= -2829.182000
A[8]= 415.370600
A[9]= -97.727050
A[10]= 4.621120
A[11]= 8522.891000
A[12]= -2080.444000
A[13]= 188.184300
A[14]= -9397.611000
A[15]= 2527.933000
A[16]= -284.661800
chi2_min= 51.923740


Cross-Covariance parameters
1.000000	-0.462616	-0.046540	-0.024288	0.060146	-0.040421	-0.002796	0.230612	-0.181740	-0.114934	-0.060420	0.030736	-0.037946	0.035096	0.154342	-0.122218	-0.135974	
-0.462616	1.000000	-0.012868	-0.099366	0.140997	-0.154757	0.096837	-0.223928	0.187951	0.070519	0.039919	0.180452	-0.130185	-0.036954	-0.167452	0.142116	0.078244	
-0.046540	-0.012868	1.000000	-0.149409	0.462777	-0.653835	0.245358	0.451158	-0.606806	0.332489	-0.164383	0.369290	-0.588984	0.237686	0.373822	-0.521829	0.236750	
-0.024288	-0.099366	-0.149409	1.000000	0.135933	0.310621	-0.961937	0.032348	-0.033108	0.028315	0.006270	-0.085404	0.105201	-0.015103	-0.045560	0.070850	-0.031594	
0.060146	0.140997	0.462777	0.135933	1.000000	-0.874721	0.105880	0.199498	-0.286606	0.137022	-0.086594	0.235766	-0.331118	0.120494	0.163974	-0.233325	0.099603	
-0.040421	-0.154757	-0.653835	0.310621	-0.874721	1.000000	-0.528071	-0.245771	0.351255	-0.170379	0.108866	-0.306579	0.439930	-0.156424	-0.231783	0.330561	-0.146275	
-0.002796	0.096837	0.245358	-0.961937	0.105880	-0.528071	1.000000	-0.001154	-0.016746	-0.006886	-0.022428	0.120473	-0.162006	0.040069	0.077704	-0.117391	0.055485	
0.230612	-0.223928	0.451158	0.032348	0.199498	-0.245771	-0.001154	1.000000	-0.972031	0.839375	-0.093380	0.151132	-0.261211	0.121947	0.230508	-0.288451	0.081134	
-0.181740	0.187951	-0.606806	-0.033108	-0.286606	0.351255	-0.016746	-0.972031	1.000000	-0.859602	0.117063	-0.211014	0.354067	-0.157764	-0.277066	0.359627	-0.121676	
-0.114934	0.070519	0.332489	0.028315	0.137022	-0.170379	-0.006886	0.839375	-0.859602	1.000000	-0.048822	0.122016	-0.194228	0.075211	0.108155	-0.160595	0.098502	
-0.060420	0.039919	-0.164383	0.006270	-0.086594	0.108866	-0.022428	-0.093380	0.117063	-0.048822	1.000000	0.203966	0.289930	-0.964376	-0.016704	0.001722	0.020211	
0.030736	0.180452	0.369290	-0.085404	0.235766	-0.306579	0.120473	0.151132	-0.211014	0.122016	0.203966	1.000000	-0.851278	0.026124	0.082364	-0.152584	0.024411	
-0.037946	-0.130185	-0.588984	0.105201	-0.331118	0.439930	-0.162006	-0.261211	0.354067	-0.194228	0.289930	-0.851278	1.000000	-0.503307	-0.151596	0.235986	-0.056258	
0.035096	-0.036954	0.237686	-0.015103	0.120494	-0.156424	0.040069	0.121947	-0.157764	0.075211	-0.964376	0.026124	-0.503307	1.000000	0.024241	-0.022643	-0.023786	
0.154342	-0.167452	0.373822	-0.045560	0.163974	-0.231783	0.077704	0.230508	-0.277066	0.108155	-0.016704	0.082364	-0.151596	0.024241	1.000000	-0.971185	0.845781	
-0.122218	0.142116	-0.521829	0.070850	-0.233325	0.330561	-0.117391	-0.288451	0.359627	-0.160595	0.001722	-0.152584	0.235986	-0.022643	-0.971185	1.000000	-0.873337	
-0.135974	0.078244	0.236750	-0.031594	0.099603	-0.146275	0.055485	0.081134	-0.121676	0.098502	0.020211	0.024411	-0.056258	-0.023786	0.845781	-0.873337	1.000000	

Time taken for mcmc chain: 19.983333 minutes
