Number of steps: 3269466
Number of accepted steps: 674000
Burn-in number of steps: 60000
Accepted fraction of steps: 0.206150
Convergence Status
R[0]= 1.000204	R[1]= 1.000682	R[2]= 1.000906	R[3]= 1.000140	R[4]= 1.000559	R[5]= 1.000697	R[6]= 1.000035	R[7]= 1.000171	R[8]= 1.000293	R[9]= 1.000029	R[10]= 1.004241	R[11]= 1.000251	R[12]= 1.000920	R[13]= 1.004172	R[14]= 1.000174	R[15]= 1.000204	R[16]= 1.000294	
<R>= 1.000822

Mean parameters
A[0]= 1.002529 pm 0.060875
A[1]= 0.996660 pm 0.030985
A[2]= 0.270245 pm 0.169927
A[3]= 5.553089 pm 1.046538
A[4]= 10504.316924 pm 4981.439658
A[5]= -3486.792495 pm 1619.993610
A[6]= 124.944298 pm 301.495247
A[7]= -5945.864696 pm 9064.313959
A[8]= -422.036585 pm 3257.816520
A[9]= -163.621941 pm 146.329524
A[10]= 6.470798 pm 1.787201
A[11]= 8416.080016 pm 6100.268481
A[12]= -2144.471937 pm 2243.801205
A[13]= -223.165330 pm 536.207171
A[14]= 12638.605250 pm 6310.939306
A[15]= -5559.639881 pm 2263.399862
A[16]= 89.521079 pm 155.240501

Best-fitting parameters
A[0]= 1.001900
A[1]= 1.002653
A[2]= 0.309533
A[3]= 5.275701
A[4]= 12720.650000
A[5]= -4373.590000
A[6]= 241.882200
A[7]= -2125.507000
A[8]= -1773.697000
A[9]= -71.618340
A[10]= 7.480511
A[11]= 12840.640000
A[12]= -2852.707000
A[13]= -483.149400
A[14]= 19745.670000
A[15]= -7832.872000
A[16]= 141.686300
chi2_min= 63.337520


Cross-Covariance parameters
1.000000	-0.386731	0.151306	-0.034972	0.102880	-0.139255	0.007284	0.248328	-0.248842	-0.254792	-0.236840	0.034144	-0.174241	0.210803	0.128662	-0.154619	-0.443800	
-0.386731	1.000000	-0.076357	-0.186932	0.122866	-0.161436	0.153346	-0.230393	0.205357	0.209789	0.104973	0.215553	-0.096012	-0.122527	-0.104826	0.074002	0.357226	
0.151306	-0.076357	1.000000	0.067740	0.613898	-0.755876	0.037872	0.605305	-0.767400	0.357038	-0.409713	0.362122	-0.680290	0.452138	0.272960	-0.579634	-0.013550	
-0.034972	-0.186932	0.067740	1.000000	0.317462	0.142798	-0.972028	0.205022	-0.244876	0.085792	-0.002629	-0.011865	-0.008590	0.014219	0.039948	-0.055678	-0.039080	
0.102880	0.122866	0.613898	0.317462	1.000000	-0.865315	-0.132514	0.368213	-0.492326	0.221698	-0.241844	0.285818	-0.463611	0.261894	0.177741	-0.376000	0.011308	
-0.139255	-0.161436	-0.755876	0.142798	-0.865315	1.000000	-0.321094	-0.391652	0.523361	-0.251602	0.313507	-0.340023	0.567333	-0.336799	-0.202892	0.445227	-0.022725	
0.007284	0.153346	0.037872	-0.972028	-0.132514	-0.321094	1.000000	-0.148795	0.169893	-0.051653	-0.033157	0.040173	-0.052250	0.028662	-0.009972	-0.005078	0.047859	
0.248328	-0.230393	0.605305	0.205022	0.368213	-0.391652	-0.148795	1.000000	-0.960350	0.724369	-0.286281	0.178791	-0.401201	0.309940	0.181169	-0.358582	-0.111500	
-0.248842	0.205357	-0.767400	-0.244876	-0.492326	0.523361	0.169893	-0.960350	1.000000	-0.710822	0.346693	-0.244332	0.513005	-0.377337	-0.218733	0.447864	0.094644	
-0.254792	0.209789	0.357038	0.085792	0.221698	-0.251602	-0.051653	0.724369	-0.710822	1.000000	-0.099939	0.156588	-0.239785	0.121029	0.049375	-0.172945	0.166478	
-0.236840	0.104973	-0.409713	-0.002629	-0.241844	0.313507	-0.033157	-0.286281	0.346693	-0.099939	1.000000	0.093638	0.526216	-0.983303	-0.065766	0.052689	0.019435	
0.034144	0.215553	0.362122	-0.011865	0.285818	-0.340023	0.040173	0.178791	-0.244332	0.156588	0.093638	1.000000	-0.772719	0.052151	0.133892	-0.311464	0.047658	
-0.174241	-0.096012	-0.680290	-0.008590	-0.463611	0.567333	-0.052250	-0.401201	0.513005	-0.239785	0.526216	-0.772719	1.000000	-0.641645	-0.193415	0.385840	-0.018606	
0.210803	-0.122527	0.452138	0.014219	0.261894	-0.336799	0.028662	0.309940	-0.377337	0.121029	-0.983303	0.052151	-0.641645	1.000000	0.079567	-0.084632	-0.015423	
0.128662	-0.104826	0.272960	0.039948	0.177741	-0.202892	-0.009972	0.181169	-0.218733	0.049375	-0.065766	0.133892	-0.193415	0.079567	1.000000	-0.874849	0.519665	
-0.154619	0.074002	-0.579634	-0.055678	-0.376000	0.445227	-0.005078	-0.358582	0.447864	-0.172945	0.052689	-0.311464	0.385840	-0.084632	-0.874849	1.000000	-0.513393	
-0.443800	0.357226	-0.013550	-0.039080	0.011308	-0.022725	0.047859	-0.111500	0.094644	0.166478	0.019435	0.047658	-0.018606	-0.015423	0.519665	-0.513393	1.000000	

Time taken for mcmc chain: 24.166667 minutes
