Number of steps: 9046677
Number of accepted steps: 2000004
Burn-in number of steps: 60000
Accepted fraction of steps: 0.221076
Convergence Status
R[0]= 1.000807	R[1]= 1.001884	R[2]= 1.011912	R[3]= 1.000355	R[4]= 1.003029	R[5]= 1.005594	R[6]= 1.000899	R[7]= 1.002977	R[8]= 1.005774	R[9]= 1.001246	R[10]= 1.000414	R[11]= 1.001197	R[12]= 1.003319	R[13]= 1.000585	R[14]= 1.001557	R[15]= 1.003508	R[16]= 1.000848	
<R>= 1.002700

Mean parameters
A[0]= 1.037265 pm 0.027271
A[1]= 0.995799 pm 0.017926
A[2]= 0.229197 pm 0.150689
A[3]= 4.201078 pm 0.488216
A[4]= 944.298023 pm 3190.676236
A[5]= -833.935589 pm 1112.861412
A[6]= 199.104222 pm 152.326530
A[7]= 9141.412763 pm 5829.119089
A[8]= -3383.266615 pm 2005.297563
A[9]= -17.070364 pm 90.582077
A[10]= 3.631066 pm 0.756349
A[11]= -2076.130692 pm 4134.457052
A[12]= -358.239315 pm 1229.530531
A[13]= 295.268446 pm 226.362092
A[14]= 1933.506474 pm 8147.702137
A[15]= -1456.750186 pm 2477.923235
A[16]= -122.221904 pm 136.581911

Best-fitting parameters
A[0]= 1.033249
A[1]= 0.996942
A[2]= 0.367839
A[3]= 4.154717
A[4]= 2905.523000
A[5]= -1687.820000
A[6]= 238.872800
A[7]= 12547.640000
A[8]= -4868.142000
A[9]= 24.971300
A[10]= 3.278921
A[11]= -1617.717000
A[12]= -903.239600
A[13]= 398.411300
A[14]= 2813.369000
A[15]= -2299.513000
A[16]= -76.660360
chi2_min= 55.797690


Cross-Covariance parameters
1.000000	-0.442017	-0.054418	-0.031847	0.022981	-0.000668	0.015542	0.235363	-0.148621	-0.094407	0.059535	0.035877	0.009673	-0.063527	0.165026	-0.130251	-0.033942	
-0.442017	1.000000	0.026994	-0.047654	0.231155	-0.200640	0.046798	-0.178355	0.111715	0.133723	-0.057076	0.171415	-0.176170	0.057064	-0.133415	0.104642	0.047298	
-0.054418	0.026994	1.000000	-0.244308	0.601093	-0.802131	0.393757	0.553623	-0.751053	0.460091	-0.177771	0.366498	-0.612300	0.261370	0.341625	-0.520359	0.263597	
-0.031847	-0.047654	-0.244308	1.000000	0.079441	0.294606	-0.953996	0.013661	0.025276	-0.050693	0.048641	-0.103857	0.162371	-0.068015	-0.091772	0.134234	-0.072001	
0.022981	0.231155	0.601093	0.079441	1.000000	-0.902269	0.190052	0.350407	-0.482355	0.294316	-0.117940	0.279505	-0.422487	0.167461	0.197136	-0.306628	0.165686	
-0.000668	-0.200640	-0.802131	0.294606	-0.902269	1.000000	-0.535954	-0.411588	0.578831	-0.363209	0.152989	-0.342263	0.535798	-0.219241	-0.267875	0.412722	-0.218817	
0.015542	0.046798	0.393757	-0.953996	0.190052	-0.535954	1.000000	0.071964	-0.143736	0.111083	-0.076838	0.156134	-0.252489	0.108703	0.140972	-0.210234	0.110100	
0.235363	-0.178355	0.553623	0.013661	0.350407	-0.411588	0.071964	1.000000	-0.955027	0.837329	-0.082247	0.199450	-0.328082	0.127830	0.249920	-0.340225	0.142671	
-0.148621	0.111715	-0.751053	0.025276	-0.482355	0.578831	-0.143736	-0.955027	1.000000	-0.845239	0.123395	-0.272765	0.452628	-0.185322	-0.300104	0.428135	-0.196359	
-0.094407	0.133723	0.460091	-0.050693	0.294316	-0.363209	0.111083	0.837329	-0.845239	1.000000	-0.095264	0.178937	-0.295310	0.131062	0.144806	-0.229147	0.133394	
0.059535	-0.057076	-0.177771	0.048641	-0.117940	0.152989	-0.076838	-0.082247	0.123395	-0.095264	1.000000	0.266777	0.210224	-0.961825	0.085830	-0.096064	0.001428	
0.035877	0.171415	0.366498	-0.103857	0.279505	-0.342263	0.156134	0.199450	-0.272765	0.178937	0.266777	1.000000	-0.858457	-0.023215	0.101804	-0.191851	0.037277	
0.009673	-0.176170	-0.612300	0.162371	-0.422487	0.535798	-0.252489	-0.328082	0.452628	-0.295310	0.210224	-0.858457	1.000000	-0.443367	-0.129700	0.245265	-0.088199	
-0.063527	0.057064	0.261370	-0.068015	0.167461	-0.219241	0.108703	0.127830	-0.185322	0.131062	-0.961825	-0.023215	-0.443367	1.000000	-0.071390	0.062473	-0.004445	
0.165026	-0.133415	0.341625	-0.091772	0.197136	-0.267875	0.140972	0.249920	-0.300104	0.144806	0.085830	0.101804	-0.129700	-0.071390	1.000000	-0.964348	0.875121	
-0.130251	0.104642	-0.520359	0.134234	-0.306628	0.412722	-0.210234	-0.340225	0.428135	-0.229147	-0.096064	-0.191851	0.245265	0.062473	-0.964348	1.000000	-0.894386	
-0.033942	0.047298	0.263597	-0.072001	0.165686	-0.218817	0.110100	0.142671	-0.196359	0.133394	0.001428	0.037277	-0.088199	-0.004445	0.875121	-0.894386	1.000000	

Time taken for mcmc chain: 2.284444 hours
