Number of steps: 14160828
Number of accepted steps: 2000004
Burn-in number of steps: 60000
Accepted fraction of steps: 0.141235
Convergence Status
R[0]= 1.000603	R[1]= 1.000910	R[2]= 1.006588	R[3]= 1.001858	R[4]= 1.001095	R[5]= 1.002415	R[6]= 1.002250	R[7]= 1.001310	R[8]= 1.002333	R[9]= 1.000106	R[10]= 1.005097	R[11]= 1.001247	R[12]= 1.000660	R[13]= 1.005009	R[14]= 1.000555	R[15]= 1.000437	R[16]= 1.000020	
<R>= 1.001911

Mean parameters
A[0]= 0.940127 pm 0.119262
A[1]= 1.042682 pm 0.048834
A[2]= 0.530892 pm 0.249077
A[3]= 4.465079 pm 1.081437
A[4]= 10244.983795 pm 5805.898797
A[5]= -4681.971165 pm 1929.807420
A[6]= 419.102776 pm 301.077839
A[7]= 738.129127 pm 10399.048175
A[8]= -2164.521876 pm 4006.199046
A[9]= -160.907654 pm 168.608969
A[10]= 3.850388 pm 1.674134
A[11]= 1090.740736 pm 7459.310815
A[12]= -2726.846057 pm 2139.960413
A[13]= 493.382349 pm 475.434431
A[14]= 6372.417591 pm 9267.094976
A[15]= -4196.857856 pm 3193.288436
A[16]= 117.756497 pm 191.702649

Best-fitting parameters
A[0]= 0.985680
A[1]= 1.000563
A[2]= 0.811752
A[3]= 5.291517
A[4]= 18148.590000
A[5]= -7236.042000
A[6]= 277.102800
A[7]= 15724.910000
A[8]= -8682.319000
A[9]= -35.786360
A[10]= 2.650450
A[11]= -159.268700
A[12]= -3464.264000
A[13]= 842.091400
A[14]= 14421.750000
A[15]= -7219.411000
A[16]= 227.074700
chi2_min= 63.704760


Cross-Covariance parameters
1.000000	-0.548278	0.201552	-0.136993	0.040420	-0.159151	0.050378	0.300679	-0.365969	-0.367581	-0.254100	-0.101419	-0.064769	0.193561	0.148752	-0.229544	-0.414698	
-0.548278	1.000000	-0.118686	-0.158420	0.055168	-0.061660	0.168003	-0.309785	0.323855	0.236036	0.224417	0.257110	-0.135146	-0.202480	-0.120569	0.123193	0.336029	
0.201552	-0.118686	1.000000	-0.074298	0.610481	-0.824188	0.203804	0.644681	-0.771737	0.346856	-0.350886	0.253382	-0.602982	0.416033	0.344349	-0.503614	0.054506	
-0.136993	-0.158420	-0.074298	1.000000	0.387216	0.015820	-0.963010	0.189489	-0.218150	0.292305	0.076574	-0.028296	0.078289	-0.061760	-0.012383	0.028120	0.037630	
0.040420	0.055168	0.610481	0.387216	1.000000	-0.889062	-0.186423	0.478471	-0.578938	0.357667	-0.149281	0.249785	-0.436428	0.199001	0.233058	-0.334087	0.083867	
-0.159151	-0.061660	-0.824188	0.015820	-0.889062	1.000000	-0.210330	-0.539176	0.657057	-0.306558	0.258272	-0.286827	0.564527	-0.311552	-0.296885	0.436111	-0.065661	
0.050378	0.168003	0.203804	-0.963010	-0.186423	-0.210330	1.000000	-0.122642	0.137261	-0.198596	-0.103422	0.070855	-0.155734	0.107179	0.049666	-0.078034	0.016382	
0.300679	-0.309785	0.644681	0.189489	0.478471	-0.539176	-0.122642	1.000000	-0.959561	0.632342	-0.264036	0.122271	-0.368352	0.296083	0.268007	-0.370749	-0.067788	
-0.365969	0.323855	-0.771737	-0.218150	-0.578938	0.657057	0.137261	-0.959561	1.000000	-0.587899	0.316840	-0.141134	0.436171	-0.353162	-0.299559	0.431879	0.068223	
-0.367581	0.236036	0.346856	0.292305	0.357667	-0.306558	-0.198596	0.632342	-0.587899	1.000000	-0.022033	0.166345	-0.239361	0.079735	0.073650	-0.119683	0.236140	
-0.254100	0.224417	-0.350886	0.076574	-0.149281	0.258272	-0.103422	-0.264036	0.316840	-0.022033	1.000000	0.438989	0.074707	-0.973669	0.022931	-0.124072	0.239800	
-0.101419	0.257110	0.253382	-0.028296	0.249785	-0.286827	0.070855	0.122271	-0.141134	0.166345	0.438989	1.000000	-0.840484	-0.257983	0.206198	-0.358045	0.216022	
-0.064769	-0.135146	-0.602982	0.078289	-0.436428	0.564527	-0.155734	-0.368352	0.436171	-0.239361	0.074707	-0.840484	1.000000	-0.258881	-0.277034	0.425629	-0.112266	
0.193561	-0.202480	0.416033	-0.061760	0.199001	-0.311552	0.107179	0.296083	-0.353162	0.079735	-0.973669	-0.257983	-0.258881	1.000000	0.002331	0.083386	-0.196010	
0.148752	-0.120569	0.344349	-0.012383	0.233058	-0.296885	0.049666	0.268007	-0.299559	0.073650	0.022931	0.206198	-0.277034	0.002331	1.000000	-0.924504	0.621482	
-0.229544	0.123193	-0.503614	0.028120	-0.334087	0.436111	-0.078034	-0.370749	0.431879	-0.119683	-0.124072	-0.358045	0.425629	0.083386	-0.924504	1.000000	-0.591698	
-0.414698	0.336029	0.054506	0.037630	0.083867	-0.065661	0.016382	-0.067788	0.068223	0.236140	0.239800	0.216022	-0.112266	-0.196010	0.621482	-0.591698	1.000000	

Time taken for mcmc chain: 2.800833 hours
