Number of steps: 1207716
Number of accepted steps: 323714
Burn-in number of steps: 60000
Accepted fraction of steps: 0.268038
Convergence Status
R[0]= 1.003686	R[1]= 1.003432	R[2]= 1.002766	R[3]= 1.000328	R[4]= 1.000530	R[5]= 1.001076	R[6]= 1.000448	R[7]= 1.002961	R[8]= 1.003280	R[9]= 1.000584	R[10]= 1.001968	R[11]= 1.000294	R[12]= 1.000233	R[13]= 1.001994	R[14]= 1.005889	R[15]= 1.006758	R[16]= 1.004026	
<R>= 1.002368

Mean parameters
A[0]= 0.992237 pm 0.047597
A[1]= 1.028086 pm 0.027740
A[2]= 0.282482 pm 0.143954
A[3]= 6.900706 pm 1.006527
A[4]= 9954.259686 pm 5270.916450
A[5]= -2130.405782 pm 1793.666199
A[6]= -392.617287 pm 298.885964
A[7]= 9806.963782 pm 7572.574198
A[8]= -4375.840255 pm 2735.821486
A[9]= 35.294194 pm 137.025800
A[10]= 5.273675 pm 1.604435
A[11]= 1049.484305 pm 6819.172448
A[12]= -731.679659 pm 2002.520545
A[13]= -53.863878 pm 469.037255
A[14]= 1412.688837 pm 9902.987687
A[15]= -3046.371689 pm 3190.705162
A[16]= 64.128662 pm 183.492894

Best-fitting parameters
A[0]= 1.007362
A[1]= 1.034019
A[2]= 0.381300
A[3]= 7.121675
A[4]= 12390.570000
A[5]= -3015.059000
A[6]= -455.664500
A[7]= 19565.720000
A[8]= -8077.412000
A[9]= 203.779800
A[10]= 5.870483
A[11]= 6560.934000
A[12]= -2049.224000
A[13]= -195.674000
A[14]= 10275.810000
A[15]= -6156.669000
A[16]= 169.217000
chi2_min= 55.624500


Cross-Covariance parameters
1.000000	-0.401864	-0.046478	-0.135875	-0.057458	0.011650	0.081354	0.136670	-0.093591	-0.406323	-0.039379	-0.017905	0.004211	0.019805	0.096573	-0.085941	-0.205575	
-0.401864	1.000000	0.052428	-0.086102	0.231542	-0.236162	0.065161	-0.141910	0.083591	0.350956	-0.196595	0.112326	-0.217208	0.190120	-0.111191	0.103456	0.168292	
-0.046478	0.052428	1.000000	-0.151886	0.620661	-0.813381	0.280551	0.537808	-0.750236	0.286612	0.009016	0.442139	-0.589164	0.064221	0.363966	-0.552048	0.208295	
-0.135875	-0.086102	-0.151886	1.000000	0.237121	0.213720	-0.967623	-0.005886	-0.032737	0.050208	0.034357	-0.099265	0.141335	-0.046144	-0.062187	0.093720	-0.024155	
-0.057458	0.231542	0.620661	0.237121	1.000000	-0.875843	-0.029904	0.324292	-0.500526	0.240586	-0.037075	0.295883	-0.405826	0.077020	0.208225	-0.321095	0.151555	
0.011650	-0.236162	-0.813381	0.213720	-0.875843	1.000000	-0.407287	-0.401958	0.586290	-0.250952	0.041059	-0.388531	0.530924	-0.096402	-0.283101	0.434280	-0.185457	
0.081354	0.065161	0.280551	-0.967623	-0.029904	-0.407287	1.000000	0.069406	-0.063340	-0.008551	-0.018384	0.151494	-0.204693	0.041002	0.109475	-0.165066	0.056396	
0.136670	-0.141910	0.537808	-0.005886	0.324292	-0.401958	0.069406	1.000000	-0.940029	0.653927	0.015391	0.238818	-0.312626	0.026974	0.237241	-0.330270	0.071162	
-0.093591	0.083591	-0.750236	-0.032737	-0.500526	0.586290	-0.063340	-0.940029	1.000000	-0.651664	-0.010026	-0.331123	0.439901	-0.046422	-0.300053	0.435303	-0.120693	
-0.406323	0.350956	0.286612	0.050208	0.240586	-0.250952	-0.008551	0.653927	-0.651664	1.000000	-0.043329	0.154280	-0.219801	0.070666	0.043699	-0.092174	0.146982	
-0.039379	-0.196595	0.009016	0.034357	-0.037075	0.041059	-0.018384	0.015391	-0.010026	-0.043329	1.000000	0.350685	0.190444	-0.976154	0.095373	-0.209519	0.037038	
-0.017905	0.112326	0.442139	-0.099265	0.295883	-0.388531	0.151494	0.238818	-0.331123	0.154280	0.350685	1.000000	-0.832033	-0.164450	0.212903	-0.347218	0.153067	
0.004211	-0.217208	-0.589164	0.141335	-0.405826	0.530924	-0.204693	-0.312626	0.439901	-0.219801	0.190444	-0.832033	1.000000	-0.373775	-0.219862	0.322232	-0.160015	
0.019805	0.190120	0.064221	-0.046144	0.077020	-0.096402	0.041002	0.026974	-0.046422	0.070666	-0.976154	-0.164450	-0.373775	1.000000	-0.064440	0.161856	-0.019415	
0.096573	-0.111191	0.363966	-0.062187	0.208225	-0.283101	0.109475	0.237241	-0.300053	0.043699	0.095373	0.212903	-0.219862	-0.064440	1.000000	-0.946380	0.787523	
-0.085941	0.103456	-0.552048	0.093720	-0.321095	0.434280	-0.165066	-0.330270	0.435303	-0.092174	-0.209519	-0.347218	0.322232	0.161856	-0.946380	1.000000	-0.802243	
-0.205575	0.168292	0.208295	-0.024155	0.151555	-0.185457	0.056396	0.071162	-0.120693	0.146982	0.037038	0.153067	-0.160015	-0.019415	0.787523	-0.802243	1.000000	

Time taken for mcmc chain: 6.666667 minutes
