Number of steps: 1953256
Number of accepted steps: 558708
Burn-in number of steps: 60000
Accepted fraction of steps: 0.286039
Convergence Status
R[0]= 1.007249	R[1]= 1.004447	R[2]= 1.007108	R[3]= 1.000029	R[4]= 1.003011	R[5]= 1.004749	R[6]= 1.000155	R[7]= 1.001590	R[8]= 1.003290	R[9]= 1.001736	R[10]= 1.000581	R[11]= 1.000485	R[12]= 1.002580	R[13]= 1.000704	R[14]= 1.002905	R[15]= 1.004121	R[16]= 1.001199	
<R>= 1.002702

Mean parameters
A[0]= 1.047765 pm 0.042391
A[1]= 1.036706 pm 0.024313
A[2]= 0.295992 pm 0.161142
A[3]= 6.452336 pm 1.003423
A[4]= 7496.574705 pm 5641.342983
A[5]= -1987.837674 pm 1813.989452
A[6]= -319.971658 pm 292.837390
A[7]= 5985.231473 pm 8643.084266
A[8]= -3537.584290 pm 3227.313671
A[9]= -86.211581 pm 146.652269
A[10]= 6.137680 pm 1.523017
A[11]= 13603.567055 pm 4590.009713
A[12]= -3465.020983 pm 1695.619854
A[13]= -170.178726 pm 472.124881
A[14]= 8170.187531 pm 8516.869495
A[15]= -5109.271808 pm 2888.864009
A[16]= 136.719632 pm 168.705015

Best-fitting parameters
A[0]= 1.064736
A[1]= 1.043009
A[2]= 0.446340
A[3]= 6.327189
A[4]= 10998.470000
A[5]= -3586.174000
A[6]= -241.103100
A[7]= 15850.450000
A[8]= -7481.920000
A[9]= 80.271460
A[10]= 6.511943
A[11]= 19334.080000
A[12]= -5372.533000
A[13]= -230.252400
A[14]= 17285.690000
A[15]= -8637.178000
A[16]= 202.400800
chi2_min= 82.972850


Cross-Covariance parameters
1.000000	-0.411296	-0.052751	-0.140339	-0.085135	0.041017	0.096755	0.121754	-0.071473	-0.262623	0.066160	0.017067	0.043955	-0.082381	0.096830	-0.085964	-0.238555	
-0.411296	1.000000	0.013015	-0.113779	0.169561	-0.194980	0.100531	-0.178962	0.121404	0.206369	-0.117561	0.099903	-0.149292	0.090362	-0.105524	0.089949	0.209083	
-0.052751	0.013015	1.000000	0.035656	0.629775	-0.811292	0.116926	0.559970	-0.773866	0.426871	-0.326218	0.255500	-0.657217	0.355995	0.317844	-0.570149	0.207169	
-0.140339	-0.113779	0.035656	1.000000	0.403311	0.003912	-0.963856	0.159815	-0.215432	0.103319	0.010228	-0.008617	0.002175	0.000494	0.028035	-0.030311	0.032920	
-0.085135	0.169561	0.629775	0.403311	1.000000	-0.887671	-0.176590	0.359488	-0.532850	0.299612	-0.221557	0.193934	-0.448081	0.236116	0.197109	-0.358365	0.174721	
0.041017	-0.194980	-0.811292	0.003912	-0.887671	1.000000	-0.233951	-0.410332	0.602568	-0.343690	0.289454	-0.240567	0.572041	-0.306323	-0.246934	0.455340	-0.197030	
0.096755	0.100531	0.116926	-0.963856	-0.176590	-0.233951	1.000000	-0.080393	0.099747	-0.042639	-0.059918	0.046259	-0.101451	0.055697	0.019879	-0.056111	0.004737	
0.121754	-0.178962	0.559970	0.159815	0.359488	-0.410332	-0.080393	1.000000	-0.940602	0.790527	-0.162557	0.139028	-0.355476	0.182951	0.209597	-0.349085	0.055730	
-0.071473	0.121404	-0.773866	-0.215432	-0.532850	0.602568	0.099747	-0.940602	1.000000	-0.782181	0.241926	-0.192630	0.499571	-0.267402	-0.266164	0.459709	-0.117384	
-0.262623	0.206369	0.426871	0.103319	0.299612	-0.343690	-0.042639	0.790527	-0.782181	1.000000	-0.164040	0.116389	-0.304041	0.176883	0.095856	-0.207230	0.146890	
0.066160	-0.117561	-0.326218	0.010228	-0.221557	0.289454	-0.059918	-0.162557	0.241926	-0.164040	1.000000	0.221727	0.502387	-0.985720	-0.011411	-0.017080	-0.111804	
0.017067	0.099903	0.255500	-0.008617	0.193934	-0.240567	0.046259	0.139028	-0.192630	0.116389	0.221727	1.000000	-0.681007	-0.089426	0.109041	-0.221841	0.060836	
0.043955	-0.149292	-0.657217	0.002175	-0.448081	0.572041	-0.101451	-0.355476	0.499571	-0.304041	0.502387	-0.681007	1.000000	-0.610014	-0.183823	0.325447	-0.169107	
-0.082381	0.090362	0.355995	0.000494	0.236116	-0.306323	0.055697	0.182951	-0.267402	0.176883	-0.985720	-0.089426	-0.610014	1.000000	0.020065	-0.001608	0.110561	
0.096830	-0.105524	0.317844	0.028035	0.197109	-0.246934	0.019879	0.209597	-0.266164	0.095856	-0.011411	0.109041	-0.183823	0.020065	1.000000	-0.922061	0.752511	
-0.085964	0.089949	-0.570149	-0.030311	-0.358365	0.455340	-0.056111	-0.349085	0.459709	-0.207230	-0.017080	-0.221841	0.325447	-0.001608	-0.922061	1.000000	-0.761239	
-0.238555	0.209083	0.207169	0.032920	0.174721	-0.197030	0.004737	0.055730	-0.117384	0.146890	-0.111804	0.060836	-0.169107	0.110561	0.752511	-0.761239	1.000000	

Time taken for mcmc chain: 14.950000 minutes
