Number of steps: 946413
Number of accepted steps: 310000
Burn-in number of steps: 60000
Accepted fraction of steps: 0.327553
Convergence Status
R[0]= 1.003549	R[1]= 1.001330	R[2]= 1.006976	R[3]= 1.002462	R[4]= 1.003583	R[5]= 1.004364	R[6]= 1.002414	R[7]= 1.000661	R[8]= 1.001566	R[9]= 1.001195	R[10]= 1.003080	R[11]= 1.001000	R[12]= 1.002111	R[13]= 1.002848	R[14]= 1.001189	R[15]= 1.002791	R[16]= 1.000356	
<R>= 1.002440

Mean parameters
A[0]= 1.084108 pm 0.046309
A[1]= 1.012832 pm 0.022544
A[2]= 0.152543 pm 0.109140
A[3]= 7.011445 pm 0.983233
A[4]= 10579.076307 pm 4545.852311
A[5]= -2096.231140 pm 1427.751626
A[6]= -412.673096 pm 294.822351
A[7]= 8186.519132 pm 7556.923712
A[8]= -3264.205169 pm 2505.404124
A[9]= -112.921022 pm 136.366611
A[10]= 7.205211 pm 1.603193
A[11]= 4982.393355 pm 6271.919745
A[12]= -703.621223 pm 2003.648272
A[13]= -525.367745 pm 486.467202
A[14]= 9477.119058 pm 7848.725507
A[15]= -3367.855813 pm 2488.610083
A[16]= -139.428065 pm 168.703638

Best-fitting parameters
A[0]= 1.091099
A[1]= 1.008063
A[2]= 0.230878
A[3]= 7.685924
A[4]= 12652.370000
A[5]= -2387.233000
A[6]= -612.275700
A[7]= 14317.280000
A[8]= -5702.236000
A[9]= -48.241670
A[10]= 7.287439
A[11]= 8764.329000
A[12]= -1812.288000
A[13]= -512.682700
A[14]= 16337.400000
A[15]= -5809.172000
A[16]= -74.456060
chi2_min= 85.336520


Cross-Covariance parameters
1.000000	-0.410596	-0.088092	-0.237387	-0.052781	-0.047379	0.197226	0.196411	-0.122020	-0.311938	0.051986	0.049131	0.005810	-0.070015	0.116494	-0.091154	-0.331815	
-0.410596	1.000000	0.054442	0.026587	0.250700	-0.212012	-0.046749	-0.193709	0.119994	0.265817	-0.219513	0.134614	-0.243674	0.203693	-0.118016	0.090968	0.294439	
-0.088092	0.054442	1.000000	0.000651	0.500213	-0.675574	0.092595	0.402416	-0.646196	0.304086	-0.197061	0.304523	-0.543133	0.249842	0.216004	-0.479830	0.150969	
-0.237387	0.026587	0.000651	1.000000	0.310847	0.219854	-0.972678	0.056798	-0.102521	0.033643	0.022852	-0.028958	0.037951	-0.019921	-0.026846	0.024840	0.060743	
-0.052781	0.250700	0.500213	0.310847	1.000000	-0.830441	-0.124772	0.180088	-0.332549	0.157267	-0.142416	0.195643	-0.331035	0.161536	0.084495	-0.220565	0.111058	
-0.047379	-0.212012	-0.675574	0.219854	-0.830441	1.000000	-0.398315	-0.228056	0.397464	-0.193739	0.181157	-0.255605	0.434832	-0.209182	-0.139490	0.320248	-0.102822	
0.197226	-0.046749	0.092595	-0.972678	-0.124772	-0.398315	1.000000	-0.025425	0.046596	-0.009508	-0.032555	0.048267	-0.076205	0.035931	0.044787	-0.067166	-0.045559	
0.196411	-0.193709	0.402416	0.056798	0.180088	-0.228056	-0.025425	1.000000	-0.941225	0.705351	-0.027437	0.129113	-0.193903	0.050075	0.130669	-0.232659	-0.046194	
-0.122020	0.119994	-0.646196	-0.102521	-0.332549	0.397464	0.046596	-0.941225	1.000000	-0.738171	0.091705	-0.199540	0.332681	-0.125829	-0.175086	0.341971	-0.019576	
-0.311938	0.265817	0.304086	0.033643	0.157267	-0.193739	-0.009508	0.705351	-0.738171	1.000000	-0.097882	0.089075	-0.184281	0.113372	0.021439	-0.101034	0.162182	
0.051986	-0.219513	-0.197061	0.022852	-0.142416	0.181157	-0.032555	-0.027437	0.091705	-0.097882	1.000000	0.221510	0.406149	-0.978333	0.026371	-0.046986	-0.205261	
0.049131	0.134614	0.304523	-0.028958	0.195643	-0.255605	0.048267	0.129113	-0.199540	0.089075	0.221510	1.000000	-0.778827	-0.045183	0.094299	-0.211211	0.030321	
0.005810	-0.243674	-0.543133	0.037951	-0.331035	0.434832	-0.076205	-0.193903	0.332681	-0.184281	0.406149	-0.778827	1.000000	-0.562348	-0.105172	0.239932	-0.164951	
-0.070015	0.203693	0.249842	-0.019921	0.161536	-0.209182	0.035931	0.050075	-0.125829	0.113372	-0.978333	-0.045183	-0.562348	1.000000	-0.013199	0.017175	0.208333	
0.116494	-0.118016	0.216004	-0.026846	0.084495	-0.139490	0.044787	0.130669	-0.175086	0.021439	0.026371	0.094299	-0.105172	-0.013199	1.000000	-0.924121	0.672692	
-0.091154	0.090968	-0.479830	0.024840	-0.220565	0.320248	-0.067166	-0.232659	0.341971	-0.101034	-0.046986	-0.211211	0.239932	0.017175	-0.924121	1.000000	-0.716914	
-0.331815	0.294439	0.150969	0.060743	0.111058	-0.102822	-0.045559	-0.046194	-0.019576	0.162182	-0.205261	0.030321	-0.164951	0.208333	0.672692	-0.716914	1.000000	

Time taken for mcmc chain: 5.133333 minutes
