Number of steps: 8827460
Number of accepted steps: 2000004
Burn-in number of steps: 60000
Accepted fraction of steps: 0.226566
Convergence Status
R[0]= 1.000423	R[1]= 1.002318	R[2]= 1.020377	R[3]= 1.000774	R[4]= 1.013166	R[5]= 1.017285	R[6]= 1.002863	R[7]= 1.010908	R[8]= 1.016324	R[9]= 1.008225	R[10]= 1.000091	R[11]= 1.006712	R[12]= 1.010728	R[13]= 1.000357	R[14]= 1.005241	R[15]= 1.010460	R[16]= 1.002795	
<R>= 1.007591

Mean parameters
A[0]= 1.000179 pm 0.019471
A[1]= 1.001434 pm 0.016837
A[2]= 0.298524 pm 0.164444
A[3]= 4.638194 pm 0.491925
A[4]= 3753.612024 pm 3533.592883
A[5]= -1489.939391 pm 1297.104334
A[6]= 111.521947 pm 155.681540
A[7]= 9549.379826 pm 6040.796724
A[8]= -3891.253348 pm 2218.050447
A[9]= 21.426224 pm 93.556673
A[10]= 4.187372 pm 0.737621
A[11]= 2772.892459 pm 4404.308250
A[12]= -1322.625003 pm 1379.436757
A[13]= 178.617806 pm 219.478881
A[14]= 7653.111061 pm 7416.256332
A[15]= -2887.999791 pm 2410.688119
A[16]= -110.991606 pm 126.636592

Best-fitting parameters
A[0]= 1.004503
A[1]= 0.993083
A[2]= 0.442248
A[3]= 4.501465
A[4]= 4934.732000
A[5]= -2212.570000
A[6]= 166.913400
A[7]= 15228.740000
A[8]= -6081.802000
A[9]= 87.166720
A[10]= 4.205942
A[11]= 3611.717000
A[12]= -1808.729000
A[13]= 179.045600
A[14]= 14389.070000
A[15]= -5605.429000
A[16]= -2.057157
chi2_min= 54.708340


Cross-Covariance parameters
1.000000	-0.437744	-0.141979	-0.015932	-0.116329	0.128484	-0.025573	0.084455	-0.000456	-0.163268	0.070185	-0.068779	0.121305	-0.093022	0.050297	-0.001542	-0.109510	
-0.437744	1.000000	0.090959	-0.053367	0.293375	-0.256010	0.068714	-0.100960	0.025108	0.175255	-0.102058	0.209497	-0.230953	0.108810	-0.085497	0.039909	0.094710	
-0.141979	0.090959	1.000000	-0.297394	0.681027	-0.857352	0.468434	0.635709	-0.814535	0.517104	-0.152795	0.488238	-0.714921	0.269044	0.390788	-0.614518	0.264887	
-0.015932	-0.053367	-0.297394	1.000000	0.017620	0.310857	-0.949417	-0.058141	0.094995	-0.071218	0.054162	-0.153204	0.221770	-0.087952	-0.106218	0.175340	-0.069305	
-0.116329	0.293375	0.681027	0.017620	1.000000	-0.921152	0.267648	0.430660	-0.573436	0.382556	-0.123092	0.379652	-0.532109	0.201128	0.248577	-0.404920	0.196099	
0.128484	-0.256010	-0.857352	0.310857	-0.921152	1.000000	-0.562931	-0.510810	0.676764	-0.444447	0.147595	-0.455095	0.648602	-0.246381	-0.319200	0.514684	-0.236891	
-0.025573	0.068714	0.468434	-0.949417	0.267648	-0.562931	1.000000	0.171246	-0.243748	0.156874	-0.081149	0.235204	-0.343294	0.135139	0.173061	-0.280348	0.116512	
0.084455	-0.100960	0.635709	-0.058141	0.430660	-0.510810	0.171246	1.000000	-0.955346	0.862153	-0.071269	0.299026	-0.435831	0.145042	0.291315	-0.425099	0.162475	
-0.000456	0.025108	-0.814535	0.094995	-0.573436	0.676764	-0.243748	-0.955346	1.000000	-0.853234	0.107153	-0.392005	0.571603	-0.201914	-0.347537	0.524205	-0.213379	
-0.163268	0.175255	0.517104	-0.071218	0.382556	-0.444447	0.156874	0.862153	-0.853234	1.000000	-0.083283	0.274791	-0.390025	0.143708	0.198068	-0.314836	0.159055	
0.070185	-0.102058	-0.152795	0.054162	-0.123092	0.147595	-0.081149	-0.071269	0.107153	-0.083283	1.000000	0.247160	0.164063	-0.956199	0.046711	-0.075484	-0.006662	
-0.068779	0.209497	0.488238	-0.153204	0.379652	-0.455095	0.235204	0.299026	-0.392005	0.274791	0.247160	1.000000	-0.886029	0.016005	0.146622	-0.293654	0.074922	
0.121305	-0.230953	-0.714921	0.221770	-0.532109	0.648602	-0.343294	-0.435831	0.571603	-0.390025	0.164063	-0.886029	1.000000	-0.414240	-0.206318	0.379029	-0.129824	
-0.093022	0.108810	0.269044	-0.087952	0.201128	-0.246381	0.135139	0.145042	-0.201914	0.143708	-0.956199	0.016005	-0.414240	1.000000	-0.018609	0.013834	0.010942	
0.050297	-0.085497	0.390788	-0.106218	0.248577	-0.319200	0.173061	0.291315	-0.347537	0.198068	0.046711	0.146622	-0.206318	-0.018609	1.000000	-0.946233	0.858712	
-0.001542	0.039909	-0.614518	0.175340	-0.404920	0.514684	-0.280348	-0.425099	0.524205	-0.314836	-0.075484	-0.293654	0.379029	0.013834	-0.946233	1.000000	-0.856659	
-0.109510	0.094710	0.264887	-0.069305	0.196099	-0.236891	0.116512	0.162475	-0.213379	0.159055	-0.006662	0.074922	-0.129824	0.010942	0.858712	-0.856659	1.000000	

Time taken for mcmc chain: 2.308611 hours
