Number of steps: 1758121
Number of accepted steps: 477146
Burn-in number of steps: 60000
Accepted fraction of steps: 0.271395
Convergence Status
R[0]= 1.003727	R[1]= 1.001192	R[2]= 1.000114	R[3]= 1.000481	R[4]= 1.000168	R[5]= 1.000083	R[6]= 1.000614	R[7]= 1.000252	R[8]= 1.000344	R[9]= 1.000800	R[10]= 1.005362	R[11]= 1.000213	R[12]= 1.000963	R[13]= 1.005844	R[14]= 1.000521	R[15]= 1.000613	R[16]= 1.000626	
<R>= 1.001289

Mean parameters
A[0]= 1.043700 pm 0.047242
A[1]= 1.017583 pm 0.024135
A[2]= 0.365352 pm 0.162843
A[3]= 6.600877 pm 0.965910
A[4]= 12802.127185 pm 4570.088877
A[5]= -3469.778348 pm 1659.271535
A[6]= -259.018209 pm 292.294083
A[7]= 10308.973591 pm 7363.117600
A[8]= -5361.181191 pm 2839.248008
A[9]= -45.728499 pm 134.118196
A[10]= 5.018666 pm 1.567592
A[11]= 5354.401820 pm 6644.681727
A[12]= -2776.581074 pm 1927.599088
A[13]= 177.916082 pm 460.339594
A[14]= 119.400339 pm 9934.164950
A[15]= -1867.835332 pm 3353.650755
A[16]= -167.090052 pm 183.603983

Best-fitting parameters
A[0]= 1.059897
A[1]= 1.028614
A[2]= 0.503323
A[3]= 6.808540
A[4]= 18590.390000
A[5]= -5485.036000
A[6]= -260.114400
A[7]= 19506.840000
A[8]= -9132.744000
A[9]= 84.474560
A[10]= 6.152954
A[11]= 12828.610000
A[12]= -4517.332000
A[13]= -107.790600
A[14]= 751.656900
A[15]= -3622.394000
A[16]= -177.453300
chi2_min= 55.251650


Cross-Covariance parameters
1.000000	-0.376440	-0.008066	-0.083172	-0.016210	-0.009965	0.040362	0.113999	-0.096571	-0.336520	-0.124003	-0.045016	-0.018251	0.106014	0.057547	-0.050583	-0.166807	
-0.376440	1.000000	0.028290	-0.117422	0.185051	-0.199071	0.087938	-0.140612	0.090183	0.291240	-0.069153	0.136074	-0.169055	0.062958	-0.088089	0.071971	0.150866	
-0.008066	0.028290	1.000000	-0.228397	0.559026	-0.820239	0.336689	0.512934	-0.759170	0.348498	-0.009987	0.403264	-0.596724	0.083260	0.356712	-0.566809	0.254191	
-0.083172	-0.117422	-0.228397	1.000000	0.226183	0.262381	-0.971936	0.062106	-0.058763	-0.018013	0.043094	-0.102950	0.169121	-0.056263	-0.068558	0.122204	-0.058598	
-0.016210	0.185051	0.559026	0.226183	1.000000	-0.845427	-0.033829	0.322723	-0.497462	0.231555	-0.015803	0.254625	-0.365596	0.053761	0.195939	-0.310883	0.160626	
-0.009965	-0.199071	-0.820239	0.262381	-0.845427	1.000000	-0.437227	-0.383016	0.596422	-0.293300	0.032284	-0.355703	0.525281	-0.088591	-0.285156	0.456787	-0.224193	
0.040362	0.087938	0.336689	-0.971936	-0.033829	-0.437227	1.000000	-0.003313	-0.029488	0.055801	-0.031408	0.142428	-0.223472	0.053943	0.111049	-0.186404	0.088759	
0.113999	-0.140612	0.512934	0.062106	0.322723	-0.383016	-0.003313	1.000000	-0.924473	0.720172	0.005104	0.202958	-0.295194	0.033843	0.209921	-0.310024	0.098410	
-0.096571	0.090183	-0.759170	-0.058763	-0.497462	0.596422	-0.029488	-0.924473	1.000000	-0.701723	0.004515	-0.300647	0.444622	-0.060463	-0.291656	0.444425	-0.168197	
-0.336520	0.291240	0.348498	-0.018013	0.231555	-0.293300	0.055801	0.720172	-0.701723	1.000000	0.021665	0.178787	-0.230411	0.007764	0.097655	-0.170272	0.160114	
-0.124003	-0.069153	-0.009987	0.043094	-0.015803	0.032284	-0.031408	0.005104	0.004515	0.021665	1.000000	0.392658	0.127019	-0.976239	0.156036	-0.280636	0.022425	
-0.045016	0.136074	0.403264	-0.102950	0.254625	-0.355703	0.142428	0.202958	-0.300647	0.178787	0.392658	1.000000	-0.836197	-0.208062	0.225563	-0.372070	0.155855	
-0.018251	-0.169055	-0.596724	0.169121	-0.365596	0.525281	-0.223472	-0.295194	0.444622	-0.230411	0.127019	-0.836197	1.000000	-0.314460	-0.219331	0.343671	-0.191966	
0.106014	0.062958	0.083260	-0.056263	0.053761	-0.088591	0.053943	0.033843	-0.060463	0.007764	-0.976239	-0.208062	-0.314460	1.000000	-0.124217	0.229758	-0.002339	
0.057547	-0.088089	0.356712	-0.068558	0.195939	-0.285156	0.111049	0.209921	-0.291656	0.097655	0.156036	0.225563	-0.219331	-0.124217	1.000000	-0.936491	0.815005	
-0.050583	0.071971	-0.566809	0.122204	-0.310883	0.456787	-0.186404	-0.310024	0.444425	-0.170272	-0.280636	-0.372070	0.343671	0.229758	-0.936491	1.000000	-0.810186	
-0.166807	0.150866	0.254191	-0.058598	0.160626	-0.224193	0.088759	0.098410	-0.168197	0.160114	0.022425	0.155855	-0.191966	-0.002339	0.815005	-0.810186	1.000000	

Time taken for mcmc chain: 11.950000 minutes
