Number of steps: 1836640
Number of accepted steps: 436443
Burn-in number of steps: 60000
Accepted fraction of steps: 0.237631
Convergence Status
R[0]= 1.001297	R[1]= 1.001232	R[2]= 1.000039	R[3]= 1.000690	R[4]= 1.000153	R[5]= 1.000132	R[6]= 1.000720	R[7]= 1.000255	R[8]= 1.000188	R[9]= 1.000713	R[10]= 1.000303	R[11]= 1.000353	R[12]= 1.000307	R[13]= 1.000309	R[14]= 1.002042	R[15]= 1.002153	R[16]= 1.003699	
<R>= 1.000858

Mean parameters
A[0]= 0.926557 pm 0.050256
A[1]= 1.017071 pm 0.027011
A[2]= 0.128952 pm 0.097909
A[3]= 5.102443 pm 1.075751
A[4]= 312.214257 pm 4669.341960
A[5]= -765.815150 pm 1387.436843
A[6]= 131.084182 pm 310.478874
A[7]= 3945.451442 pm 8141.646584
A[8]= -2430.524906 pm 2400.427507
A[9]= 130.005074 pm 142.968386
A[10]= 8.015343 pm 1.801520
A[11]= 8241.643354 pm 5948.091984
A[12]= -539.806502 pm 2170.174618
A[13]= -651.543573 pm 529.666142
A[14]= 10874.151975 pm 7328.085431
A[15]= -3864.928576 pm 2273.162719
A[16]= 155.368358 pm 173.612104

Best-fitting parameters
A[0]= 0.933698
A[1]= 1.016667
A[2]= 0.112972
A[3]= 5.163996
A[4]= 1260.785000
A[5]= -947.691300
A[6]= 125.379600
A[7]= 4461.678000
A[8]= -2660.978000
A[9]= 168.755300
A[10]= 8.469101
A[11]= 6920.881000
A[12]= 78.781380
A[13]= -805.235400
A[14]= 15714.420000
A[15]= -5170.068000
A[16]= 238.937400
chi2_min= 53.571980


Cross-Covariance parameters
1.000000	-0.374239	-0.051814	-0.093555	0.031951	-0.064827	0.051340	0.197961	-0.165641	-0.263257	-0.110659	0.037270	-0.079852	0.072973	0.135448	-0.093603	-0.489933	
-0.374239	1.000000	0.118501	0.003428	0.235638	-0.227685	-0.006738	-0.144030	0.094809	0.218830	-0.200059	0.205931	-0.280693	0.185112	-0.093484	0.052455	0.330951	
-0.051814	0.118501	1.000000	0.019014	0.494699	-0.591700	0.054811	0.361955	-0.498286	0.201690	-0.174838	0.423354	-0.559277	0.216973	0.254551	-0.465595	-0.017754	
-0.093555	0.003428	0.019014	1.000000	0.300876	0.271898	-0.974873	-0.017407	-0.038585	0.127201	0.006222	0.000440	0.000068	-0.001818	0.010438	-0.017747	0.053716	
0.031951	0.235638	0.494699	0.300876	1.000000	-0.820626	-0.119520	0.116580	-0.211942	0.086070	-0.160501	0.268905	-0.362047	0.173642	0.137935	-0.236950	0.004645	
-0.064827	-0.227685	-0.591700	0.271898	-0.820626	1.000000	-0.443508	-0.171549	0.248911	-0.040648	0.173945	-0.305482	0.410638	-0.190067	-0.156080	0.274545	0.025919	
0.051340	-0.006738	0.054811	-0.974873	-0.119520	-0.443508	1.000000	0.025750	0.017562	-0.118756	-0.011400	0.025400	-0.033171	0.012980	0.007374	-0.015695	-0.039961	
0.197961	-0.144030	0.361955	-0.017407	0.116580	-0.171549	0.025750	1.000000	-0.972418	0.746042	-0.056281	0.148314	-0.195128	0.067985	0.128119	-0.199637	-0.136750	
-0.165641	0.094809	-0.498286	-0.038585	-0.211942	0.248911	0.017562	-0.972418	1.000000	-0.790809	0.084437	-0.206882	0.274475	-0.101643	-0.156959	0.258908	0.120302	
-0.263257	0.218830	0.201690	0.127201	0.086070	-0.040648	-0.118756	0.746042	-0.790809	1.000000	-0.028616	0.089363	-0.113112	0.041650	-0.000072	-0.055261	0.140227	
-0.110659	-0.200059	-0.174838	0.006222	-0.160501	0.173945	-0.011400	-0.056281	0.084437	-0.028616	1.000000	0.053891	0.568803	-0.983368	-0.088450	0.039426	0.128935	
0.037270	0.205931	0.423354	0.000440	0.268905	-0.305482	0.025400	0.148314	-0.206882	0.089363	0.053891	1.000000	-0.772747	0.086954	0.096983	-0.213585	0.022263	
-0.079852	-0.280693	-0.559277	0.000068	-0.362047	0.410638	-0.033171	-0.195128	0.274475	-0.113112	0.568803	-0.772747	1.000000	-0.677898	-0.161028	0.250026	0.063580	
0.072973	0.185112	0.216973	-0.001818	0.173642	-0.190067	0.012980	0.067985	-0.101643	0.041650	-0.983368	0.086954	-0.677898	1.000000	0.091083	-0.053999	-0.120938	
0.135448	-0.093484	0.254551	0.010438	0.137935	-0.156080	0.007374	0.128119	-0.156959	-0.000072	-0.088450	0.096983	-0.161028	0.091083	1.000000	-0.933087	0.520843	
-0.093603	0.052455	-0.465595	-0.017747	-0.236950	0.274545	-0.015695	-0.199637	0.258908	-0.055261	0.039426	-0.213585	0.250026	-0.053999	-0.933087	1.000000	-0.592244	
-0.489933	0.330951	-0.017754	0.053716	0.004645	0.025919	-0.039961	-0.136750	0.120302	0.140227	0.128935	0.022263	0.063580	-0.120938	0.520843	-0.592244	1.000000	

Time taken for mcmc chain: 12.300000 minutes
