Number of steps: 2240916
Number of accepted steps: 619992
Burn-in number of steps: 60000
Accepted fraction of steps: 0.276669
Convergence Status
R[0]= 1.002067	R[1]= 1.002057	R[2]= 1.003809	R[3]= 1.001053	R[4]= 1.000415	R[5]= 1.001753	R[6]= 1.001148	R[7]= 1.001416	R[8]= 1.001555	R[9]= 1.001153	R[10]= 1.000677	R[11]= 1.000749	R[12]= 1.001400	R[13]= 1.000921	R[14]= 1.000370	R[15]= 1.000428	R[16]= 1.000268	
<R>= 1.001249

Mean parameters
A[0]= 1.044022 pm 0.053709
A[1]= 0.992450 pm 0.028710
A[2]= 0.167531 pm 0.124385
A[3]= 6.597766 pm 1.043078
A[4]= 1919.601404 pm 5071.749690
A[5]= -101.048835 pm 1669.380487
A[6]= -349.707891 pm 310.245806
A[7]= 12480.516456 pm 5837.752038
A[8]= -4887.252166 pm 2020.985693
A[9]= 76.789716 pm 128.069207
A[10]= 3.356762 pm 1.548164
A[11]= 2703.298935 pm 5964.639441
A[12]= -2638.300054 pm 1787.294115
A[13]= 683.382178 pm 462.037262
A[14]= 5257.087110 pm 8980.832890
A[15]= -2678.376791 pm 2622.801680
A[16]= -3.140276 pm 173.942301

Best-fitting parameters
A[0]= 1.061368
A[1]= 0.997386
A[2]= 0.221562
A[3]= 6.839653
A[4]= 2867.198000
A[5]= -335.369700
A[6]= -438.301500
A[7]= 15755.590000
A[8]= -6339.152000
A[9]= 115.125000
A[10]= 2.820990
A[11]= 5075.397000
A[12]= -3720.651000
A[13]= 879.325800
A[14]= 9816.911000
A[15]= -4010.734000
A[16]= 78.539060
chi2_min= 50.278040


Cross-Covariance parameters
1.000000	-0.412098	-0.078121	-0.141677	-0.024705	-0.018109	0.098063	0.173026	-0.094564	-0.468293	-0.082764	-0.001294	-0.038321	0.072714	0.050300	-0.033852	-0.156648	
-0.412098	1.000000	0.088649	-0.077379	0.279608	-0.281617	0.057627	-0.139271	0.048055	0.431251	-0.017385	0.126650	-0.131986	0.010498	-0.065285	0.045305	0.123782	
-0.078121	0.088649	1.000000	-0.133477	0.551532	-0.723391	0.242890	0.318304	-0.635650	0.172450	-0.044411	0.225118	-0.327169	0.078506	0.169613	-0.300615	0.116582	
-0.141677	-0.077379	-0.133477	1.000000	0.191795	0.304488	-0.970351	0.028688	-0.040013	-0.051675	0.052001	-0.045301	0.082868	-0.053854	-0.013952	0.028475	-0.000567	
-0.024705	0.279608	0.551532	0.191795	1.000000	-0.856277	0.003334	0.153924	-0.371963	0.104442	-0.020391	0.172030	-0.222163	0.037362	0.101205	-0.173720	0.085199	
-0.018109	-0.281617	-0.723391	0.304488	-0.856277	1.000000	-0.482842	-0.182058	0.425337	-0.146214	0.046815	-0.210810	0.288948	-0.069398	-0.124957	0.219213	-0.095380	
0.098063	0.057627	0.242890	-0.970351	0.003334	-0.482842	1.000000	-0.002749	-0.025822	0.063367	-0.047959	0.067208	-0.111494	0.055237	0.038179	-0.066306	0.018270	
0.173026	-0.139271	0.318304	0.028688	0.153924	-0.182058	-0.002749	1.000000	-0.905157	0.547732	-0.014196	0.078418	-0.111825	0.026859	0.074685	-0.117422	-0.001817	
-0.094564	0.048055	-0.635650	-0.040013	-0.371963	0.425337	-0.025822	-0.905157	1.000000	-0.586317	0.026766	-0.150294	0.215013	-0.049365	-0.122759	0.207790	-0.047489	
-0.468293	0.431251	0.172450	-0.051675	0.104442	-0.146214	0.063367	0.547732	-0.586317	1.000000	0.015880	0.058473	-0.061054	-0.010899	-0.015290	-0.012652	0.107225	
-0.082764	-0.017385	-0.044411	0.052001	-0.020391	0.046815	-0.047959	-0.014196	0.026766	0.015880	1.000000	0.236772	0.385870	-0.977518	0.068763	-0.144780	-0.070590	
-0.001294	0.126650	0.225118	-0.045301	0.172030	-0.210810	0.067208	0.078418	-0.150294	0.058473	0.236772	1.000000	-0.789362	-0.049851	0.067520	-0.133071	0.041375	
-0.038321	-0.131986	-0.327169	0.082868	-0.222163	0.288948	-0.111494	-0.111825	0.215013	-0.061054	0.385870	-0.789362	1.000000	-0.555854	-0.038849	0.068057	-0.087920	
0.072714	0.010498	0.078506	-0.053854	0.037362	-0.069398	0.055237	0.026859	-0.049365	-0.010899	-0.977518	-0.049851	-0.555854	1.000000	-0.063351	0.131223	0.071012	
0.050300	-0.065285	0.169613	-0.013952	0.101205	-0.124957	0.038179	0.074685	-0.122759	-0.015290	0.068763	0.067520	-0.038849	-0.063351	1.000000	-0.959310	0.802823	
-0.033852	0.045305	-0.300615	0.028475	-0.173720	0.219213	-0.066306	-0.117422	0.207790	-0.012652	-0.144780	-0.133071	0.068057	0.131223	-0.959310	1.000000	-0.862462	
-0.156648	0.123782	0.116582	-0.000567	0.085199	-0.095380	0.018270	-0.001817	-0.047489	0.107225	-0.070590	0.041375	-0.087920	0.071012	0.802823	-0.862462	1.000000	

Time taken for mcmc chain: 17.683333 minutes
