Number of steps: 9084012
Number of accepted steps: 2000004
Burn-in number of steps: 60000
Accepted fraction of steps: 0.220167
Convergence Status
R[0]= 1.000991	R[1]= 1.000888	R[2]= 1.011163	R[3]= 1.000552	R[4]= 1.004004	R[5]= 1.007063	R[6]= 1.001399	R[7]= 1.003381	R[8]= 1.006009	R[9]= 1.002726	R[10]= 1.000734	R[11]= 1.002351	R[12]= 1.004775	R[13]= 1.001146	R[14]= 1.000436	R[15]= 1.001995	R[16]= 1.000172	
<R>= 1.002929

Mean parameters
A[0]= 1.005396 pm 0.027685
A[1]= 0.981854 pm 0.018769
A[2]= 0.197664 pm 0.142287
A[3]= 3.735510 pm 0.488721
A[4]= 2450.138180 pm 2992.232163
A[5]= -1321.742573 pm 1006.132800
A[6]= 365.844100 pm 149.584269
A[7]= 4052.372980 pm 5947.363390
A[8]= -1573.851767 pm 1943.938246
A[9]= -107.762598 pm 94.081925
A[10]= 4.584593 pm 0.783091
A[11]= -302.774764 pm 4154.677219
A[12]= -107.543837 pm 1353.959854
A[13]= 56.635218 pm 235.323242
A[14]= 7354.943656 pm 7397.008692
A[15]= -2934.998818 pm 2304.762999
A[16]= -30.153002 pm 126.966931

Best-fitting parameters
A[0]= 1.010855
A[1]= 0.981153
A[2]= 0.209371
A[3]= 3.572117
A[4]= 1719.151000
A[5]= -1245.910000
A[6]= 402.075400
A[7]= 2899.717000
A[8]= -1191.426000
A[9]= -144.956400
A[10]= 4.642049
A[11]= -508.186200
A[12]= -95.444450
A[13]= 42.761270
A[14]= 9297.173000
A[15]= -3420.419000
A[16]= -20.415050
chi2_min= 53.979210


Cross-Covariance parameters
1.000000	-0.419361	-0.085328	0.015004	0.002183	0.032253	-0.036622	0.168591	-0.104941	-0.116481	-0.024316	-0.019719	0.031769	0.003183	0.122176	-0.074267	-0.128621	
-0.419361	1.000000	0.061386	-0.051929	0.220889	-0.209163	0.046878	-0.114839	0.063509	0.150194	-0.123454	0.202423	-0.219986	0.116486	-0.103656	0.068692	0.132214	
-0.085328	0.061386	1.000000	-0.154658	0.575719	-0.750599	0.282926	0.539528	-0.709501	0.428319	-0.236461	0.457033	-0.681252	0.326529	0.349771	-0.560823	0.222700	
0.015004	-0.051929	-0.154658	1.000000	0.092628	0.290941	-0.956915	0.056486	-0.041996	-0.008607	0.053307	-0.081371	0.120265	-0.067104	-0.055678	0.088325	-0.046444	
0.002183	0.220889	0.575719	0.092628	1.000000	-0.900041	0.165959	0.311739	-0.423224	0.250624	-0.170238	0.316236	-0.446004	0.218208	0.188530	-0.311612	0.134915	
0.032253	-0.209163	-0.750599	0.290941	-0.900041	1.000000	-0.521923	-0.358939	0.494241	-0.304678	0.210023	-0.388094	0.558544	-0.274734	-0.250086	0.410299	-0.176191	
-0.036622	0.046878	0.282926	-0.956915	0.165959	-0.521923	1.000000	0.008976	-0.048619	0.051366	-0.080743	0.137578	-0.204779	0.107129	0.096680	-0.157024	0.071542	
0.168591	-0.114839	0.539528	0.056486	0.311739	-0.358939	0.008976	1.000000	-0.966102	0.859465	-0.125653	0.238761	-0.359146	0.172034	0.227369	-0.333936	0.090830	
-0.104941	0.063509	-0.709501	-0.041996	-0.423224	0.494241	-0.048619	-0.966102	1.000000	-0.865939	0.168026	-0.319027	0.477994	-0.229863	-0.276597	0.420922	-0.135471	
-0.116481	0.150194	0.428319	-0.008607	0.250624	-0.304678	0.051366	0.859465	-0.865939	1.000000	-0.112420	0.212971	-0.308870	0.149112	0.130492	-0.224199	0.111219	
-0.024316	-0.123454	-0.236461	0.053307	-0.170238	0.210023	-0.080743	-0.125653	0.168026	-0.112420	1.000000	0.114783	0.345818	-0.964020	0.002642	0.005094	-0.042679	
-0.019719	0.202423	0.457033	-0.081371	0.316236	-0.388094	0.137578	0.238761	-0.319027	0.212971	0.114783	1.000000	-0.865473	0.118705	0.110501	-0.227724	0.042883	
0.031769	-0.219986	-0.681252	0.120265	-0.446004	0.558544	-0.204779	-0.359146	0.477994	-0.308870	0.345818	-0.865473	1.000000	-0.553447	-0.164476	0.309928	-0.097234	
0.003183	0.116486	0.326529	-0.067104	0.218208	-0.274734	0.107129	0.172034	-0.229863	0.149112	-0.964020	0.118705	-0.553447	1.000000	0.012471	-0.043685	0.037304	
0.122176	-0.103656	0.349771	-0.055678	0.188530	-0.250086	0.096680	0.227369	-0.276597	0.130492	0.002642	0.110501	-0.164476	0.012471	1.000000	-0.953619	0.835382	
-0.074267	0.068692	-0.560823	0.088325	-0.311612	0.410299	-0.157024	-0.333936	0.420922	-0.224199	0.005094	-0.227724	0.309928	-0.043685	-0.953619	1.000000	-0.848765	
-0.128621	0.132214	0.222700	-0.046444	0.134915	-0.176191	0.071542	0.090830	-0.135471	0.111219	-0.042679	0.042883	-0.097234	0.037304	0.835382	-0.848765	1.000000	

Time taken for mcmc chain: 2.293889 hours
