Number of steps: 9030191
Number of accepted steps: 2000004
Burn-in number of steps: 60000
Accepted fraction of steps: 0.221480
Convergence Status
R[0]= 1.000120	R[1]= 1.000060	R[2]= 1.016257	R[3]= 1.000008	R[4]= 1.006580	R[5]= 1.009336	R[6]= 1.000442	R[7]= 1.009211	R[8]= 1.012638	R[9]= 1.005852	R[10]= 1.000311	R[11]= 1.003477	R[12]= 1.007556	R[13]= 1.000941	R[14]= 1.000957	R[15]= 1.005576	R[16]= 1.000056	
<R>= 1.004669

Mean parameters
A[0]= 1.006063 pm 0.020249
A[1]= 1.009145 pm 0.016607
A[2]= 0.253541 pm 0.148445
A[3]= 4.848875 pm 0.481357
A[4]= 7600.211936 pm 3503.728718
A[5]= -2202.819206 pm 1245.787753
A[6]= 85.630388 pm 150.867976
A[7]= 4122.913929 pm 6696.324627
A[8]= -2181.253442 pm 2360.106522
A[9]= -77.440133 pm 101.368380
A[10]= 3.847014 pm 0.752685
A[11]= 4637.466770 pm 4190.108908
A[12]= -2166.740884 pm 1273.150421
A[13]= 345.362328 pm 225.602227
A[14]= 14452.582028 pm 4488.323672
A[15]= -4581.912014 pm 1503.160110
A[16]= 42.701995 pm 92.513278

Best-fitting parameters
A[0]= 1.003410
A[1]= 1.009055
A[2]= 0.411447
A[3]= 4.915948
A[4]= 10027.480000
A[5]= -3217.628000
A[6]= 95.069990
A[7]= 8782.619000
A[8]= -4258.684000
A[9]= -27.908770
A[10]= 3.819925
A[11]= 8709.831000
A[12]= -3606.815000
A[13]= 417.014900
A[14]= 18579.820000
A[15]= -6332.539000
A[16]= 92.288730
chi2_min= 54.116300


Cross-Covariance parameters
1.000000	-0.443921	-0.097814	-0.054247	-0.074946	0.077587	0.018093	0.141904	-0.063483	-0.118013	0.107989	0.002926	0.065118	-0.114856	0.060589	-0.016153	-0.171374	
-0.443921	1.000000	0.070529	-0.004791	0.299032	-0.246878	0.023273	-0.139734	0.065284	0.131708	-0.150550	0.159099	-0.208270	0.149831	-0.068978	0.028238	0.173499	
-0.097814	0.070529	1.000000	-0.222512	0.669429	-0.843806	0.399911	0.655259	-0.810546	0.554458	-0.197412	0.407184	-0.651928	0.289892	0.219275	-0.544785	0.046021	
-0.054247	-0.004791	-0.222512	1.000000	0.079864	0.252251	-0.948036	-0.029613	0.048877	-0.029529	0.037576	-0.097087	0.147302	-0.057363	-0.059606	0.134077	-0.012828	
-0.074946	0.299032	0.669429	0.079864	1.000000	-0.919922	0.209394	0.424553	-0.550349	0.396827	-0.153949	0.321467	-0.485969	0.214650	0.135273	-0.356121	0.061959	
0.077587	-0.246878	-0.843806	0.252251	-0.919922	1.000000	-0.514202	-0.512594	0.656968	-0.462882	0.182017	-0.380323	0.586783	-0.258796	-0.178674	0.455869	-0.063608	
0.018093	0.023273	0.399911	-0.948036	0.209394	-0.514202	1.000000	0.145437	-0.197202	0.125467	-0.070952	0.168416	-0.261848	0.107330	0.098190	-0.230211	0.023301	
0.141904	-0.139734	0.655259	-0.029613	0.424553	-0.512594	0.145437	1.000000	-0.965236	0.876517	-0.104043	0.260286	-0.411426	0.166792	0.168558	-0.374842	-0.018776	
-0.063483	0.065284	-0.810546	0.048877	-0.550349	0.656968	-0.197202	-0.965236	1.000000	-0.877430	0.143902	-0.326247	0.518678	-0.220301	-0.193758	0.452893	-0.003400	
-0.118013	0.131708	0.554458	-0.029529	0.396827	-0.462882	0.125467	0.876517	-0.877430	1.000000	-0.127920	0.236755	-0.378071	0.179593	0.111883	-0.292950	0.041257	
0.107989	-0.150550	-0.197412	0.037576	-0.153949	0.182017	-0.070952	-0.104043	0.143902	-0.127920	1.000000	0.246793	0.215229	-0.960796	0.026000	-0.060319	-0.035126	
0.002926	0.159099	0.407184	-0.097087	0.321467	-0.380323	0.168416	0.260286	-0.326247	0.236755	0.246793	1.000000	-0.865961	0.002013	0.068428	-0.247658	-0.021895	
0.065118	-0.208270	-0.651928	0.147302	-0.485969	0.586783	-0.261848	-0.411426	0.518678	-0.378071	0.215229	-0.865961	1.000000	-0.450928	-0.098347	0.315449	-0.001898	
-0.114856	0.149831	0.289892	-0.057363	0.214650	-0.258796	0.107330	0.166792	-0.220301	0.179593	-0.960796	0.002013	-0.450928	1.000000	-0.014639	0.011384	0.019074	
0.060589	-0.068978	0.219275	-0.059606	0.135273	-0.178674	0.098190	0.168558	-0.193758	0.111883	0.026000	0.068428	-0.098347	-0.014639	1.000000	-0.888657	0.716591	
-0.016153	0.028238	-0.544785	0.134077	-0.356121	0.455869	-0.230211	-0.374842	0.452893	-0.292950	-0.060319	-0.247658	0.315449	0.011384	-0.888657	1.000000	-0.740463	
-0.171374	0.173499	0.046021	-0.012828	0.061959	-0.063608	0.023301	-0.018776	-0.003400	0.041257	-0.035126	-0.021895	-0.001898	0.019074	0.716591	-0.740463	1.000000	

Time taken for mcmc chain: 2.356944 hours
