Number of steps: 8628365
Number of accepted steps: 2000004
Burn-in number of steps: 60000
Accepted fraction of steps: 0.231794
Convergence Status
R[0]= 1.000744	R[1]= 1.000515	R[2]= 1.023820	R[3]= 1.000755	R[4]= 1.011668	R[5]= 1.014726	R[6]= 1.001196	R[7]= 1.008303	R[8]= 1.014753	R[9]= 1.004449	R[10]= 1.000933	R[11]= 1.003811	R[12]= 1.007906	R[13]= 1.001399	R[14]= 1.000790	R[15]= 1.003396	R[16]= 1.000298	
<R>= 1.005851

Mean parameters
A[0]= 1.027946 pm 0.027228
A[1]= 1.003124 pm 0.016662
A[2]= 0.209635 pm 0.143327
A[3]= 4.295778 pm 0.485990
A[4]= 4166.513849 pm 3145.826716
A[5]= -1332.730972 pm 1091.338091
A[6]= 178.823195 pm 151.992637
A[7]= 9678.935077 pm 5639.701845
A[8]= -3165.072213 pm 1922.103910
A[9]= -40.421291 pm 89.591669
A[10]= 2.894920 pm 0.748112
A[11]= 1641.525043 pm 3987.142543
A[12]= -1738.277130 pm 1112.147122
A[13]= 573.731947 pm 221.284491
A[14]= 9262.832513 pm 6654.660199
A[15]= -2959.377548 pm 1970.760508
A[16]= -14.017718 pm 118.985603

Best-fitting parameters
A[0]= 1.036653
A[1]= 0.994315
A[2]= 0.102554
A[3]= 4.537931
A[4]= 2535.557000
A[5]= -486.067200
A[6]= 87.911060
A[7]= 8754.863000
A[8]= -2367.334000
A[9]= -77.529750
A[10]= 3.108746
A[11]= 1975.829000
A[12]= -1442.240000
A[13]= 510.781100
A[14]= 11248.650000
A[15]= -3258.918000
A[16]= 21.628010
chi2_min= 48.084410


Cross-Covariance parameters
1.000000	-0.448710	-0.160176	0.058261	-0.009740	0.077931	-0.084996	0.196297	-0.088600	-0.141980	-0.130522	-0.065561	0.035616	0.111136	0.068195	-0.009784	-0.092599	
-0.448710	1.000000	0.091126	-0.078705	0.253994	-0.243682	0.087546	-0.158906	0.076607	0.155264	0.028933	0.180645	-0.169288	-0.018347	-0.071409	0.031101	0.080486	
-0.160176	0.091126	1.000000	-0.250452	0.581694	-0.791980	0.390625	0.519890	-0.730260	0.438457	-0.089639	0.306176	-0.509010	0.156301	0.228783	-0.417900	0.156790	
0.058261	-0.078705	-0.250452	1.000000	0.082409	0.301152	-0.955018	0.006262	0.034925	-0.061643	0.027410	-0.086043	0.138307	-0.045041	-0.055424	0.104904	-0.049478	
-0.009740	0.253994	0.581694	0.082409	1.000000	-0.897758	0.183906	0.313715	-0.451038	0.261558	-0.074409	0.219239	-0.342116	0.111790	0.129671	-0.240476	0.097453	
0.077931	-0.243682	-0.791980	0.301152	-0.897758	1.000000	-0.538466	-0.376929	0.552813	-0.335689	0.088463	-0.275458	0.440042	-0.140371	-0.176849	0.328148	-0.132229	
-0.084996	0.087546	0.390625	-0.955018	0.183906	-0.538466	1.000000	0.065708	-0.140388	0.112297	-0.040341	0.126661	-0.207553	0.066920	0.087150	-0.163226	0.071526	
0.196297	-0.158906	0.519890	0.006262	0.313715	-0.376929	0.065708	1.000000	-0.952043	0.831311	-0.083903	0.139638	-0.263170	0.115772	0.158238	-0.246114	0.057997	
-0.088600	0.076607	-0.730260	0.034925	-0.451038	0.552813	-0.140388	-0.952043	1.000000	-0.843561	0.093400	-0.210287	0.371731	-0.139891	-0.194133	0.324775	-0.096431	
-0.141980	0.155264	0.438457	-0.061643	0.261558	-0.335689	0.112297	0.831311	-0.843561	1.000000	-0.032077	0.149346	-0.233972	0.061576	0.087687	-0.172951	0.074217	
-0.130522	0.028933	-0.089639	0.027410	-0.074409	0.088463	-0.040341	-0.083903	0.093400	-0.032077	1.000000	0.323425	0.161746	-0.962317	0.052576	-0.100414	0.005345	
-0.065561	0.180645	0.306176	-0.086043	0.219239	-0.275458	0.126661	0.139638	-0.210287	0.149346	0.323425	1.000000	-0.856604	-0.082142	0.028659	-0.118399	-0.015897	
0.035616	-0.169288	-0.509010	0.138307	-0.342116	0.440042	-0.207553	-0.263170	0.371731	-0.233972	0.161746	-0.856604	1.000000	-0.401320	-0.045078	0.143840	-0.007920	
0.111136	-0.018347	0.156301	-0.045041	0.111790	-0.140371	0.066920	0.115772	-0.139891	0.061576	-0.962317	-0.082142	-0.401320	1.000000	-0.054997	0.086085	-0.019714	
0.068195	-0.071409	0.228783	-0.055424	0.129671	-0.176849	0.087150	0.158238	-0.194133	0.087687	0.052576	0.028659	-0.045078	-0.054997	1.000000	-0.955834	0.848934	
-0.009784	0.031101	-0.417900	0.104904	-0.240476	0.328148	-0.163226	-0.246114	0.324775	-0.172951	-0.100414	-0.118399	0.143840	0.086085	-0.955834	1.000000	-0.891150	
-0.092599	0.080486	0.156790	-0.049478	0.097453	-0.132229	0.071526	0.057997	-0.096431	0.074217	0.005345	-0.015897	-0.007920	-0.019714	0.848934	-0.891150	1.000000	

Time taken for mcmc chain: 2.318056 hours
