Number of steps: 10047468
Number of accepted steps: 2000004
Burn-in number of steps: 60000
Accepted fraction of steps: 0.199056
Convergence Status
R[0]= 1.000460	R[1]= 1.000627	R[2]= 1.004872	R[3]= 1.000206	R[4]= 1.000623	R[5]= 1.001076	R[6]= 1.000069	R[7]= 1.002805	R[8]= 1.003672	R[9]= 1.001073	R[10]= 1.000766	R[11]= 1.000606	R[12]= 1.000757	R[13]= 1.000679	R[14]= 1.000387	R[15]= 1.000724	R[16]= 1.000136	
<R>= 1.001149

Mean parameters
A[0]= 1.036519 pm 0.027569
A[1]= 1.017952 pm 0.018939
A[2]= 0.110115 pm 0.092246
A[3]= 4.096824 pm 0.480419
A[4]= 1767.099670 pm 2818.605281
A[5]= -961.333035 pm 858.511887
A[6]= 237.088798 pm 147.527126
A[7]= 7772.340313 pm 5496.765671
A[8]= -2406.498189 pm 1645.541833
A[9]= -44.488273 pm 86.755544
A[10]= 3.647658 pm 0.747323
A[11]= 8437.868515 pm 3913.351520
A[12]= -2735.323544 pm 1067.513476
A[13]= 410.665774 pm 223.554929
A[14]= 4993.276282 pm 7541.588439
A[15]= -1655.671440 pm 2137.124979
A[16]= -89.814460 pm 129.761227

Best-fitting parameters
A[0]= 1.044476
A[1]= 1.010733
A[2]= 0.028445
A[3]= 4.035265
A[4]= -23.193770
A[5]= -399.004700
A[6]= 239.265200
A[7]= 3945.630000
A[8]= -1022.588000
A[9]= -116.267500
A[10]= 3.485573
A[11]= 6769.064000
A[12]= -2291.542000
A[13]= 442.806800
A[14]= 6244.544000
A[15]= -1611.530000
A[16]= -80.172990
chi2_min= 48.769880


Cross-Covariance parameters
1.000000	-0.441160	-0.091261	0.016215	0.043644	-0.004523	-0.030168	0.305275	-0.230511	-0.067368	-0.043253	0.018344	-0.021616	0.036897	0.172040	-0.134210	-0.053876	
-0.441160	1.000000	0.039867	-0.039043	0.299358	-0.277621	0.046375	-0.263931	0.202102	0.082834	-0.033566	0.192449	-0.196885	0.034093	-0.155318	0.129505	0.048995	
-0.091261	0.039867	1.000000	-0.174279	0.392838	-0.616101	0.265410	0.378874	-0.557587	0.312607	-0.085299	0.242666	-0.427340	0.139218	0.206713	-0.343603	0.141390	
0.016215	-0.039043	-0.174279	1.000000	0.188535	0.270651	-0.961081	0.042769	-0.022884	-0.004726	0.022536	-0.050926	0.085650	-0.031940	-0.033425	0.057297	-0.026713	
0.043644	0.299358	0.392838	0.188535	1.000000	-0.869687	0.050594	0.127552	-0.214526	0.125285	-0.061160	0.173601	-0.251069	0.080216	0.063765	-0.119433	0.061783	
-0.004523	-0.277621	-0.616101	0.270651	-0.869687	1.000000	-0.492893	-0.170196	0.290257	-0.171908	0.078897	-0.219199	0.338139	-0.110591	-0.109919	0.196044	-0.092842	
-0.030168	0.046375	0.265410	-0.961081	0.050594	-0.492893	1.000000	-0.015720	-0.022676	0.021344	-0.031003	0.072583	-0.124295	0.045210	0.049890	-0.086577	0.039261	
0.305275	-0.263931	0.378874	0.042769	0.127552	-0.170196	-0.015720	1.000000	-0.967672	0.816130	-0.038571	0.068389	-0.143427	0.057350	0.162279	-0.202310	0.036665	
-0.230511	0.202102	-0.557587	-0.022884	-0.214526	0.290257	-0.022676	-0.967672	1.000000	-0.854567	0.052077	-0.116878	0.223626	-0.080575	-0.184288	0.250892	-0.065117	
-0.067368	0.082834	0.312607	-0.004726	0.125285	-0.171908	0.021344	0.816130	-0.854567	1.000000	-0.024140	0.080561	-0.136521	0.038952	0.056511	-0.099458	0.048165	
-0.043253	-0.033566	-0.085299	0.022536	-0.061160	0.078897	-0.031003	-0.038571	0.052077	-0.024140	1.000000	0.321802	0.207371	-0.964439	0.023493	-0.043702	-0.006020	
0.018344	0.192449	0.242666	-0.050926	0.173601	-0.219199	0.072583	0.068389	-0.116878	0.080561	0.321802	1.000000	-0.837264	-0.092738	-0.022754	-0.023895	-0.050038	
-0.021616	-0.196885	-0.427340	0.085650	-0.251069	0.338139	-0.124295	-0.143427	0.223626	-0.136521	0.207371	-0.837264	1.000000	-0.435487	0.003423	0.052285	0.027760	
0.036897	0.034093	0.139218	-0.031940	0.080216	-0.110591	0.045210	0.057350	-0.080575	0.038952	-0.964439	-0.092738	-0.435487	1.000000	-0.035171	0.047033	-0.016154	
0.172040	-0.155318	0.206713	-0.033425	0.063765	-0.109919	0.049890	0.162279	-0.184288	0.056511	0.023493	-0.022754	0.003423	-0.035171	1.000000	-0.972255	0.857921	
-0.134210	0.129505	-0.343603	0.057297	-0.119433	0.196044	-0.086577	-0.202310	0.250892	-0.099458	-0.043702	-0.023895	0.052285	0.047033	-0.972255	1.000000	-0.907512	
-0.053876	0.048995	0.141390	-0.026713	0.061783	-0.092842	0.039261	0.036665	-0.065117	0.048165	-0.006020	-0.050038	0.027760	-0.016154	0.857921	-0.907512	1.000000	

Time taken for mcmc chain: 2.411389 hours
