Number of steps: 2059943
Number of accepted steps: 455832
Burn-in number of steps: 60000
Accepted fraction of steps: 0.221284
Convergence Status
R[0]= 1.001366	R[1]= 1.001990	R[2]= 1.007436	R[3]= 1.000174	R[4]= 1.003006	R[5]= 1.004264	R[6]= 1.000149	R[7]= 1.004773	R[8]= 1.007019	R[9]= 1.003011	R[10]= 1.001546	R[11]= 1.000955	R[12]= 1.001572	R[13]= 1.001364	R[14]= 1.001594	R[15]= 1.001029	R[16]= 1.000174	
<R>= 1.002437

Mean parameters
A[0]= 1.067493 pm 0.080535
A[1]= 1.009537 pm 0.050052
A[2]= 0.288201 pm 0.187270
A[3]= 5.528401 pm 1.038950
A[4]= 6199.514056 pm 5575.068727
A[5]= -2296.179902 pm 1822.664628
A[6]= 3.438337 pm 300.290292
A[7]= -411.742063 pm 9671.316680
A[8]= -2238.323090 pm 3504.856881
A[9]= -121.601324 pm 162.249871
A[10]= 4.726706 pm 1.570350
A[11]= 11426.173580 pm 5349.935774
A[12]= -4274.506960 pm 1786.993591
A[13]= 338.603224 pm 475.324280
A[14]= -1605.291078 pm 9926.453855
A[15]= -2256.085876 pm 3232.567421
A[16]= -24.499658 pm 192.060915

Best-fitting parameters
A[0]= 1.068919
A[1]= 1.037425
A[2]= 0.036279
A[3]= 4.893023
A[4]= 1883.662000
A[5]= -961.227400
A[6]= 120.558000
A[7]= -10152.630000
A[8]= 1713.490000
A[9]= -196.347600
A[10]= 5.836621
A[11]= 13866.780000
A[12]= -3510.485000
A[13]= -7.191265
A[14]= -8146.015000
A[15]= 529.040400
A[16]= -79.521550
chi2_min= 57.632690


Cross-Covariance parameters
1.000000	-0.455638	0.063655	-0.063485	-0.020280	-0.020010	0.025320	0.275677	-0.245044	-0.336321	-0.160018	-0.043491	-0.064223	0.140502	0.143557	-0.140867	-0.294445	
-0.455638	1.000000	-0.060395	-0.237043	0.242247	-0.279802	0.200184	-0.323975	0.266603	0.298287	0.022349	0.243083	-0.175809	-0.056509	-0.188718	0.165116	0.258071	
0.063655	-0.060395	1.000000	-0.012503	0.568207	-0.749433	0.151492	0.551463	-0.749626	0.411879	-0.200746	0.268083	-0.554321	0.241126	0.315943	-0.526563	0.209049	
-0.063485	-0.237043	-0.012503	1.000000	0.288396	0.134806	-0.964697	0.215992	-0.229886	0.037426	0.038750	-0.054344	0.067611	-0.022403	0.021951	-0.017159	-0.036041	
-0.020280	0.242247	0.568207	0.288396	1.000000	-0.882242	-0.088423	0.295158	-0.446028	0.298414	-0.115470	0.257002	-0.404261	0.128622	0.141036	-0.271346	0.165202	
-0.020010	-0.279802	-0.749433	0.134806	-0.882242	1.000000	-0.332151	-0.317885	0.494299	-0.352116	0.165090	-0.307731	0.513541	-0.180753	-0.194840	0.362827	-0.210342	
0.025320	0.200184	0.151492	-0.964697	-0.088423	-0.332151	1.000000	-0.143491	0.128314	0.016523	-0.056392	0.082234	-0.131654	0.049980	0.021993	-0.054356	0.069497	
0.275677	-0.323975	0.551463	0.215992	0.295158	-0.317885	-0.143491	1.000000	-0.950813	0.639703	-0.124514	0.096858	-0.274059	0.151684	0.245906	-0.351287	0.010601	
-0.245044	0.266603	-0.749626	-0.229886	-0.446028	0.494299	0.128314	-0.950813	1.000000	-0.659513	0.163482	-0.163318	0.393823	-0.197017	-0.289532	0.440923	-0.074781	
-0.336321	0.298287	0.411879	0.037426	0.298414	-0.352116	0.016523	0.639703	-0.659513	1.000000	-0.039222	0.181634	-0.265258	0.056459	0.061716	-0.162318	0.229824	
-0.160018	0.022349	-0.200746	0.038750	-0.115470	0.165090	-0.056392	-0.124514	0.163482	-0.039222	1.000000	0.230998	0.420774	-0.981877	0.055199	-0.112855	-0.044023	
-0.043491	0.243083	0.268083	-0.054344	0.257002	-0.307731	0.082234	0.096858	-0.163318	0.181634	0.230998	1.000000	-0.749474	-0.091149	0.121230	-0.220829	0.123110	
-0.064223	-0.175809	-0.554321	0.067611	-0.404261	0.513541	-0.131654	-0.274059	0.393823	-0.265258	0.420774	-0.749474	1.000000	-0.543680	-0.147808	0.248329	-0.174182	
0.140502	-0.056509	0.241126	-0.022403	0.128622	-0.180753	0.049980	0.151684	-0.197017	0.056459	-0.981877	-0.091149	-0.543680	1.000000	-0.035899	0.084242	0.047486	
0.143557	-0.188718	0.315943	0.021951	0.141036	-0.194840	0.021993	0.245906	-0.289532	0.061716	0.055199	0.121230	-0.147808	-0.035899	1.000000	-0.941473	0.703387	
-0.140867	0.165116	-0.526563	-0.017159	-0.271346	0.362827	-0.054356	-0.351287	0.440923	-0.162318	-0.112855	-0.220829	0.248329	0.084242	-0.941473	1.000000	-0.718961	
-0.294445	0.258071	0.209049	-0.036041	0.165202	-0.210342	0.069497	0.010601	-0.074781	0.229824	-0.044023	0.123110	-0.174182	0.047486	0.703387	-0.718961	1.000000	

Time taken for mcmc chain: 12.933333 minutes
