Number of steps: 1458392
Number of accepted steps: 482914
Burn-in number of steps: 60000
Accepted fraction of steps: 0.331128
Convergence Status
R[0]= 1.001079	R[1]= 1.000728	R[2]= 1.004380	R[3]= 1.001694	R[4]= 1.000292	R[5]= 1.000750	R[6]= 1.001424	R[7]= 1.002620	R[8]= 1.003332	R[9]= 1.001225	R[10]= 1.002182	R[11]= 1.000925	R[12]= 1.001432	R[13]= 1.001862	R[14]= 1.000320	R[15]= 1.000854	R[16]= 1.000125	
<R>= 1.001484

Mean parameters
A[0]= 1.002713 pm 0.054100
A[1]= 1.013875 pm 0.028654
A[2]= 0.188386 pm 0.121917
A[3]= 6.614390 pm 1.043092
A[4]= 5357.592285 pm 5112.479842
A[5]= -1063.321879 pm 1637.552070
A[6]= -316.202945 pm 304.287319
A[7]= 2625.906389 pm 8866.237138
A[8]= -2167.539828 pm 2899.230109
A[9]= -60.381294 pm 153.223549
A[10]= 7.892410 pm 1.627279
A[11]= 8347.186401 pm 6178.647950
A[12]= -1113.193144 pm 2040.537199
A[13]= -646.862575 pm 486.314223
A[14]= -5859.232991 pm 9395.444312
A[15]= -688.862080 pm 3100.149365
A[16]= -124.068884 pm 187.674499

Best-fitting parameters
A[0]= 0.988281
A[1]= 1.015642
A[2]= 0.057139
A[3]= 6.639110
A[4]= 2050.812000
A[5]= 204.836300
A[6]= -353.476200
A[7]= -2431.391000
A[8]= 287.581700
A[9]= -135.621200
A[10]= 8.619450
A[11]= 3902.237000
A[12]= 1111.270000
A[13]= -920.943000
A[14]= -16980.040000
A[15]= 3191.794000
A[16]= -242.338700
chi2_min= 63.174140


Cross-Covariance parameters
1.000000	-0.393501	-0.140456	-0.120545	-0.053188	0.027775	0.061322	0.172693	-0.107492	-0.346746	-0.135857	-0.058036	0.004690	0.095268	0.091306	-0.038770	-0.398687	
-0.393501	1.000000	0.057771	-0.154709	0.234345	-0.280375	0.139718	-0.195050	0.140464	0.264784	0.013089	0.243469	-0.203231	-0.032065	-0.120895	0.073101	0.299225	
-0.140456	0.057771	1.000000	-0.029407	0.567698	-0.716735	0.147110	0.499090	-0.675208	0.368791	-0.027873	0.453241	-0.600300	0.093508	0.388131	-0.608475	0.228364	
-0.120545	-0.154709	-0.029407	1.000000	0.255216	0.228050	-0.969051	0.060811	-0.096696	0.041150	0.073020	-0.052988	0.088111	-0.060125	-0.011652	0.018520	0.000902	
-0.053188	0.234345	0.567698	0.255216	1.000000	-0.861886	-0.055154	0.250950	-0.381035	0.209390	-0.003285	0.323399	-0.387367	0.031797	0.193815	-0.327256	0.144955	
0.027775	-0.280375	-0.716735	0.228050	-0.861886	1.000000	-0.417614	-0.297550	0.432398	-0.243028	0.041147	-0.396917	0.499636	-0.074152	-0.255749	0.421407	-0.175997	
0.061322	0.139718	0.147110	-0.969051	-0.055154	-0.417614	1.000000	-0.015908	0.027423	-0.002535	-0.065812	0.095370	-0.144064	0.063363	0.052692	-0.085846	0.034605	
0.172693	-0.195050	0.499090	0.060811	0.250950	-0.297550	-0.015908	1.000000	-0.962639	0.718789	-0.028956	0.206787	-0.292897	0.060787	0.269818	-0.368197	0.020305	
-0.107492	0.140464	-0.675208	-0.096696	-0.381035	0.432398	0.027423	-0.962639	1.000000	-0.745829	0.030833	-0.290164	0.400015	-0.074067	-0.325695	0.465522	-0.078817	
-0.346746	0.264784	0.368791	0.041150	0.209390	-0.243028	-0.002535	0.718789	-0.745829	1.000000	0.036088	0.202329	-0.226731	-0.006596	0.110835	-0.201396	0.238500	
-0.135857	0.013089	-0.027873	0.073020	-0.003285	0.041147	-0.065812	-0.028956	0.030833	0.036088	1.000000	0.222234	0.369202	-0.979711	0.020104	-0.089450	0.036335	
-0.058036	0.243469	0.453241	-0.052988	0.323399	-0.396917	0.095370	0.206787	-0.290164	0.202329	0.222234	1.000000	-0.797177	-0.063701	0.192531	-0.321703	0.170309	
0.004690	-0.203231	-0.600300	0.088111	-0.387367	0.499636	-0.144064	-0.292897	0.400015	-0.226731	0.369202	-0.797177	1.000000	-0.510918	-0.234650	0.350891	-0.169894	
0.095268	-0.032065	0.093508	-0.060125	0.031797	-0.074152	0.063363	0.060787	-0.074067	-0.006596	-0.979711	-0.063701	-0.510918	1.000000	0.006057	0.047292	-0.014343	
0.091306	-0.120895	0.388131	-0.011652	0.193815	-0.255749	0.052692	0.269818	-0.325695	0.110835	0.020104	0.192531	-0.234650	0.006057	1.000000	-0.941840	0.685010	
-0.038770	0.073101	-0.608475	0.018520	-0.327256	0.421407	-0.085846	-0.368197	0.465522	-0.201396	-0.089450	-0.321703	0.350891	0.047292	-0.941840	1.000000	-0.714658	
-0.398687	0.299225	0.228364	0.000902	0.144955	-0.175997	0.034605	0.020305	-0.078817	0.238500	0.036335	0.170309	-0.169894	-0.014343	0.685010	-0.714658	1.000000	

Time taken for mcmc chain: 10.966667 minutes
