Number of steps: 2662130
Number of accepted steps: 574863
Burn-in number of steps: 60000
Accepted fraction of steps: 0.215941
Convergence Status
R[0]= 1.000579	R[1]= 1.004126	R[2]= 1.001784	R[3]= 1.000528	R[4]= 1.001221	R[5]= 1.001987	R[6]= 1.000747	R[7]= 1.001210	R[8]= 1.001038	R[9]= 1.001222	R[10]= 1.001052	R[11]= 1.000128	R[12]= 1.000660	R[13]= 1.001170	R[14]= 1.000800	R[15]= 1.000647	R[16]= 1.002136	
<R>= 1.001237

Mean parameters
A[0]= 1.015066 pm 0.091612
A[1]= 1.002956 pm 0.045757
A[2]= 0.234704 pm 0.162729
A[3]= 4.894409 pm 1.091276
A[4]= 4259.708527 pm 5098.550599
A[5]= -2001.103497 pm 1649.336695
A[6]= 187.351473 pm 317.089630
A[7]= 8381.113687 pm 7733.252268
A[8]= -3497.492864 pm 2555.983719
A[9]= 3.993452 pm 146.898732
A[10]= 3.155630 pm 1.526567
A[11]= 3524.101504 pm 6196.052693
A[12]= -3214.747176 pm 1794.657615
A[13]= 761.833057 pm 451.397050
A[14]= 6777.291479 pm 8726.848024
A[15]= -3021.176637 pm 2623.776124
A[16]= 24.390977 pm 174.001702

Best-fitting parameters
A[0]= 0.978748
A[1]= 1.012004
A[2]= 0.213922
A[3]= 5.583433
A[4]= 2909.672000
A[5]= -1064.407000
A[6]= -56.102080
A[7]= 9535.024000
A[8]= -3732.326000
A[9]= 49.542920
A[10]= 3.597085
A[11]= 2354.323000
A[12]= -2520.235000
A[13]= 603.204000
A[14]= 8618.968000
A[15]= -3572.217000
A[16]= 80.123540
chi2_min= 50.162440


Cross-Covariance parameters
1.000000	-0.471766	-0.090233	-0.112330	-0.051322	0.019087	0.051456	0.223594	-0.163783	-0.450594	-0.135234	-0.052021	-0.017111	0.113273	0.083665	-0.066067	-0.230297	
-0.471766	1.000000	0.049731	-0.183039	0.223674	-0.287409	0.170660	-0.243205	0.181267	0.348961	0.123579	0.203916	-0.128171	-0.126813	-0.097479	0.060388	0.224887	
-0.090233	0.049731	1.000000	-0.106992	0.530082	-0.709309	0.215164	0.394731	-0.617128	0.262795	-0.054909	0.272662	-0.414779	0.101275	0.197463	-0.360174	0.111616	
-0.112330	-0.183039	-0.106992	1.000000	0.242057	0.263173	-0.970861	0.094404	-0.126624	0.046914	0.014501	-0.072036	0.090614	-0.013605	-0.019856	0.045500	-0.045596	
-0.051322	0.223674	0.530082	0.242057	1.000000	-0.851284	-0.054442	0.194962	-0.356350	0.158372	-0.005593	0.207630	-0.265262	0.027483	0.099179	-0.193063	0.085844	
0.019087	-0.287409	-0.709309	0.263173	-0.851284	1.000000	-0.438628	-0.207278	0.379753	-0.172468	0.022421	-0.266613	0.353936	-0.050557	-0.133900	0.259779	-0.118293	
0.051456	0.170660	0.215164	-0.970861	-0.054442	-0.438628	1.000000	-0.065222	0.068938	-0.014724	-0.019017	0.095394	-0.128810	0.025231	0.040353	-0.082233	0.066156	
0.223594	-0.243205	0.394731	0.094404	0.194962	-0.207278	-0.065222	1.000000	-0.945432	0.584165	-0.070184	0.080893	-0.168022	0.088903	0.137989	-0.194497	-0.027495	
-0.163783	0.181267	-0.617128	-0.126624	-0.356350	0.379753	0.068938	-0.945432	1.000000	-0.616767	0.072833	-0.148375	0.261203	-0.101356	-0.168874	0.264587	-0.006193	
-0.450594	0.348961	0.262795	0.046914	0.158372	-0.172468	-0.014724	0.584165	-0.616767	1.000000	0.040969	0.120288	-0.124342	-0.021014	0.007214	-0.055430	0.147120	
-0.135234	0.123579	-0.054909	0.014501	-0.005593	0.022421	-0.019017	-0.070184	0.072833	0.040969	1.000000	0.305757	0.284398	-0.975782	0.033931	-0.136786	-0.016701	
-0.052021	0.203916	0.272662	-0.072036	0.207630	-0.266613	0.095394	0.080893	-0.148375	0.120288	0.305757	1.000000	-0.807770	-0.118135	0.085570	-0.182700	0.075859	
-0.017111	-0.128171	-0.414779	0.090614	-0.265262	0.353936	-0.128810	-0.168022	0.261203	-0.124342	0.284398	-0.807770	1.000000	-0.464073	-0.093409	0.151463	-0.095218	
0.113273	-0.126813	0.101275	-0.013605	0.027483	-0.050557	0.025231	0.088903	-0.101356	-0.021014	-0.975782	-0.118135	-0.464073	1.000000	-0.022226	0.114150	0.021854	
0.083665	-0.097479	0.197463	-0.019856	0.099179	-0.133900	0.040353	0.137989	-0.168874	0.007214	0.033931	0.085570	-0.093409	-0.022226	1.000000	-0.947927	0.742872	
-0.066067	0.060388	-0.360174	0.045500	-0.193063	0.259779	-0.082233	-0.194497	0.264587	-0.055430	-0.136786	-0.182700	0.151463	0.114150	-0.947927	1.000000	-0.794889	
-0.230297	0.224887	0.111616	-0.045596	0.085844	-0.118293	0.066156	-0.027495	-0.006193	0.147120	-0.016701	0.075859	-0.095218	0.021854	0.742872	-0.794889	1.000000	

Time taken for mcmc chain: 18.816667 minutes
