Number of steps: 9296266
Number of accepted steps: 2000004
Burn-in number of steps: 60000
Accepted fraction of steps: 0.215141
Convergence Status
R[0]= 1.000905	R[1]= 1.000955	R[2]= 1.020813	R[3]= 1.000319	R[4]= 1.006566	R[5]= 1.010408	R[6]= 1.000961	R[7]= 1.005109	R[8]= 1.009345	R[9]= 1.002430	R[10]= 1.000566	R[11]= 1.003604	R[12]= 1.005470	R[13]= 1.000333	R[14]= 1.003628	R[15]= 1.006806	R[16]= 1.001288	
<R>= 1.004677

Mean parameters
A[0]= 1.005759 pm 0.032840
A[1]= 1.017824 pm 0.018754
A[2]= 0.132132 pm 0.112537
A[3]= 4.344731 pm 0.497024
A[4]= 273.646574 pm 2979.337265
A[5]= -355.765971 pm 980.670351
A[6]= 134.871223 pm 153.422729
A[7]= 4353.757020 pm 6020.200521
A[8]= -1541.047307 pm 1873.262995
A[9]= -71.778143 pm 91.451970
A[10]= 3.909197 pm 0.762044
A[11]= -2099.965367 pm 4087.281617
A[12]= 171.809487 pm 1167.298128
A[13]= 182.926072 pm 227.443033
A[14]= -7181.429603 pm 7392.345641
A[15]= 1818.251785 pm 2181.302029
A[16]= -320.504310 pm 126.383636

Best-fitting parameters
A[0]= 1.005595
A[1]= 1.017231
A[2]= 0.040169
A[3]= 4.409946
A[4]= -2072.756000
A[5]= 555.657600
A[6]= 76.308970
A[7]= 1485.162000
A[8]= -444.950300
A[9]= -97.705680
A[10]= 3.808834
A[11]= -3210.536000
A[12]= 480.013200
A[13]= 213.762100
A[14]= -10971.120000
A[15]= 3160.130000
A[16]= -358.419100
chi2_min= 79.716760


Cross-Covariance parameters
1.000000	-0.463973	-0.048194	-0.163221	0.030159	-0.060743	0.129724	0.312011	-0.230316	-0.107039	0.161494	0.101469	-0.004064	-0.166456	0.191264	-0.158953	-0.095962	
-0.463973	1.000000	0.028020	0.062543	0.285129	-0.210748	-0.048145	-0.266081	0.193867	0.105827	-0.167263	0.141577	-0.204897	0.167074	-0.168795	0.140702	0.075895	
-0.048194	0.028020	1.000000	-0.225448	0.499349	-0.715612	0.336353	0.481836	-0.657572	0.377605	-0.079391	0.345967	-0.536980	0.152571	0.298892	-0.465066	0.192073	
-0.163221	0.062543	-0.225448	1.000000	0.102737	0.322741	-0.960389	-0.090577	0.103341	-0.016449	-0.007506	-0.106978	0.135060	-0.010252	-0.101412	0.136235	-0.031662	
0.030159	0.285129	0.499349	0.102737	1.000000	-0.882300	0.138733	0.212399	-0.318241	0.192329	-0.074867	0.247712	-0.348955	0.110151	0.128511	-0.213590	0.099887	
-0.060743	-0.210748	-0.715612	0.322741	-0.882300	1.000000	-0.538918	-0.313770	0.444964	-0.247042	0.076805	-0.315429	0.452335	-0.128836	-0.208472	0.328229	-0.137715	
0.129724	-0.048145	0.336353	-0.960389	0.138733	-0.538918	1.000000	0.130186	-0.166707	0.050409	-0.007874	0.141432	-0.194398	0.034023	0.129638	-0.183380	0.055963	
0.312011	-0.266081	0.481836	-0.090577	0.212399	-0.313770	0.130186	1.000000	-0.967081	0.804490	0.028352	0.170945	-0.231438	0.005082	0.232194	-0.300566	0.062552	
-0.230316	0.193867	-0.657572	0.103341	-0.318241	0.444964	-0.166707	-0.967081	1.000000	-0.833087	0.000056	-0.232093	0.333028	-0.046732	-0.264798	0.365062	-0.102955	
-0.107039	0.105827	0.377605	-0.016449	0.192329	-0.247042	0.050409	0.804490	-0.833087	1.000000	-0.049367	0.128268	-0.210133	0.075891	0.095039	-0.160058	0.086869	
0.161494	-0.167263	-0.079391	-0.007506	-0.074867	0.076805	-0.007874	0.028352	0.000056	-0.049367	1.000000	0.290369	0.208800	-0.963472	0.058751	-0.078592	0.005296	
0.101469	0.141577	0.345967	-0.106978	0.247712	-0.315429	0.141432	0.170945	-0.232093	0.128268	0.290369	1.000000	-0.851122	-0.056140	0.054191	-0.127805	-0.007930	
-0.004064	-0.204897	-0.536980	0.135060	-0.348955	0.452335	-0.194398	-0.231438	0.333028	-0.210133	0.208800	-0.851122	1.000000	-0.436720	-0.076126	0.165956	-0.022340	
-0.166456	0.167074	0.152571	-0.010252	0.110151	-0.128836	0.034023	0.005082	-0.046732	0.075891	-0.963472	-0.056140	-0.436720	1.000000	-0.057404	0.062838	-0.017817	
0.191264	-0.168795	0.298892	-0.101412	0.128511	-0.208472	0.129638	0.232194	-0.264798	0.095039	0.058751	0.054191	-0.076126	-0.057404	1.000000	-0.965850	0.834731	
-0.158953	0.140702	-0.465066	0.136235	-0.213590	0.328229	-0.183380	-0.300566	0.365062	-0.160058	-0.078592	-0.127805	0.165956	0.062838	-0.965850	1.000000	-0.872796	
-0.095962	0.075895	0.192073	-0.031662	0.099887	-0.137715	0.055963	0.062552	-0.102955	0.086869	0.005296	-0.007930	-0.022340	-0.017817	0.834731	-0.872796	1.000000	

Time taken for mcmc chain: 2.368889 hours
