Number of steps: 3392964
Number of accepted steps: 736828
Burn-in number of steps: 60000
Accepted fraction of steps: 0.217164
Convergence Status
R[0]= 1.001962	R[1]= 1.002832	R[2]= 1.002949	R[3]= 1.001827	R[4]= 1.000197	R[5]= 1.001302	R[6]= 1.002132	R[7]= 1.000230	R[8]= 1.000673	R[9]= 1.000553	R[10]= 1.002341	R[11]= 1.001856	R[12]= 1.001978	R[13]= 1.002200	R[14]= 1.000920	R[15]= 1.001091	R[16]= 1.001000	
<R>= 1.001532

Mean parameters
A[0]= 1.026282 pm 0.063650
A[1]= 1.020941 pm 0.031986
A[2]= 0.339268 pm 0.195181
A[3]= 5.280028 pm 1.021824
A[4]= 9976.471157 pm 5192.572217
A[5]= -3583.740595 pm 1794.357568
A[6]= 147.836121 pm 303.794291
A[7]= 11682.071489 pm 6632.362846
A[8]= -5609.529987 pm 2538.945345
A[9]= 149.925645 pm 125.493943
A[10]= 2.622919 pm 1.387401
A[11]= 436.655933 pm 6444.829995
A[12]= -2330.502925 pm 1742.800688
A[13]= 797.684232 pm 407.422953
A[14]= 4797.089527 pm 9190.120982
A[15]= -2831.039709 pm 2857.056756
A[16]= 31.945783 pm 174.720841

Best-fitting parameters
A[0]= 1.056520
A[1]= 0.996205
A[2]= 0.533867
A[3]= 5.294659
A[4]= 12214.270000
A[5]= -4808.328000
A[6]= 194.106200
A[7]= 19966.790000
A[8]= -9203.180000
A[9]= 231.131800
A[10]= 2.737653
A[11]= 2540.506000
A[12]= -3052.766000
A[13]= 794.641900
A[14]= 15063.740000
A[15]= -6261.225000
A[16]= 161.061100
chi2_min= 57.995800


Cross-Covariance parameters
1.000000	-0.383565	0.064473	-0.158089	-0.004282	-0.068549	0.117319	0.193957	-0.178470	-0.353742	-0.044523	0.004685	-0.035518	0.031181	0.076505	-0.091040	-0.114040	
-0.383565	1.000000	0.093178	-0.116865	0.225074	-0.252680	0.106748	-0.138405	0.062431	0.339461	0.110029	0.176369	-0.141387	-0.104415	-0.030600	-0.012582	0.113419	
0.064473	0.093178	1.000000	-0.215836	0.577497	-0.811460	0.334678	0.445609	-0.732112	0.234869	-0.016729	0.277649	-0.437501	0.068177	0.220507	-0.390883	0.128122	
-0.158089	-0.116865	-0.215836	1.000000	0.243542	0.226925	-0.969252	0.036645	-0.044935	0.010897	0.013251	-0.076752	0.119359	-0.021447	-0.045043	0.087173	-0.024034	
-0.004282	0.225074	0.577497	0.243542	1.000000	-0.863654	-0.036999	0.282908	-0.493117	0.171553	0.024703	0.199767	-0.273257	0.004601	0.125492	-0.228419	0.086797	
-0.068549	-0.252680	-0.811460	0.226925	-0.863654	1.000000	-0.417736	-0.334150	0.580608	-0.198277	-0.010903	-0.263716	0.381521	-0.029505	-0.176256	0.320471	-0.113248	
0.117319	0.106748	0.334678	-0.969252	-0.036999	-0.417736	1.000000	0.013558	-0.044740	0.018215	-0.016259	0.105141	-0.166808	0.031781	0.069946	-0.130786	0.042632	
0.193957	-0.138405	0.445609	0.036645	0.282908	-0.334150	0.013558	1.000000	-0.906697	0.632862	-0.016437	0.111769	-0.186482	0.036946	0.124147	-0.194527	0.028602	
-0.178470	0.062431	-0.732112	-0.044935	-0.493117	0.580608	-0.044740	-0.906697	1.000000	-0.612782	0.015660	-0.194281	0.311851	-0.050675	-0.180767	0.303050	-0.072493	
-0.353742	0.339461	0.234869	0.010897	0.171553	-0.198277	0.018215	0.632862	-0.612782	1.000000	0.036832	0.100710	-0.119413	-0.021110	0.028608	-0.075032	0.091173	
-0.044523	0.110029	-0.016729	0.013251	0.024703	-0.010903	-0.016259	-0.016437	0.015660	0.036832	1.000000	0.409768	0.077280	-0.970789	0.103592	-0.248703	0.027585	
0.004685	0.176369	0.277649	-0.076752	0.199767	-0.263716	0.105141	0.111769	-0.194281	0.100710	0.409768	1.000000	-0.857292	-0.202478	0.137062	-0.264583	0.093284	
-0.035518	-0.141387	-0.437501	0.119359	-0.273257	0.381521	-0.166808	-0.186482	0.311851	-0.119413	0.077280	-0.857292	1.000000	-0.292468	-0.128144	0.218053	-0.100801	
0.031181	-0.104415	0.068177	-0.021447	0.004601	-0.029505	0.031781	0.036946	-0.050675	-0.021110	-0.970789	-0.202478	-0.292468	1.000000	-0.087947	0.217113	-0.018507	
0.076505	-0.030600	0.220507	-0.045043	0.125492	-0.176256	0.069946	0.124147	-0.180767	0.028608	0.103592	0.137062	-0.128144	-0.087947	1.000000	-0.942241	0.821285	
-0.091040	-0.012582	-0.390883	0.087173	-0.228419	0.320471	-0.130786	-0.194527	0.303050	-0.075032	-0.248703	-0.264583	0.218053	0.217113	-0.942241	1.000000	-0.846705	
-0.114040	0.113419	0.128122	-0.024034	0.086797	-0.113248	0.042632	0.028602	-0.072493	0.091173	0.027585	0.093284	-0.100801	-0.018507	0.821285	-0.846705	1.000000	

Time taken for mcmc chain: 26.533333 minutes
