Number of steps: 9019458
Number of accepted steps: 2000004
Burn-in number of steps: 60000
Accepted fraction of steps: 0.221743
Convergence Status
R[0]= 1.000512	R[1]= 1.000868	R[2]= 1.029467	R[3]= 1.001386	R[4]= 1.012705	R[5]= 1.019904	R[6]= 1.004132	R[7]= 1.014206	R[8]= 1.020778	R[9]= 1.007549	R[10]= 1.002877	R[11]= 1.009194	R[12]= 1.017574	R[13]= 1.004865	R[14]= 1.005921	R[15]= 1.012076	R[16]= 1.001879	
<R>= 1.009758

Mean parameters
A[0]= 0.979928 pm 0.026201
A[1]= 0.993882 pm 0.017637
A[2]= 0.284892 pm 0.188244
A[3]= 3.548055 pm 0.495918
A[4]= 4758.518236 pm 3281.996148
A[5]= -2450.261760 pm 1177.075101
A[6]= 481.120829 pm 154.189699
A[7]= 6553.718158 pm 6247.543970
A[8]= -2630.521961 pm 2174.559443
A[9]= -52.995948 pm 95.875994
A[10]= 4.255297 pm 0.769888
A[11]= 6806.114768 pm 4458.876589
A[12]= -2357.369926 pm 1500.706054
A[13]= 250.999925 pm 231.776859
A[14]= 3912.151117 pm 8360.752046
A[15]= -1993.494394 pm 2753.974683
A[16]= -115.749518 pm 137.261598

Best-fitting parameters
A[0]= 0.993137
A[1]= 0.990124
A[2]= 0.152358
A[3]= 3.935131
A[4]= 3773.660000
A[5]= -1690.848000
A[6]= 349.187700
A[7]= 6493.525000
A[8]= -2181.334000
A[9]= -53.785690
A[10]= 4.252324
A[11]= 3815.915000
A[12]= -1370.967000
A[13]= 221.878700
A[14]= 3932.946000
A[15]= -1282.113000
A[16]= -129.738600
chi2_min= 48.454650


Cross-Covariance parameters
1.000000	-0.419243	-0.069058	-0.028704	-0.052960	0.055990	-0.006987	0.103430	-0.053338	-0.125687	0.005380	-0.047868	0.061925	-0.033072	0.069898	-0.037964	-0.114656	
-0.419243	1.000000	0.041647	-0.026496	0.206177	-0.175514	0.032426	-0.107329	0.057686	0.120887	-0.120026	0.177583	-0.188249	0.118802	-0.101214	0.069152	0.083962	
-0.069058	0.041647	1.000000	-0.267589	0.653255	-0.832022	0.419855	0.628482	-0.785522	0.489667	-0.233393	0.538836	-0.759677	0.348579	0.473622	-0.668151	0.323364	
-0.028704	-0.026496	-0.267589	1.000000	0.037199	0.311292	-0.953146	-0.035708	0.057719	-0.033044	0.069064	-0.145131	0.205993	-0.097832	-0.126486	0.179465	-0.085193	
-0.052960	0.206177	0.653255	0.037199	1.000000	-0.913968	0.238502	0.418107	-0.538426	0.341510	-0.174006	0.389279	-0.531881	0.247199	0.295770	-0.425212	0.219001	
0.055990	-0.175514	-0.832022	0.311292	-0.913968	1.000000	-0.553507	-0.493377	0.632978	-0.396582	0.211659	-0.476709	0.659530	-0.305528	-0.383053	0.547130	-0.274912	
-0.006987	0.032426	0.419855	-0.953146	0.238502	-0.553507	1.000000	0.133833	-0.184595	0.106293	-0.101946	0.226417	-0.320356	0.149133	0.197256	-0.280006	0.135871	
0.103430	-0.107329	0.628482	-0.035708	0.418107	-0.493377	0.133833	1.000000	-0.964990	0.876974	-0.135782	0.325091	-0.462797	0.205969	0.329599	-0.444743	0.192058	
-0.053338	0.057686	-0.785522	0.057719	-0.538426	0.632978	-0.184595	-0.964990	1.000000	-0.866584	0.177211	-0.414610	0.587701	-0.266013	-0.394421	0.542357	-0.246214	
-0.125687	0.120887	0.489667	-0.033044	0.341510	-0.396582	0.106293	0.876974	-0.866584	1.000000	-0.123296	0.274515	-0.383815	0.179851	0.223007	-0.319485	0.174124	
0.005380	-0.120026	-0.233393	0.069064	-0.174006	0.211659	-0.101946	-0.135782	0.177211	-0.123296	1.000000	0.132417	0.280342	-0.959605	-0.006118	0.003973	-0.016217	
-0.047868	0.177583	0.538836	-0.145131	0.389279	-0.476709	0.226417	0.325091	-0.414610	0.274515	0.132417	1.000000	-0.885351	0.120398	0.223271	-0.356608	0.139169	
0.061925	-0.188249	-0.759677	0.205993	-0.531881	0.659530	-0.320356	-0.462797	0.587701	-0.383815	0.280342	-0.885351	1.000000	-0.507647	-0.302123	0.458777	-0.198124	
-0.033072	0.118802	0.348579	-0.097832	0.247199	-0.305528	0.149133	0.205969	-0.266013	0.179851	-0.959605	0.120398	-0.507647	1.000000	0.048878	-0.075824	0.035702	
0.069898	-0.101214	0.473622	-0.126486	0.295770	-0.383053	0.197256	0.329599	-0.394421	0.223007	-0.006118	0.223271	-0.302123	0.048878	1.000000	-0.956088	0.870631	
-0.037964	0.069152	-0.668151	0.179465	-0.425212	0.547130	-0.280006	-0.444743	0.542357	-0.319485	0.003973	-0.356608	0.458777	-0.075824	-0.956088	1.000000	-0.860378	
-0.114656	0.083962	0.323364	-0.085193	0.219001	-0.274912	0.135871	0.192058	-0.246214	0.174124	-0.016217	0.139169	-0.198124	0.035702	0.870631	-0.860378	1.000000	

Time taken for mcmc chain: 2.349722 hours
