Number of steps: 7723858
Number of accepted steps: 1520000
Burn-in number of steps: 60000
Accepted fraction of steps: 0.196793
Convergence Status
R[0]= 1.001339	R[1]= 1.001738	R[2]= 1.005554	R[3]= 1.000443	R[4]= 1.001527	R[5]= 1.003124	R[6]= 1.000841	R[7]= 1.000946	R[8]= 1.001782	R[9]= 1.000504	R[10]= 1.002162	R[11]= 1.001357	R[12]= 1.002015	R[13]= 1.002001	R[14]= 1.001567	R[15]= 1.002755	R[16]= 1.001345	
<R>= 1.001824

Mean parameters
A[0]= 1.005261 pm 0.026132
A[1]= 1.008798 pm 0.018235
A[2]= 0.198642 pm 0.149514
A[3]= 3.532482 pm 0.483647
A[4]= -3817.301558 pm 2972.289692
A[5]= 37.884989 pm 992.826762
A[6]= 328.632595 pm 148.550071
A[7]= -2177.013706 pm 6055.830176
A[8]= 79.929570 pm 1975.471955
A[9]= -180.660221 pm 95.718199
A[10]= 4.236729 pm 0.766557
A[11]= 1020.825644 pm 4222.316447
A[12]= -421.646677 pm 1307.162091
A[13]= 119.050030 pm 230.952477
A[14]= -1062.157067 pm 8275.758830
A[15]= -409.119975 pm 2557.408423
A[16]= -195.377705 pm 138.073743

Best-fitting parameters
A[0]= 1.011465
A[1]= 1.005414
A[2]= 0.089611
A[3]= 3.389339
A[4]= -5043.242000
A[5]= 449.846400
A[6]= 361.371500
A[7]= -5039.290000
A[8]= 1359.744000
A[9]= -244.993000
A[10]= 4.248130
A[11]= 1757.322000
A[12]= -393.910100
A[13]= 137.083600
A[14]= -2879.230000
A[15]= 501.787300
A[16]= -216.766500
chi2_min= 72.548140


Cross-Covariance parameters
1.000000	-0.441924	-0.159731	0.007368	-0.060337	0.098454	-0.041780	0.123624	-0.046422	-0.129110	0.021774	-0.049415	0.094111	-0.047036	0.114065	-0.054216	-0.086408	
-0.441924	1.000000	0.019585	-0.086152	0.210183	-0.200117	0.086917	-0.170615	0.119125	0.092327	-0.009382	0.219770	-0.190653	0.015487	-0.156624	0.120002	0.044411	
-0.159731	0.019585	1.000000	-0.175117	0.547317	-0.750258	0.308284	0.544379	-0.711232	0.444254	-0.219152	0.399268	-0.659578	0.309529	0.393683	-0.575612	0.291190	
0.007368	-0.086152	-0.175117	1.000000	0.131480	0.266070	-0.955742	0.033676	-0.019636	0.001070	0.047156	-0.098252	0.141724	-0.064057	-0.058185	0.093093	-0.051582	
-0.060337	0.210183	0.547317	0.131480	1.000000	-0.892325	0.134795	0.291939	-0.401396	0.253107	-0.127398	0.276660	-0.411360	0.176108	0.201210	-0.303651	0.164308	
0.098454	-0.200117	-0.750258	0.266070	-0.892325	1.000000	-0.507404	-0.361201	0.496586	-0.313933	0.173787	-0.353941	0.542816	-0.241411	-0.279376	0.419354	-0.222734	
-0.041780	0.086917	0.308284	-0.955742	0.134795	-0.507404	1.000000	0.034116	-0.074420	0.049413	-0.078258	0.148847	-0.228311	0.107273	0.109413	-0.168506	0.090673	
0.123624	-0.170615	0.544379	0.033676	0.291939	-0.361201	0.034116	1.000000	-0.966973	0.872390	-0.116206	0.196709	-0.339316	0.162389	0.268306	-0.357672	0.153589	
-0.046422	0.119125	-0.711232	-0.019636	-0.401396	0.496586	-0.074420	-0.966973	1.000000	-0.880512	0.153661	-0.268547	0.454216	-0.215320	-0.320805	0.442819	-0.203718	
-0.129110	0.092327	0.444254	0.001070	0.253107	-0.313933	0.049413	0.872390	-0.880512	1.000000	-0.094486	0.189304	-0.301112	0.133902	0.164031	-0.247141	0.139196	
0.021774	-0.009382	-0.219152	0.047156	-0.127398	0.173787	-0.078258	-0.116206	0.153661	-0.094486	1.000000	0.230100	0.251089	-0.962230	-0.016293	0.013674	-0.018023	
-0.049415	0.219770	0.399268	-0.098252	0.276660	-0.353941	0.148847	0.196709	-0.268547	0.189304	0.230100	1.000000	-0.855114	0.011716	0.104341	-0.204403	0.067495	
0.094111	-0.190653	-0.659578	0.141724	-0.411360	0.542816	-0.228311	-0.339316	0.454216	-0.301112	0.251089	-0.855114	1.000000	-0.476897	-0.188041	0.315704	-0.131382	
-0.047036	0.015487	0.309529	-0.064057	0.176108	-0.241411	0.107273	0.162389	-0.215320	0.133902	-0.962230	0.011716	-0.476897	1.000000	0.034725	-0.053502	0.022930	
0.114065	-0.156624	0.393683	-0.058185	0.201210	-0.279376	0.109413	0.268306	-0.320805	0.164031	-0.016293	0.104341	-0.188041	0.034725	1.000000	-0.963273	0.872659	
-0.054216	0.120002	-0.575612	0.093093	-0.303651	0.419354	-0.168506	-0.357672	0.442819	-0.247141	0.013674	-0.204403	0.315704	-0.053502	-0.963273	1.000000	-0.889151	
-0.086408	0.044411	0.291190	-0.051582	0.164308	-0.222734	0.090673	0.153589	-0.203718	0.139196	-0.018023	0.067495	-0.131382	0.022930	0.872659	-0.889151	1.000000	

Time taken for mcmc chain: 1.519444 hours
