Number of steps: 3713787
Number of accepted steps: 796333
Burn-in number of steps: 60000
Accepted fraction of steps: 0.214426
Convergence Status
R[0]= 1.001497	R[1]= 1.002575	R[2]= 1.001468	R[3]= 1.001681	R[4]= 1.000810	R[5]= 1.001124	R[6]= 1.001765	R[7]= 1.000321	R[8]= 1.000930	R[9]= 1.000069	R[10]= 1.001152	R[11]= 1.000164	R[12]= 1.000936	R[13]= 1.001393	R[14]= 1.001206	R[15]= 1.000852	R[16]= 1.001207	
<R>= 1.001126

Mean parameters
A[0]= 1.098920 pm 0.062031
A[1]= 0.993568 pm 0.031859
A[2]= 0.396676 pm 0.196053
A[3]= 5.621421 pm 0.960694
A[4]= 12477.313056 pm 4585.337336
A[5]= -4280.635520 pm 1646.165512
A[6]= 86.154342 pm 292.330576
A[7]= 10681.840076 pm 7006.063206
A[8]= -5177.777924 pm 2796.063045
A[9]= -102.904404 pm 134.037076
A[10]= 4.204568 pm 1.670175
A[11]= 7869.728437 pm 6120.780946
A[12]= -3711.695169 pm 1826.874813
A[13]= 420.496605 pm 487.071670
A[14]= -3956.299474 pm 9693.708943
A[15]= -2090.882142 pm 3353.079547
A[16]= -104.571337 pm 180.756871

Best-fitting parameters
A[0]= 1.091339
A[1]= 0.979989
A[2]= 0.621890
A[3]= 6.019531
A[4]= 16122.100000
A[5]= -5759.470000
A[6]= 27.314970
A[7]= 19166.740000
A[8]= -9469.745000
A[9]= 23.386820
A[10]= 5.285122
A[11]= 15764.780000
A[12]= -5771.711000
A[13]= 190.444800
A[14]= 530.146400
A[15]= -5676.304000
A[16]= -16.421320
chi2_min= 60.291500


Cross-Covariance parameters
1.000000	-0.352904	0.066846	-0.090004	0.006605	-0.055687	0.057486	0.155534	-0.160259	-0.299064	-0.131177	-0.038980	-0.043046	0.118049	0.049547	-0.051690	-0.163010	
-0.352904	1.000000	-0.011712	-0.033945	0.231819	-0.195989	-0.006945	-0.154014	0.095653	0.307165	-0.338651	-0.015415	-0.174117	0.317436	-0.168888	0.195899	0.163517	
0.066846	-0.011712	1.000000	-0.236003	0.516320	-0.801572	0.345337	0.442560	-0.742272	0.349687	-0.059556	0.336782	-0.557637	0.117110	0.297151	-0.513522	0.238020	
-0.090004	-0.033945	-0.236003	1.000000	0.241915	0.246387	-0.970476	0.105293	-0.088112	-0.075810	0.072698	-0.055943	0.145778	-0.084001	-0.056334	0.106238	-0.050126	
0.006605	0.231819	0.516320	0.241915	1.000000	-0.842080	-0.050275	0.275018	-0.473045	0.216650	-0.111627	0.188409	-0.345185	0.135454	0.123260	-0.226208	0.151876	
-0.055687	-0.195989	-0.801572	0.246387	-0.842080	1.000000	-0.422965	-0.317036	0.575138	-0.309391	0.136302	-0.270995	0.497325	-0.176872	-0.207283	0.372770	-0.212216	
0.057486	-0.006945	0.345337	-0.970476	-0.050275	-0.422965	1.000000	-0.050993	-0.001148	0.105789	-0.049177	0.099084	-0.195827	0.069230	0.098170	-0.173455	0.076296	
0.155534	-0.154014	0.442560	0.105293	0.275018	-0.317036	-0.050993	1.000000	-0.900511	0.692655	0.020105	0.164358	-0.232205	0.006576	0.161199	-0.256419	0.063866	
-0.160259	0.095653	-0.742272	-0.088112	-0.473045	0.575138	-0.001148	-0.900511	1.000000	-0.680302	0.026225	-0.258369	0.409047	-0.068549	-0.237761	0.396706	-0.148785	
-0.299064	0.307165	0.349687	-0.075810	0.216650	-0.309391	0.105789	0.692655	-0.680302	1.000000	-0.062645	0.136085	-0.236522	0.082383	0.061265	-0.134106	0.166250	
-0.131177	-0.338651	-0.059556	0.072698	-0.111627	0.136302	-0.049177	0.020105	0.026225	-0.062645	1.000000	0.366136	0.222290	-0.980247	0.243262	-0.360281	-0.080792	
-0.038980	-0.015415	0.336782	-0.055943	0.188409	-0.270995	0.099084	0.164358	-0.258369	0.136085	0.366136	1.000000	-0.795142	-0.199272	0.216913	-0.354238	0.098476	
-0.043046	-0.174117	-0.557637	0.145778	-0.345185	0.497325	-0.195827	-0.232205	0.409047	-0.236522	0.222290	-0.795142	1.000000	-0.386731	-0.141442	0.257197	-0.192917	
0.118049	0.317436	0.117110	-0.084001	0.135454	-0.176872	0.069230	0.006576	-0.068549	0.082383	-0.980247	-0.199272	-0.386731	1.000000	-0.219762	0.320434	0.091835	
0.049547	-0.168888	0.297151	-0.056334	0.123260	-0.207283	0.098170	0.161199	-0.237761	0.061265	0.243262	0.216913	-0.141442	-0.219762	1.000000	-0.930116	0.765457	
-0.051690	0.195899	-0.513522	0.106238	-0.226208	0.372770	-0.173455	-0.256419	0.396706	-0.134106	-0.360281	-0.354238	0.257197	0.320434	-0.930116	1.000000	-0.742093	
-0.163010	0.163517	0.238020	-0.050126	0.151876	-0.212216	0.076296	0.063866	-0.148785	0.166250	-0.080792	0.098476	-0.192917	0.091835	0.765457	-0.742093	1.000000	

Time taken for mcmc chain: 29.850000 minutes
