Number of steps: 2582943
Number of accepted steps: 607187
Burn-in number of steps: 60000
Accepted fraction of steps: 0.235076
Convergence Status
R[0]= 1.001054	R[1]= 1.003506	R[2]= 1.000102	R[3]= 1.001322	R[4]= 1.000313	R[5]= 1.000420	R[6]= 1.001343	R[7]= 1.000621	R[8]= 1.000395	R[9]= 1.000343	R[10]= 1.000696	R[11]= 1.001013	R[12]= 1.000221	R[13]= 1.000743	R[14]= 1.001522	R[15]= 1.001551	R[16]= 1.001553	
<R>= 1.000983

Mean parameters
A[0]= 0.983100 pm 0.096823
A[1]= 1.027731 pm 0.039813
A[2]= 0.304703 pm 0.186061
A[3]= 3.551223 pm 1.037993
A[4]= 5547.107979 pm 4907.827859
A[5]= -3466.858566 pm 1472.999552
A[6]= 642.118712 pm 300.219014
A[7]= 10076.770823 pm 6832.479340
A[8]= -4325.488897 pm 2247.647189
A[9]= 143.723099 pm 133.336971
A[10]= 5.543838 pm 1.659554
A[11]= 10555.539848 pm 5800.890789
A[12]= -3218.871341 pm 1969.179981
A[13]= 20.150809 pm 494.635290
A[14]= -2094.527134 pm 10039.338487
A[15]= -1132.722757 pm 3349.005197
A[16]= -130.496280 pm 201.270980

Best-fitting parameters
A[0]= 0.987542
A[1]= 1.021618
A[2]= 0.422043
A[3]= 3.686482
A[4]= 8672.522000
A[5]= -4436.919000
A[6]= 640.694600
A[7]= 17842.970000
A[8]= -6944.421000
A[9]= 234.704400
A[10]= 6.876918
A[11]= 17184.120000
A[12]= -4728.425000
A[13]= -289.969100
A[14]= -2377.088000
A[15]= -2471.792000
A[16]= -179.372000
chi2_min= 59.562210


Cross-Covariance parameters
1.000000	-0.462964	-0.036883	-0.177051	-0.043830	-0.033644	0.105828	0.173129	-0.163033	-0.408748	-0.094640	-0.009578	-0.036877	0.041562	0.125002	-0.131815	-0.422402	
-0.462964	1.000000	0.049205	-0.017314	0.179931	-0.187734	0.026995	-0.173603	0.132138	0.288192	-0.043901	0.171982	-0.176334	0.033214	-0.151102	0.127720	0.303438	
-0.036883	0.049205	1.000000	-0.147995	0.435355	-0.673605	0.242247	0.345584	-0.563287	0.174436	-0.206712	0.384339	-0.652626	0.259996	0.373876	-0.564303	0.191650	
-0.177051	-0.017314	-0.147995	1.000000	0.354913	0.159994	-0.968656	0.049729	-0.119108	0.152041	0.084484	-0.071648	0.136505	-0.078184	-0.054679	0.082117	0.054414	
-0.043830	0.179931	0.435355	0.354913	1.000000	-0.844234	-0.153845	0.168303	-0.330559	0.129562	-0.080770	0.223066	-0.326155	0.099538	0.156430	-0.242566	0.116072	
-0.033644	-0.187734	-0.673605	0.159994	-0.844234	1.000000	-0.356456	-0.205840	0.372475	-0.086879	0.153365	-0.318399	0.496786	-0.178589	-0.245332	0.376893	-0.123135	
0.105828	0.026995	0.242247	-0.968656	-0.153845	-0.356456	1.000000	-0.031365	0.074651	-0.113950	-0.092428	0.105684	-0.189994	0.096786	0.085813	-0.129209	-0.008594	
0.173129	-0.173603	0.345584	0.049729	0.168303	-0.205840	-0.031365	1.000000	-0.937354	0.642390	-0.062678	0.146275	-0.232390	0.078602	0.175022	-0.239226	-0.037573	
-0.163033	0.132138	-0.563287	-0.119108	-0.330559	0.372475	0.074651	-0.937354	1.000000	-0.654423	0.108760	-0.228018	0.374079	-0.134543	-0.252655	0.362004	-0.017113	
-0.408748	0.288192	0.174436	0.152041	0.129562	-0.086879	-0.113950	0.642390	-0.654423	1.000000	-0.005681	0.096034	-0.122117	0.035766	-0.004157	-0.027629	0.222075	
-0.094640	-0.043901	-0.206712	0.084484	-0.080770	0.153365	-0.092428	-0.062678	0.108760	-0.005681	1.000000	0.241226	0.386404	-0.980836	0.032880	-0.095527	0.072349	
-0.009578	0.171982	0.384339	-0.071648	0.223066	-0.318399	0.105684	0.146275	-0.228018	0.096034	0.241226	1.000000	-0.769006	-0.095576	0.198501	-0.318312	0.144488	
-0.036877	-0.176334	-0.652626	0.136505	-0.326155	0.496786	-0.189994	-0.232390	0.374079	-0.122117	0.386404	-0.769006	1.000000	-0.513811	-0.240152	0.352814	-0.125960	
0.041562	0.033214	0.259996	-0.078184	0.099538	-0.178589	0.096786	0.078602	-0.134543	0.035766	-0.980836	-0.095576	-0.513811	1.000000	-0.014259	0.065598	-0.042576	
0.125002	-0.151102	0.373876	-0.054679	0.156430	-0.245332	0.085813	0.175022	-0.252655	-0.004157	0.032880	0.198501	-0.240152	-0.014259	1.000000	-0.944298	0.658623	
-0.131815	0.127720	-0.564303	0.082117	-0.242566	0.376893	-0.129209	-0.239226	0.362004	-0.027629	-0.095527	-0.318312	0.352814	0.065598	-0.944298	1.000000	-0.659428	
-0.422402	0.303438	0.191650	0.054414	0.116072	-0.123135	-0.008594	-0.037573	-0.017113	0.222075	0.072349	0.144488	-0.125960	-0.042576	0.658623	-0.659428	1.000000	

Time taken for mcmc chain: 19.733333 minutes
