Number of steps: 1831710
Number of accepted steps: 383000
Burn-in number of steps: 60000
Accepted fraction of steps: 0.209094
Convergence Status
R[0]= 1.003369	R[1]= 1.002504	R[2]= 1.003382	R[3]= 1.001787	R[4]= 1.002551	R[5]= 1.003147	R[6]= 1.001514	R[7]= 1.003384	R[8]= 1.003933	R[9]= 1.001413	R[10]= 1.004232	R[11]= 1.000583	R[12]= 1.000554	R[13]= 1.004475	R[14]= 1.001671	R[15]= 1.002153	R[16]= 1.001290	
<R>= 1.002467

Mean parameters
A[0]= 0.990698 pm 0.062882
A[1]= 0.982218 pm 0.030219
A[2]= 0.358550 pm 0.190229
A[3]= 5.484698 pm 1.085577
A[4]= 5914.206383 pm 5748.481938
A[5]= -2640.000189 pm 1910.463862
A[6]= 91.756795 pm 311.624388
A[7]= 8538.427792 pm 8061.565857
A[8]= -4353.978887 pm 2979.305100
A[9]= 0.435165 pm 140.925033
A[10]= 3.501579 pm 1.564630
A[11]= 3357.449270 pm 6479.094120
A[12]= -3589.046687 pm 1877.529010
A[13]= 742.469858 pm 451.124045
A[14]= 1936.808266 pm 9856.067383
A[15]= -2158.015250 pm 3172.934182
A[16]= -76.836436 pm 181.290176

Best-fitting parameters
A[0]= 1.012817
A[1]= 0.987281
A[2]= 0.507001
A[3]= 5.752097
A[4]= 10899.090000
A[5]= -4204.399000
A[6]= 46.463590
A[7]= 19347.670000
A[8]= -8416.241000
A[9]= 145.076800
A[10]= 3.432444
A[11]= 4639.608000
A[12]= -4209.245000
A[13]= 772.202300
A[14]= 6319.103000
A[15]= -4125.736000
A[16]= 21.079960
chi2_min= 82.152940


Cross-Covariance parameters
1.000000	-0.425142	-0.013337	-0.123426	-0.052822	0.004562	0.074229	0.108405	-0.094762	-0.347866	0.074129	0.033567	0.007767	-0.084168	0.096022	-0.108843	-0.152872	
-0.425142	1.000000	0.056967	-0.105998	0.190197	-0.214706	0.095183	-0.097084	0.055235	0.323823	-0.064670	0.104941	-0.145945	0.057303	-0.078639	0.061739	0.140669	
-0.013337	0.056967	1.000000	-0.100972	0.659490	-0.822261	0.244079	0.548498	-0.749102	0.329767	-0.039611	0.363392	-0.528029	0.099361	0.301053	-0.468057	0.176744	
-0.123426	-0.105998	-0.100972	1.000000	0.269842	0.156106	-0.966241	0.134155	-0.164776	0.045450	-0.010740	-0.070095	0.079683	0.004846	-0.037507	0.062689	-0.016779	
-0.052822	0.190197	0.659490	0.269842	1.000000	-0.890795	-0.048500	0.403968	-0.571853	0.258677	-0.024961	0.251008	-0.355480	0.059558	0.191060	-0.298138	0.134864	
0.004562	-0.214706	-0.822261	0.156106	-0.890795	1.000000	-0.367033	-0.420492	0.599565	-0.279206	0.026051	-0.320496	0.449850	-0.071056	-0.243368	0.381324	-0.160576	
0.074229	0.095183	0.244079	-0.966241	-0.048500	-0.367033	1.000000	-0.056531	0.053972	0.004380	0.006008	0.114088	-0.146333	0.009020	0.080372	-0.127628	0.047497	
0.108405	-0.097084	0.548498	0.134155	0.403968	-0.420492	-0.056531	1.000000	-0.943035	0.719125	-0.003375	0.193693	-0.273969	0.036696	0.174391	-0.261394	0.051238	
-0.094762	0.055235	-0.749102	-0.164776	-0.571853	0.599565	0.053972	-0.943035	1.000000	-0.693079	0.015511	-0.268780	0.384371	-0.060035	-0.232367	0.355349	-0.095772	
-0.347866	0.323823	0.329767	0.045450	0.258677	-0.279206	0.004380	0.719125	-0.693079	1.000000	-0.037566	0.127185	-0.195392	0.058460	0.048269	-0.101151	0.108703	
0.074129	-0.064670	-0.039611	-0.010740	-0.024961	0.026051	0.006008	-0.003375	0.015511	-0.037566	1.000000	0.340428	0.195346	-0.974989	0.186006	-0.307063	0.021268	
0.033567	0.104941	0.363392	-0.070095	0.251008	-0.320496	0.114088	0.193693	-0.268780	0.127185	0.340428	1.000000	-0.834614	-0.146817	0.185853	-0.310577	0.103656	
0.007767	-0.145945	-0.528029	0.079683	-0.355480	0.449850	-0.146333	-0.273969	0.384371	-0.195392	0.195346	-0.834614	1.000000	-0.385431	-0.136646	0.225277	-0.116967	
-0.084168	0.057303	0.099361	0.004846	0.059558	-0.071056	0.009020	0.036696	-0.060035	0.058460	-0.974989	-0.146817	-0.385431	1.000000	-0.166548	0.271597	-0.013734	
0.096022	-0.078639	0.301053	-0.037507	0.191060	-0.243368	0.080372	0.174391	-0.232367	0.048269	0.186006	0.185853	-0.136646	-0.166548	1.000000	-0.947707	0.805576	
-0.108843	0.061739	-0.468057	0.062689	-0.298138	0.381324	-0.127628	-0.261394	0.355349	-0.101151	-0.307063	-0.310577	0.225277	0.271597	-0.947707	1.000000	-0.807869	
-0.152872	0.140669	0.176744	-0.016779	0.134864	-0.160576	0.047497	0.051238	-0.095772	0.108703	0.021268	0.103656	-0.116967	-0.013734	0.805576	-0.807869	1.000000	

Time taken for mcmc chain: 10.133333 minutes
