Number of steps: 9878914
Number of accepted steps: 2000004
Burn-in number of steps: 60000
Accepted fraction of steps: 0.202452
Convergence Status
R[0]= 1.000081	R[1]= 1.000557	R[2]= 1.017351	R[3]= 1.002854	R[4]= 1.006800	R[5]= 1.012551	R[6]= 1.005481	R[7]= 1.007202	R[8]= 1.013042	R[9]= 1.005208	R[10]= 1.000229	R[11]= 1.004407	R[12]= 1.010173	R[13]= 1.001129	R[14]= 1.002459	R[15]= 1.008067	R[16]= 1.001216	
<R>= 1.005812

Mean parameters
A[0]= 1.025803 pm 0.018996
A[1]= 1.009925 pm 0.015501
A[2]= 0.563229 pm 0.181925
A[3]= 4.096195 pm 0.467202
A[4]= 8159.554383 pm 3473.406158
A[5]= -3484.982107 pm 1272.490297
A[6]= 305.858225 pm 148.022074
A[7]= 13318.945176 pm 4873.559575
A[8]= -6250.736693 pm 1990.870073
A[9]= 74.538533 pm 83.788351
A[10]= 3.840237 pm 0.718567
A[11]= 6941.883277 pm 4458.822576
A[12]= -3078.077456 pm 1375.998083
A[13]= 312.423760 pm 212.274018
A[14]= 11516.325192 pm 6125.258529
A[15]= -5788.401882 pm 2170.810052
A[16]= 68.664745 pm 111.910064

Best-fitting parameters
A[0]= 1.035724
A[1]= 1.005392
A[2]= 0.682508
A[3]= 4.067959
A[4]= 10336.110000
A[5]= -4376.649000
A[6]= 347.424200
A[7]= 16449.150000
A[8]= -7690.299000
A[9]= 102.954200
A[10]= 4.398855
A[11]= 9990.225000
A[12]= -3963.000000
A[13]= 182.795200
A[14]= 18255.330000
A[15]= -8450.833000
A[16]= 117.188500
chi2_min= 51.451350


Cross-Covariance parameters
1.000000	-0.455617	-0.161514	-0.033561	-0.151246	0.170307	-0.018304	0.057690	0.050406	-0.167614	0.158992	-0.018215	0.112554	-0.172647	0.070261	-0.016190	-0.100764	
-0.455617	1.000000	0.120559	0.010383	0.321265	-0.285635	0.031804	-0.058778	-0.043631	0.204203	-0.169399	0.150039	-0.213533	0.176861	-0.080695	0.032357	0.108015	
-0.161514	0.120559	1.000000	-0.369232	0.607143	-0.847964	0.551343	0.535816	-0.794107	0.499617	-0.301157	0.374584	-0.695041	0.418679	0.305213	-0.592970	0.266389	
-0.033561	0.010383	-0.369232	1.000000	0.128529	0.210259	-0.940832	0.015802	0.036298	-0.054926	0.111269	-0.122871	0.241889	-0.151912	-0.111379	0.217677	-0.084867	
-0.151246	0.321265	0.607143	0.128529	1.000000	-0.913511	0.189998	0.379324	-0.575785	0.368350	-0.203286	0.272786	-0.467658	0.275403	0.172341	-0.349305	0.184136	
0.170307	-0.285635	-0.847964	0.210259	-0.913511	1.000000	-0.501092	-0.452233	0.695272	-0.447173	0.271839	-0.349073	0.621581	-0.371600	-0.247596	0.493492	-0.241312	
-0.018304	0.031804	0.551343	-0.940832	0.189998	-0.501092	1.000000	0.100944	-0.211748	0.153394	-0.166703	0.195243	-0.372560	0.229254	0.166949	-0.325725	0.137308	
0.057690	-0.058778	0.535816	0.015802	0.379324	-0.452233	0.100944	1.000000	-0.916354	0.851357	-0.124916	0.218259	-0.377339	0.192635	0.207453	-0.356395	0.139306	
0.050406	-0.043631	-0.794107	0.036298	-0.575785	0.695272	-0.211748	-0.916354	1.000000	-0.844188	0.219243	-0.313367	0.560233	-0.315925	-0.267535	0.492988	-0.211276	
-0.167614	0.204203	0.499617	-0.054926	0.368350	-0.447173	0.153394	0.851357	-0.844188	1.000000	-0.166881	0.212177	-0.373988	0.226919	0.144135	-0.287314	0.148077	
0.158992	-0.169399	-0.301157	0.111269	-0.203286	0.271839	-0.166703	-0.124916	0.219243	-0.166881	1.000000	0.340552	0.053663	-0.951841	0.104421	-0.149677	-0.024511	
-0.018215	0.150039	0.374584	-0.122871	0.272786	-0.349073	0.195243	0.218259	-0.313367	0.212177	0.340552	1.000000	-0.885419	-0.063716	0.161123	-0.353074	0.085572	
0.112554	-0.213533	-0.695041	0.241889	-0.467658	0.621581	-0.372560	-0.377339	0.560233	-0.373988	0.053663	-0.885419	1.000000	-0.327979	-0.200856	0.443293	-0.157340	
-0.172647	0.176861	0.418679	-0.151912	0.275403	-0.371600	0.229254	0.192635	-0.315925	0.226919	-0.951841	-0.063716	-0.327979	1.000000	-0.068060	0.062791	0.038302	
0.070261	-0.080695	0.305213	-0.111379	0.172341	-0.247596	0.166949	0.207453	-0.267535	0.144135	0.104421	0.161123	-0.200856	-0.068060	1.000000	-0.905237	0.825432	
-0.016190	0.032357	-0.592970	0.217677	-0.349305	0.493492	-0.325725	-0.356395	0.492988	-0.287314	-0.149677	-0.353074	0.443293	0.062791	-0.905237	1.000000	-0.819436	
-0.100764	0.108015	0.266389	-0.084867	0.184136	-0.241312	0.137308	0.139306	-0.211276	0.148077	-0.024511	0.085572	-0.157340	0.038302	0.825432	-0.819436	1.000000	

Time taken for mcmc chain: 2.385278 hours
