Number of steps: 1771721
Number of accepted steps: 388965
Burn-in number of steps: 60000
Accepted fraction of steps: 0.219541
Convergence Status
R[0]= 1.000588	R[1]= 1.001923	R[2]= 1.004855	R[3]= 1.003352	R[4]= 1.001581	R[5]= 1.002497	R[6]= 1.003528	R[7]= 1.002648	R[8]= 1.003226	R[9]= 1.002175	R[10]= 1.001403	R[11]= 1.002362	R[12]= 1.001874	R[13]= 1.001222	R[14]= 1.000964	R[15]= 1.001263	R[16]= 1.000780	
<R>= 1.002132

Mean parameters
A[0]= 1.041082 pm 0.056253
A[1]= 1.017683 pm 0.032667
A[2]= 0.308546 pm 0.182191
A[3]= 5.136033 pm 1.031395
A[4]= 7484.191233 pm 5331.598740
A[5]= -2823.604124 pm 1707.460679
A[6]= 132.865767 pm 301.164437
A[7]= 3143.807898 pm 8983.525949
A[8]= -2969.540362 pm 3187.298201
A[9]= -59.625294 pm 153.114904
A[10]= 5.928785 pm 1.567227
A[11]= 8106.860728 pm 6305.061402
A[12]= -2431.584143 pm 2084.189290
A[13]= -108.485033 pm 473.459770
A[14]= 8071.487954 pm 8590.108154
A[15]= -4195.615460 pm 3042.585447
A[16]= -57.765734 pm 172.972602

Best-fitting parameters
A[0]= 1.056929
A[1]= 1.006027
A[2]= 0.427342
A[3]= 4.850118
A[4]= 8592.428000
A[5]= -3604.864000
A[6]= 237.379700
A[7]= 9565.982000
A[8]= -5095.647000
A[9]= -21.311720
A[10]= 6.281781
A[11]= 14096.480000
A[12]= -4236.007000
A[13]= -122.558300
A[14]= 18921.360000
A[15]= -8145.980000
A[16]= 63.220150
chi2_min= 49.091590


Cross-Covariance parameters
1.000000	-0.382781	-0.031776	-0.189128	-0.079517	0.006316	0.151595	0.102989	-0.066832	-0.272519	0.043573	0.008943	0.024862	-0.065470	0.106263	-0.105984	-0.296452	
-0.382781	1.000000	0.060567	-0.098315	0.221976	-0.250358	0.083878	-0.146040	0.088935	0.228372	-0.069948	0.199823	-0.216564	0.047978	-0.100695	0.059681	0.271651	
-0.031776	0.060567	1.000000	-0.051678	0.574017	-0.773148	0.178227	0.533539	-0.722699	0.415989	-0.182577	0.418690	-0.677767	0.250545	0.353984	-0.624195	0.217549	
-0.189128	-0.098315	-0.051678	1.000000	0.344989	0.104489	-0.968409	0.177957	-0.210176	0.123218	0.050482	-0.046512	0.072708	-0.043431	-0.011981	0.028645	0.014014	
-0.079517	0.221976	0.574017	0.344989	1.000000	-0.872130	-0.136217	0.326611	-0.476079	0.285523	-0.082036	0.284623	-0.415569	0.115030	0.198297	-0.359355	0.178932	
0.006316	-0.250358	-0.773148	0.104489	-0.872130	1.000000	-0.310044	-0.353609	0.521133	-0.310340	0.138826	-0.370666	0.561721	-0.181748	-0.265647	0.481052	-0.206060	
0.151595	0.083878	0.178227	-0.968409	-0.136217	-0.310044	1.000000	-0.116037	0.119710	-0.077143	-0.068839	0.089887	-0.148253	0.071990	0.057825	-0.107526	0.019462	
0.102989	-0.146040	0.533539	0.177957	0.326611	-0.353609	-0.116037	1.000000	-0.953447	0.797931	-0.075199	0.213549	-0.342704	0.116183	0.229244	-0.367269	0.052996	
-0.066832	0.088935	-0.722699	-0.210176	-0.476079	0.521133	0.119710	-0.953447	1.000000	-0.800267	0.111832	-0.296860	0.475948	-0.164303	-0.287266	0.479577	-0.110807	
-0.272519	0.228372	0.415989	0.123218	0.285523	-0.310340	-0.077143	0.797931	-0.800267	1.000000	-0.088534	0.202081	-0.312902	0.119016	0.116973	-0.231494	0.185625	
0.043573	-0.069948	-0.182577	0.050482	-0.082036	0.138826	-0.068839	-0.075199	0.111832	-0.088534	1.000000	0.257000	0.312097	-0.978159	0.035333	-0.104368	-0.103518	
0.008943	0.199823	0.418690	-0.046512	0.284623	-0.370666	0.089887	0.213549	-0.296860	0.202081	0.257000	1.000000	-0.806508	-0.086459	0.173889	-0.345194	0.108823	
0.024862	-0.216564	-0.677767	0.072708	-0.415569	0.561721	-0.148253	-0.342704	0.475948	-0.312902	0.312097	-0.806508	1.000000	-0.467449	-0.217299	0.396170	-0.193063	
-0.065470	0.047978	0.250545	-0.043431	0.115030	-0.181748	0.071990	0.116183	-0.164303	0.119016	-0.978159	-0.086459	-0.467449	1.000000	-0.010555	0.056859	0.111284	
0.106263	-0.100695	0.353984	-0.011981	0.198297	-0.265647	0.057825	0.229244	-0.287266	0.116973	0.035333	0.173889	-0.217299	-0.010555	1.000000	-0.910376	0.704327	
-0.105984	0.059681	-0.624195	0.028645	-0.359355	0.481052	-0.107526	-0.367269	0.479577	-0.231494	-0.104368	-0.345194	0.396170	0.056859	-0.910376	1.000000	-0.696917	
-0.296452	0.271651	0.217549	0.014014	0.178932	-0.206060	0.019462	0.052996	-0.110807	0.185625	-0.103518	0.108823	-0.193063	0.111284	0.704327	-0.696917	1.000000	

Time taken for mcmc chain: 10.016667 minutes
