Number of steps: 4773814
Number of accepted steps: 1233000
Burn-in number of steps: 60000
Accepted fraction of steps: 0.258284
Convergence Status
R[0]= 1.000437	R[1]= 1.002269	R[2]= 1.003499	R[3]= 1.000506	R[4]= 1.002638	R[5]= 1.003436	R[6]= 1.000657	R[7]= 1.000108	R[8]= 1.000795	R[9]= 1.000397	R[10]= 1.000954	R[11]= 1.000290	R[12]= 1.001513	R[13]= 1.001151	R[14]= 1.000601	R[15]= 1.000600	R[16]= 1.000681	
<R>= 1.001208

Mean parameters
A[0]= 1.072264 pm 0.064433
A[1]= 0.992265 pm 0.037635
A[2]= 0.215669 pm 0.152132
A[3]= 5.730974 pm 1.040307
A[4]= 2371.930728 pm 5349.167535
A[5]= -763.143363 pm 1669.171820
A[6]= -139.576233 pm 305.765835
A[7]= 9514.419535 pm 7247.900742
A[8]= -4389.788613 pm 2521.834988
A[9]= 33.075431 pm 139.816845
A[10]= 3.908048 pm 1.668247
A[11]= 904.677251 pm 6142.097227
A[12]= -1882.119317 pm 1877.918738
A[13]= 452.819360 pm 494.565432
A[14]= 4025.431587 pm 9390.307094
A[15]= -1986.152607 pm 2850.283156
A[16]= -129.996199 pm 185.960327

Best-fitting parameters
A[0]= 1.091258
A[1]= 0.990180
A[2]= 0.301787
A[3]= 6.058114
A[4]= 5616.716000
A[5]= -1612.541000
A[6]= -211.944600
A[7]= 17136.980000
A[8]= -7265.275000
A[9]= 132.228900
A[10]= 4.343788
A[11]= 1267.265000
A[12]= -1802.044000
A[13]= 294.213100
A[14]= 13390.160000
A[15]= -5196.653000
A[16]= 32.429910
chi2_min= 64.874850


Cross-Covariance parameters
1.000000	-0.533311	-0.122540	-0.266191	-0.171791	0.066840	0.226574	0.167321	-0.068209	-0.402596	0.282597	0.055069	0.138343	-0.283081	0.114929	-0.111393	-0.272099	
-0.533311	1.000000	0.121456	0.097471	0.362862	-0.299441	-0.112299	-0.151241	0.044165	0.395738	-0.319193	0.090265	-0.285873	0.296299	-0.124236	0.105394	0.263572	
-0.122540	0.121456	1.000000	-0.031961	0.552220	-0.732912	0.147635	0.396313	-0.671753	0.311530	-0.133756	0.258147	-0.449106	0.173460	0.186355	-0.366835	0.183157	
-0.266191	0.097471	-0.031961	1.000000	0.329266	0.144556	-0.969001	0.079107	-0.127214	0.041613	-0.045499	-0.037859	0.010519	0.042769	-0.032004	0.042460	0.063729	
-0.171791	0.362862	0.552220	0.329266	1.000000	-0.863736	-0.133484	0.191979	-0.394352	0.226273	-0.150114	0.165226	-0.312323	0.162160	0.074322	-0.171527	0.170121	
0.066840	-0.299441	-0.732912	0.144556	-0.863736	1.000000	-0.337347	-0.230445	0.454040	-0.254275	0.143538	-0.219435	0.381763	-0.164926	-0.122464	0.253751	-0.162985	
0.226574	-0.112299	0.147635	-0.969001	-0.133484	-0.337347	1.000000	-0.039949	0.051736	-0.016771	0.031491	0.056850	-0.052191	-0.022759	0.056464	-0.085991	-0.042082	
0.167321	-0.151241	0.396313	0.079107	0.191979	-0.230445	-0.039949	1.000000	-0.924598	0.642231	0.043955	0.116708	-0.130616	-0.024906	0.120564	-0.191910	0.006267	
-0.068209	0.044165	-0.671753	-0.127214	-0.394352	0.454040	0.051736	-0.924598	1.000000	-0.683253	0.022580	-0.185513	0.270385	-0.050800	-0.156577	0.277722	-0.078888	
-0.402596	0.395738	0.311530	0.041613	0.226273	-0.254275	-0.016771	0.642231	-0.683253	1.000000	-0.174398	0.077535	-0.214986	0.179707	-0.006138	-0.042508	0.175877	
0.282597	-0.319193	-0.133756	-0.045499	-0.150114	0.143538	0.031491	0.043955	0.022580	-0.174398	1.000000	0.264899	0.381760	-0.979735	0.126113	-0.192372	-0.217168	
0.055069	0.090265	0.258147	-0.037859	0.165226	-0.219435	0.056850	0.116708	-0.185513	0.077535	0.264899	1.000000	-0.770836	-0.094792	0.111816	-0.204665	0.047726	
0.138343	-0.285873	-0.449106	0.010519	-0.312323	0.381763	-0.052191	-0.130616	0.270385	-0.214986	0.381760	-0.770836	1.000000	-0.536289	-0.055096	0.126956	-0.198733	
-0.283081	0.296299	0.173460	0.042769	0.162160	-0.164926	-0.022759	-0.024906	-0.050800	0.179707	-0.979735	-0.094792	-0.536289	1.000000	-0.112880	0.168846	0.215979	
0.114929	-0.124236	0.186355	-0.032004	0.074322	-0.122464	0.056464	0.120564	-0.156577	-0.006138	0.126113	0.111816	-0.055096	-0.112880	1.000000	-0.950540	0.735907	
-0.111393	0.105394	-0.366835	0.042460	-0.171527	0.253751	-0.085991	-0.191910	0.277722	-0.042508	-0.192372	-0.204665	0.126956	0.168846	-0.950540	1.000000	-0.770028	
-0.272099	0.263572	0.183157	0.063729	0.170121	-0.162985	-0.042082	0.006267	-0.078888	0.175877	-0.217168	0.047726	-0.198733	0.215979	0.735907	-0.770028	1.000000	

Time taken for mcmc chain: 57.466667 minutes
