Number of steps: 2526745
Number of accepted steps: 680000
Burn-in number of steps: 60000
Accepted fraction of steps: 0.269121
Convergence Status
R[0]= 1.000429	R[1]= 1.000886	R[2]= 1.000674	R[3]= 1.002429	R[4]= 1.000323	R[5]= 1.001030	R[6]= 1.002721	R[7]= 1.000354	R[8]= 1.000437	R[9]= 1.000106	R[10]= 1.001881	R[11]= 1.000178	R[12]= 1.000803	R[13]= 1.001900	R[14]= 1.000402	R[15]= 1.000506	R[16]= 1.001056	
<R>= 1.000948

Mean parameters
A[0]= 1.044630 pm 0.073267
A[1]= 0.973897 pm 0.030841
A[2]= 0.240008 pm 0.153304
A[3]= 5.522894 pm 1.031396
A[4]= 9878.306416 pm 4676.979053
A[5]= -2951.762458 pm 1542.473995
A[6]= 102.360173 pm 301.437154
A[7]= 8968.253266 pm 7433.942355
A[8]= -3474.747711 pm 2540.782016
A[9]= -128.592797 pm 140.134042
A[10]= 5.668562 pm 1.707685
A[11]= 6019.267838 pm 6264.008446
A[12]= -2311.673646 pm 2052.337937
A[13]= 48.773953 pm 500.990390
A[14]= 1880.917935 pm 9926.510972
A[15]= -1922.924039 pm 3199.315923
A[16]= -181.260698 pm 188.894953

Best-fitting parameters
A[0]= 1.050347
A[1]= 0.983532
A[2]= 0.367204
A[3]= 5.340413
A[4]= 11068.810000
A[5]= -3784.818000
A[6]= 162.210400
A[7]= 13958.020000
A[8]= -5654.746000
A[9]= -34.222410
A[10]= 6.211389
A[11]= 10769.150000
A[12]= -3603.989000
A[13]= -76.007010
A[14]= 6711.288000
A[15]= -4226.010000
A[16]= -124.597600
chi2_min= 37.956970


Cross-Covariance parameters
1.000000	-0.431177	-0.008494	-0.136825	-0.001089	-0.051936	0.090439	0.191722	-0.152843	-0.387608	-0.226438	-0.038704	-0.087182	0.199069	0.115167	-0.087131	-0.264556	
-0.431177	1.000000	0.042356	-0.067031	0.205647	-0.210272	0.042116	-0.153459	0.099109	0.341248	-0.031483	0.160795	-0.160627	0.014039	-0.128504	0.090669	0.234612	
-0.008494	0.042356	1.000000	-0.129908	0.519677	-0.720917	0.224163	0.416723	-0.656460	0.273242	-0.087288	0.395127	-0.556877	0.144111	0.344832	-0.548866	0.229188	
-0.136825	-0.067031	-0.129908	1.000000	0.236399	0.283744	-0.971591	0.093512	-0.108601	-0.018471	0.113919	-0.056571	0.132843	-0.115210	-0.032738	0.055384	-0.017759	
-0.001089	0.205647	0.519677	0.236399	1.000000	-0.839641	-0.048701	0.227955	-0.386353	0.135048	-0.055723	0.244894	-0.329603	0.076668	0.175372	-0.284407	0.138214	
-0.051936	-0.210272	-0.720917	0.283744	-0.839641	1.000000	-0.455587	-0.244909	0.426689	-0.185973	0.115774	-0.320572	0.461871	-0.147292	-0.240208	0.388439	-0.176659	
0.090439	0.042116	0.224163	-0.971591	-0.048701	-0.455587	1.000000	-0.063513	0.051954	0.040565	-0.104746	0.087077	-0.170455	0.114299	0.066177	-0.107696	0.044556	
0.191722	-0.153459	0.416723	0.093512	0.227955	-0.244909	-0.063513	1.000000	-0.938725	0.648352	-0.040232	0.164251	-0.235238	0.062870	0.195207	-0.275315	0.032206	
-0.152843	0.099109	-0.656460	-0.108601	-0.386353	0.426689	0.051954	-0.938725	1.000000	-0.663781	0.060022	-0.261323	0.369879	-0.095813	-0.266327	0.397534	-0.099447	
-0.387608	0.341248	0.273242	-0.018471	0.135048	-0.185973	0.040565	0.648352	-0.663781	1.000000	0.042527	0.151399	-0.153465	-0.022489	0.031344	-0.102867	0.193449	
-0.226438	-0.031483	-0.087288	0.113919	-0.055723	0.115774	-0.104746	-0.040232	0.060022	0.042527	1.000000	0.199807	0.401341	-0.979612	0.071692	-0.137165	-0.068655	
-0.038704	0.160795	0.395127	-0.056571	0.244894	-0.320572	0.087077	0.164251	-0.261323	0.151399	0.199807	1.000000	-0.794256	-0.030479	0.179058	-0.290439	0.111960	
-0.087182	-0.160627	-0.556877	0.132843	-0.329603	0.461871	-0.170455	-0.235238	0.369879	-0.153465	0.401341	-0.794256	1.000000	-0.549214	-0.177944	0.273340	-0.174143	
0.199069	0.014039	0.144111	-0.115210	0.076668	-0.147292	0.114299	0.062870	-0.095813	-0.022489	-0.979612	-0.030479	-0.549214	1.000000	-0.049703	0.101838	0.080778	
0.115167	-0.128504	0.344832	-0.032738	0.175372	-0.240208	0.066177	0.195207	-0.266327	0.031344	0.071692	0.179058	-0.177944	-0.049703	1.000000	-0.946559	0.733573	
-0.087131	0.090669	-0.548866	0.055384	-0.284407	0.388439	-0.107696	-0.275315	0.397534	-0.102867	-0.137165	-0.290439	0.273340	0.101838	-0.946559	1.000000	-0.751513	
-0.264556	0.234612	0.229188	-0.017759	0.138214	-0.176659	0.044556	0.032206	-0.099447	0.193449	-0.068655	0.111960	-0.174143	0.080778	0.733573	-0.751513	1.000000	

Time taken for mcmc chain: 21.716667 minutes
