Number of steps: 7454971
Number of accepted steps: 2000004
Burn-in number of steps: 60000
Accepted fraction of steps: 0.268278
Convergence Status
R[0]= 1.000168	R[1]= 1.000516	R[2]= 1.012426	R[3]= 1.001377	R[4]= 1.003957	R[5]= 1.008158	R[6]= 1.002687	R[7]= 1.004409	R[8]= 1.007076	R[9]= 1.002954	R[10]= 1.000987	R[11]= 1.002663	R[12]= 1.006507	R[13]= 1.001888	R[14]= 1.002149	R[15]= 1.005053	R[16]= 1.000999	
<R>= 1.003763

Mean parameters
A[0]= 1.005598 pm 0.023566
A[1]= 1.015477 pm 0.014756
A[2]= 0.212836 pm 0.139216
A[3]= 3.983861 pm 0.480618
A[4]= 1423.534437 pm 3087.508482
A[5]= -1154.396855 pm 1029.771612
A[6]= 274.646971 pm 147.791097
A[7]= 3249.996886 pm 6130.213482
A[8]= -2049.227968 pm 2027.318942
A[9]= -15.715346 pm 95.705640
A[10]= 5.599208 pm 0.761222
A[11]= 7285.246912 pm 4470.440704
A[12]= -1395.627553 pm 1477.299628
A[13]= -193.197224 pm 233.249413
A[14]= 8017.785262 pm 7462.208769
A[15]= -3321.102245 pm 2441.000127
A[16]= -16.609329 pm 124.831691

Best-fitting parameters
A[0]= 1.004322
A[1]= 1.017930
A[2]= 0.276407
A[3]= 4.244175
A[4]= 2173.386000
A[5]= -1277.799000
A[6]= 196.556000
A[7]= 5280.236000
A[8]= -2919.901000
A[9]= 12.118860
A[10]= 5.795833
A[11]= 8266.145000
A[12]= -1681.755000
A[13]= -249.942100
A[14]= 9876.529000
A[15]= -4266.326000
A[16]= 6.741991
chi2_min= 64.810170


Cross-Covariance parameters
1.000000	-0.425171	-0.107682	-0.066953	-0.030088	0.039319	0.034291	0.148405	-0.076799	-0.100486	0.057887	0.010810	0.046112	-0.076051	0.137333	-0.074660	-0.126255	
-0.425171	1.000000	0.072524	0.011066	0.244586	-0.211154	0.007290	-0.132634	0.070746	0.098125	-0.088783	0.220257	-0.220594	0.094957	-0.134255	0.078707	0.105763	
-0.107682	0.072524	1.000000	-0.167040	0.574801	-0.774303	0.306494	0.568671	-0.734287	0.462588	-0.262598	0.501032	-0.749063	0.373573	0.413900	-0.644088	0.262799	
-0.066953	0.011066	-0.167040	1.000000	0.158355	0.228173	-0.954330	0.011070	-0.006933	0.020595	0.049443	-0.085503	0.127071	-0.065334	-0.083481	0.118528	-0.037789	
-0.030088	0.244586	0.574801	0.158355	1.000000	-0.897937	0.113621	0.322377	-0.436833	0.275448	-0.167494	0.343984	-0.478827	0.228984	0.225648	-0.361751	0.163507	
0.039319	-0.211154	-0.774303	0.228173	-0.897937	1.000000	-0.476759	-0.403585	0.540466	-0.334663	0.218066	-0.432055	0.618350	-0.301515	-0.313861	0.494421	-0.211940	
0.034291	0.007290	0.306494	-0.954330	0.113621	-0.476759	1.000000	0.062377	-0.094394	0.037287	-0.087385	0.153384	-0.230599	0.118532	0.138876	-0.206656	0.077224	
0.148405	-0.132634	0.568671	0.011070	0.322377	-0.403585	0.062377	1.000000	-0.966081	0.877302	-0.138210	0.273475	-0.412461	0.199440	0.286912	-0.405991	0.124862	
-0.076799	0.070746	-0.734287	-0.006933	-0.436833	0.540466	-0.094394	-0.966081	1.000000	-0.882445	0.184787	-0.360963	0.541368	-0.265017	-0.340478	0.501144	-0.173851	
-0.100486	0.098125	0.462588	0.020595	0.275448	-0.334663	0.037287	0.877302	-0.882445	1.000000	-0.129037	0.235507	-0.352134	0.179488	0.177517	-0.286564	0.127557	
0.057887	-0.088783	-0.262598	0.049443	-0.167494	0.218066	-0.087385	-0.138210	0.184787	-0.129037	1.000000	0.161367	0.284860	-0.960657	-0.041602	0.058311	-0.044198	
0.010810	0.220257	0.501032	-0.085503	0.343984	-0.432055	0.153384	0.273475	-0.360963	0.235507	0.161367	1.000000	-0.870960	0.086104	0.165796	-0.308537	0.083491	
0.046112	-0.220594	-0.749063	0.127071	-0.478827	0.618350	-0.230599	-0.412461	0.541368	-0.352134	0.284860	-0.870960	1.000000	-0.509119	-0.252930	0.433279	-0.147847	
-0.076051	0.094957	0.373573	-0.065334	0.228984	-0.301515	0.118532	0.199440	-0.265017	0.179488	-0.960657	0.086104	-0.509119	1.000000	0.072672	-0.121041	0.052140	
0.137333	-0.134255	0.413900	-0.083481	0.225648	-0.313861	0.138876	0.286912	-0.340478	0.177517	-0.041602	0.165796	-0.252930	0.072672	1.000000	-0.945448	0.827549	
-0.074660	0.078707	-0.644088	0.118528	-0.361751	0.494421	-0.206656	-0.405991	0.501144	-0.286564	0.058311	-0.308537	0.433279	-0.121041	-0.945448	1.000000	-0.827738	
-0.126255	0.105763	0.262799	-0.037789	0.163507	-0.211940	0.077224	0.124862	-0.173851	0.127557	-0.044198	0.083491	-0.147847	0.052140	0.827549	-0.827738	1.000000	

Time taken for mcmc chain: 2.176111 hours
