Number of steps: 1742848
Number of accepted steps: 517487
Burn-in number of steps: 60000
Accepted fraction of steps: 0.296920
Convergence Status
R[0]= 1.001230	R[1]= 1.002685	R[2]= 1.003857	R[3]= 1.000180	R[4]= 1.004014	R[5]= 1.004973	R[6]= 1.000179	R[7]= 1.000404	R[8]= 1.000667	R[9]= 1.000172	R[10]= 1.004576	R[11]= 1.000755	R[12]= 1.003886	R[13]= 1.004783	R[14]= 1.000974	R[15]= 1.001466	R[16]= 1.001067	
<R>= 1.002110

Mean parameters
A[0]= 0.992684 pm 0.058999
A[1]= 1.036118 pm 0.029692
A[2]= 0.190594 pm 0.132771
A[3]= 5.129918 pm 1.043727
A[4]= 1665.026851 pm 5277.058963
A[5]= -1276.656195 pm 1535.188259
A[6]= 94.078842 pm 303.585666
A[7]= 3809.352861 pm 8572.060684
A[8]= -2081.108949 pm 2735.688297
A[9]= -24.615792 pm 148.398249
A[10]= 6.645184 pm 1.690845
A[11]= 9975.639294 pm 5701.754509
A[12]= -2266.204380 pm 2022.970325
A[13]= -287.530033 pm 509.346131
A[14]= 8869.513924 pm 8288.081538
A[15]= -4340.362944 pm 2655.875166
A[16]= 144.428630 pm 172.108365

Best-fitting parameters
A[0]= 1.004106
A[1]= 1.031514
A[2]= 0.281014
A[3]= 5.481196
A[4]= 3815.714000
A[5]= -1825.699000
A[6]= 3.181848
A[7]= 11414.620000
A[8]= -4891.869000
A[9]= 103.023900
A[10]= 6.983764
A[11]= 13032.180000
A[12]= -3030.576000
A[13]= -380.806000
A[14]= 13665.600000
A[15]= -6315.272000
A[16]= 164.183700
chi2_min= 87.863460


Cross-Covariance parameters
1.000000	-0.401535	-0.041240	-0.188932	-0.017848	-0.056463	0.143818	0.200290	-0.152730	-0.287212	0.033588	0.055311	-0.010415	-0.063943	0.157423	-0.142542	-0.375959	
-0.401535	1.000000	0.115544	0.096195	0.290983	-0.252840	-0.089074	-0.154836	0.083497	0.234189	-0.329306	0.137487	-0.316428	0.313641	-0.113283	0.091179	0.292532	
-0.041240	0.115544	1.000000	0.055954	0.545827	-0.693311	0.045250	0.453538	-0.632823	0.316415	-0.217696	0.367017	-0.600884	0.260117	0.294090	-0.525450	0.099758	
-0.188932	0.096195	0.055954	1.000000	0.403509	0.080893	-0.971084	0.039091	-0.112966	0.148228	-0.008903	0.020764	-0.033955	0.015465	-0.020981	0.005265	0.076600	
-0.017848	0.290983	0.545827	0.403509	1.000000	-0.860040	-0.210726	0.207960	-0.347353	0.188553	-0.198754	0.234244	-0.400572	0.211205	0.141492	-0.265339	0.084835	
-0.056463	-0.252840	-0.693311	0.080893	-0.860040	1.000000	-0.276658	-0.272159	0.406989	-0.176109	0.225613	-0.285336	0.482701	-0.243406	-0.202126	0.358774	-0.066095	
0.143818	-0.089074	0.045250	-0.971084	-0.210726	-0.276658	1.000000	-0.008452	0.059724	-0.117665	-0.007414	0.007901	-0.017626	0.006728	0.045625	-0.053778	-0.055905	
0.200290	-0.154836	0.453538	0.039091	0.207960	-0.272159	-0.008452	1.000000	-0.961290	0.748909	-0.025349	0.177979	-0.239095	0.043732	0.198674	-0.297497	-0.057484	
-0.152730	0.083497	-0.632823	-0.112966	-0.347353	0.406989	0.059724	-0.961290	1.000000	-0.778614	0.081203	-0.244702	0.357314	-0.107129	-0.235938	0.377853	0.019326	
-0.287212	0.234189	0.316415	0.148228	0.188553	-0.176109	-0.117665	0.748909	-0.778614	1.000000	-0.079971	0.123068	-0.203805	0.099325	0.048366	-0.119194	0.146991	
0.033588	-0.329306	-0.217696	-0.008903	-0.198754	0.225613	-0.007414	-0.025349	0.081203	-0.079971	1.000000	0.145662	0.503074	-0.983068	-0.035650	-0.004499	-0.069897	
0.055311	0.137487	0.367017	0.020764	0.234244	-0.285336	0.007901	0.177979	-0.244702	0.123068	0.145662	1.000000	-0.754527	0.000384	0.118524	-0.236935	0.048008	
-0.010415	-0.316428	-0.600884	-0.033955	-0.400572	0.482701	-0.017626	-0.239095	0.357314	-0.203805	0.503074	-0.754527	1.000000	-0.621764	-0.172140	0.287485	-0.096596	
-0.063943	0.313641	0.260117	0.015465	0.211205	-0.243406	0.006728	0.043732	-0.107129	0.099325	-0.983068	0.000384	-0.621764	1.000000	0.043530	-0.015814	0.076947	
0.157423	-0.113283	0.294090	-0.020981	0.141492	-0.202126	0.045625	0.198674	-0.235938	0.048366	-0.035650	0.118524	-0.172140	0.043530	1.000000	-0.932563	0.636940	
-0.142542	0.091179	-0.525450	0.005265	-0.265339	0.358774	-0.053778	-0.297497	0.377853	-0.119194	-0.004499	-0.236935	0.287485	-0.015814	-0.932563	1.000000	-0.661661	
-0.375959	0.292532	0.099758	0.076600	0.084835	-0.066095	-0.055905	-0.057484	0.019326	0.146991	-0.069897	0.048008	-0.096596	0.076947	0.636940	-0.661661	1.000000	

Time taken for mcmc chain: 13.266667 minutes
