Number of steps: 1642853
Number of accepted steps: 421567
Burn-in number of steps: 60000
Accepted fraction of steps: 0.256607
Convergence Status
R[0]= 1.003658	R[1]= 1.006066	R[2]= 1.001417	R[3]= 1.001459	R[4]= 1.001371	R[5]= 1.000561	R[6]= 1.001344	R[7]= 1.000949	R[8]= 1.000887	R[9]= 1.001110	R[10]= 1.004498	R[11]= 1.001315	R[12]= 1.003498	R[13]= 1.004466	R[14]= 1.000127	R[15]= 1.000194	R[16]= 1.001862	
<R>= 1.002046

Mean parameters
A[0]= 0.924091 pm 0.058664
A[1]= 1.005926 pm 0.027403
A[2]= 0.190345 pm 0.111680
A[3]= 7.159094 pm 1.128114
A[4]= 2287.194873 pm 5500.322783
A[5]= 261.744591 pm 1713.801473
A[6]= -486.569172 pm 318.232794
A[7]= -5941.982059 pm 8756.462439
A[8]= 445.038884 pm 2849.551320
A[9]= -129.927119 pm 156.494001
A[10]= 9.356124 pm 1.762147
A[11]= 9705.701229 pm 6112.891862
A[12]= -773.174541 pm 2220.346658
A[13]= -940.143748 pm 511.706905
A[14]= 4620.695859 pm 9822.740879
A[15]= -1971.433739 pm 3151.404788
A[16]= -67.556040 pm 199.838059

Best-fitting parameters
A[0]= 0.953606
A[1]= 0.991030
A[2]= 0.233898
A[3]= 6.820956
A[4]= 4273.791000
A[5]= -550.681400
A[6]= -369.221100
A[7]= -3597.372000
A[8]= -172.144200
A[9]= -201.196300
A[10]= 9.839145
A[11]= 12953.140000
A[12]= -1536.917000
A[13]= -1045.541000
A[14]= 15574.340000
A[15]= -5455.026000
A[16]= 13.627210
chi2_min= 59.033920


Cross-Covariance parameters
1.000000	-0.412071	-0.068912	-0.154802	0.003726	-0.051807	0.073873	0.211170	-0.162637	-0.462570	-0.128992	0.015184	-0.064369	0.071648	0.173402	-0.135915	-0.497187	
-0.412071	1.000000	0.092978	-0.045142	0.250923	-0.257233	0.048229	-0.167271	0.108892	0.334007	-0.165773	0.210452	-0.261210	0.149189	-0.150543	0.110568	0.345504	
-0.068912	0.092978	1.000000	0.038954	0.641681	-0.738825	0.074645	0.559423	-0.700468	0.322393	-0.125897	0.509747	-0.641767	0.181964	0.413028	-0.600917	0.137003	
-0.154802	-0.045142	0.038954	1.000000	0.281217	0.198048	-0.969917	0.080104	-0.134727	0.213499	0.069810	-0.002471	0.030374	-0.051730	0.007131	-0.018861	0.083651	
0.003726	0.250923	0.641681	0.281217	1.000000	-0.869063	-0.097677	0.345334	-0.461859	0.232511	-0.129766	0.390869	-0.485805	0.154013	0.246618	-0.368964	0.094490	
-0.051807	-0.257233	-0.738825	0.198048	-0.869063	1.000000	-0.373909	-0.377228	0.482576	-0.175050	0.168324	-0.439541	0.560977	-0.192769	-0.290081	0.428909	-0.073931	
0.073873	0.048229	0.074645	-0.969917	-0.097677	-0.373909	1.000000	-0.035151	0.070415	-0.155519	-0.063810	0.050237	-0.085366	0.058639	0.026425	-0.037720	-0.040821	
0.211170	-0.167271	0.559423	0.080104	0.345334	-0.377228	-0.035151	1.000000	-0.969047	0.604225	-0.084505	0.267520	-0.354128	0.107922	0.299430	-0.394686	-0.069288	
-0.162637	0.108892	-0.700468	-0.134727	-0.461859	0.482576	0.070415	-0.969047	1.000000	-0.640610	0.104021	-0.340682	0.446427	-0.135604	-0.344471	0.468916	0.023202	
-0.462570	0.334007	0.322393	0.213499	0.232511	-0.175050	-0.155519	0.604225	-0.640610	1.000000	-0.019275	0.159640	-0.193049	0.054094	0.027076	-0.101242	0.284068	
-0.128992	-0.165773	-0.125897	0.069810	-0.129766	0.168324	-0.063810	-0.084505	0.104021	-0.019275	1.000000	0.085810	0.499521	-0.981269	-0.040458	-0.010442	0.089766	
0.015184	0.210452	0.509747	-0.002471	0.390869	-0.439541	0.050237	0.267520	-0.340682	0.159640	0.085810	1.000000	-0.797064	0.052910	0.207381	-0.321940	0.092424	
-0.064369	-0.261210	-0.641767	0.030374	-0.485805	0.560977	-0.085366	-0.354128	0.446427	-0.193049	0.499521	-0.797064	1.000000	-0.611297	-0.258574	0.353750	-0.046168	
0.071648	0.149189	0.181964	-0.051730	0.154013	-0.192769	0.058639	0.107922	-0.135604	0.054094	-0.981269	0.052910	-0.611297	1.000000	0.054160	-0.015337	-0.066645	
0.173402	-0.150543	0.413028	0.007131	0.246618	-0.290081	0.026425	0.299430	-0.344471	0.027076	-0.040458	0.207381	-0.258574	0.054160	1.000000	-0.952097	0.556045	
-0.135915	0.110568	-0.600917	-0.018861	-0.368964	0.428909	-0.037720	-0.394686	0.468916	-0.101242	-0.010442	-0.321940	0.353750	-0.015337	-0.952097	1.000000	-0.584479	
-0.497187	0.345504	0.137003	0.083651	0.094490	-0.073931	-0.040821	-0.069288	0.023202	0.284068	0.089766	0.092424	-0.046168	-0.066645	0.556045	-0.584479	1.000000	

Time taken for mcmc chain: 11.033333 minutes
