Number of steps: 8580927
Number of accepted steps: 2000004
Burn-in number of steps: 60000
Accepted fraction of steps: 0.233076
Convergence Status
R[0]= 1.000577	R[1]= 1.000253	R[2]= 1.008826	R[3]= 1.000517	R[4]= 1.004168	R[5]= 1.005341	R[6]= 1.000640	R[7]= 1.003657	R[8]= 1.005605	R[9]= 1.002269	R[10]= 1.000524	R[11]= 1.002142	R[12]= 1.003471	R[13]= 1.000475	R[14]= 1.002212	R[15]= 1.003623	R[16]= 1.000987	
<R>= 1.002664

Mean parameters
A[0]= 0.973853 pm 0.028773
A[1]= 1.027472 pm 0.013311
A[2]= 0.170122 pm 0.131310
A[3]= 4.737132 pm 0.486051
A[4]= 4662.261701 pm 3298.609780
A[5]= -1274.605425 pm 1141.076863
A[6]= 83.793463 pm 151.298675
A[7]= -6128.452403 pm 6517.386340
A[8]= 914.242632 pm 2183.439832
A[9]= -181.404381 pm 96.952987
A[10]= 4.235523 pm 0.762850
A[11]= 10961.087074 pm 3921.357071
A[12]= -3133.968426 pm 1211.827189
A[13]= 296.310066 pm 229.192619
A[14]= 2296.657295 pm 8149.724599
A[15]= -714.018506 pm 2456.079813
A[16]= -152.896323 pm 136.607295

Best-fitting parameters
A[0]= 0.987013
A[1]= 1.023606
A[2]= 0.029232
A[3]= 5.205355
A[4]= 2937.491000
A[5]= -138.687500
A[6]= -85.307270
A[7]= -11949.710000
A[8]= 3125.697000
A[9]= -274.227600
A[10]= 4.337073
A[11]= 8777.499000
A[12]= -2143.637000
A[13]= 232.830600
A[14]= -2559.578000
A[15]= 1041.356000
A[16]= -218.252600
chi2_min= 64.697760


Cross-Covariance parameters
1.000000	-0.456359	-0.018675	-0.010536	0.072141	-0.045850	-0.021332	0.217140	-0.159821	-0.131437	-0.148687	-0.001870	-0.050494	0.119748	0.124488	-0.096949	-0.103805	
-0.456359	1.000000	0.027854	-0.030633	0.188138	-0.160130	0.048942	-0.185967	0.127384	0.097328	0.020746	0.156020	-0.126735	-0.009845	-0.124386	0.096363	0.058384	
-0.018675	0.027854	1.000000	-0.189048	0.643497	-0.814296	0.342924	0.637690	-0.780193	0.482744	-0.187630	0.389074	-0.632721	0.260298	0.384871	-0.545602	0.232388	
-0.010536	-0.030633	-0.189048	1.000000	0.092303	0.269630	-0.952732	-0.058077	0.065415	-0.003273	0.041659	-0.070914	0.119540	-0.052450	-0.070483	0.100297	-0.039383	
0.072141	0.188138	0.643497	0.092303	1.000000	-0.909941	0.181042	0.401834	-0.507451	0.304639	-0.144738	0.292818	-0.451094	0.188557	0.238664	-0.343186	0.142187	
-0.045850	-0.160130	-0.814296	0.269630	-0.909941	1.000000	-0.515024	-0.493867	0.615459	-0.362618	0.172198	-0.347456	0.547705	-0.228508	-0.305557	0.437184	-0.183522	
-0.021332	0.048942	0.342924	-0.952732	0.181042	-0.515024	1.000000	0.145008	-0.179549	0.074374	-0.066476	0.131407	-0.215892	0.089417	0.125877	-0.181125	0.078410	
0.217140	-0.185967	0.637690	-0.058077	0.401834	-0.493867	0.145008	1.000000	-0.971237	0.844294	-0.144524	0.231849	-0.399356	0.185114	0.285120	-0.380093	0.123556	
-0.159821	0.127384	-0.780193	0.065415	-0.507451	0.615459	-0.179549	-0.971237	1.000000	-0.847338	0.166421	-0.290955	0.490683	-0.218543	-0.328869	0.448695	-0.161965	
-0.131437	0.097328	0.482744	-0.003273	0.304639	-0.362618	0.074374	0.844294	-0.847338	1.000000	-0.070926	0.189525	-0.298900	0.108783	0.163966	-0.244824	0.121529	
-0.148687	0.020746	-0.187630	0.041659	-0.144738	0.172198	-0.066476	-0.144524	0.166421	-0.070926	1.000000	0.223890	0.283118	-0.965589	-0.070765	0.052422	0.026475	
-0.001870	0.156020	0.389074	-0.070914	0.292818	-0.347456	0.131407	0.231849	-0.290955	0.189525	0.223890	1.000000	-0.842029	0.005142	0.080397	-0.165468	0.032689	
-0.050494	-0.126735	-0.632721	0.119540	-0.451094	0.547705	-0.215892	-0.399356	0.490683	-0.298900	0.283118	-0.842029	1.000000	-0.494062	-0.184185	0.285201	-0.066733	
0.119748	-0.009845	0.260298	-0.052450	0.188557	-0.228508	0.089417	0.185114	-0.218543	0.108783	-0.965589	0.005142	-0.494062	1.000000	0.076185	-0.073505	-0.029039	
0.124488	-0.124386	0.384871	-0.070483	0.238664	-0.305557	0.125877	0.285120	-0.328869	0.163966	-0.070765	0.080397	-0.184185	0.076185	1.000000	-0.968296	0.864379	
-0.096949	0.096363	-0.545602	0.100297	-0.343186	0.437184	-0.181125	-0.380093	0.448695	-0.244824	0.052422	-0.165468	0.285201	-0.073505	-0.968296	1.000000	-0.883076	
-0.103805	0.058384	0.232388	-0.039383	0.142187	-0.183522	0.078410	0.123556	-0.161965	0.121529	0.026475	0.032689	-0.066733	-0.029039	0.864379	-0.883076	1.000000	

Time taken for mcmc chain: 2.320556 hours
