Number of steps: 1207260
Number of accepted steps: 397697
Burn-in number of steps: 60000
Accepted fraction of steps: 0.329421
Convergence Status
R[0]= 1.000048	R[1]= 1.000968	R[2]= 1.003344	R[3]= 1.000273	R[4]= 1.002426	R[5]= 1.002398	R[6]= 1.000381	R[7]= 1.001653	R[8]= 1.002549	R[9]= 1.001728	R[10]= 1.001476	R[11]= 1.002303	R[12]= 1.001814	R[13]= 1.001184	R[14]= 1.001164	R[15]= 1.001364	R[16]= 1.000427	
<R>= 1.001500

Mean parameters
A[0]= 0.888652 pm 0.018822
A[1]= 0.980060 pm 0.014780
A[2]= 0.180296 pm 0.125537
A[3]= 5.196400 pm 0.543344
A[4]= 2562.416490 pm 3526.373998
A[5]= -126.227358 pm 1248.271748
A[6]= -153.048658 pm 162.936484
A[7]= 3970.612469 pm 7456.554115
A[8]= -643.089070 pm 2395.199450
A[9]= -195.377045 pm 112.366464
A[10]= 3.876376 pm 0.838818
A[11]= 7821.965981 pm 4013.648636
A[12]= -2556.008874 pm 1274.755366
A[13]= 314.946650 pm 243.670321
A[14]= 9738.950368 pm 6984.733098
A[15]= -2080.921239 pm 2082.838114
A[16]= -123.708104 pm 129.958663

Best-fitting parameters
A[0]= 0.882547
A[1]= 0.984328
A[2]= 0.177306
A[3]= 5.146386
A[4]= 2888.774000
A[5]= -232.905900
A[6]= -134.891900
A[7]= 4351.314000
A[8]= -776.545800
A[9]= -162.518700
A[10]= 3.720725
A[11]= 6446.864000
A[12]= -2349.042000
A[13]= 342.932800
A[14]= 14664.040000
A[15]= -3560.239000
A[16]= -9.307966
chi2_min= 45.185330


Cross-Covariance parameters
1.000000	-0.410220	-0.033766	-0.150435	-0.093977	0.031780	0.096349	-0.020002	0.022620	-0.243519	0.095164	-0.033880	0.075426	-0.114700	-0.006897	-0.000537	-0.129755	
-0.410220	1.000000	0.057139	-0.081384	0.185151	-0.178417	0.072280	-0.040448	0.016855	0.167982	-0.097886	0.131664	-0.158920	0.094014	-0.027425	0.015474	0.103517	
-0.033766	0.057139	1.000000	-0.230547	0.739463	-0.840592	0.374811	0.691068	-0.782086	0.438967	-0.182961	0.464452	-0.627439	0.256419	0.291941	-0.428456	0.050385	
-0.150435	-0.081384	-0.230547	1.000000	-0.050835	0.383864	-0.957710	-0.084422	0.093353	0.024969	0.036780	-0.106246	0.140536	-0.045008	-0.078992	0.108224	-0.007649	
-0.093977	0.185151	0.739463	-0.050835	1.000000	-0.927392	0.302667	0.504780	-0.579487	0.348777	-0.136505	0.376533	-0.491199	0.193925	0.205755	-0.309596	0.052597	
0.031780	-0.178417	-0.840592	0.383864	-0.927392	1.000000	-0.598759	-0.555022	0.633464	-0.349141	0.154094	-0.415203	0.547244	-0.215425	-0.239527	0.356015	-0.051360	
0.096349	0.072280	0.374811	-0.957710	0.302667	-0.598759	1.000000	0.188415	-0.211151	0.046655	-0.063136	0.175286	-0.232713	0.084729	0.118501	-0.167644	0.016621	
-0.020002	-0.040448	0.691068	-0.084422	0.504780	-0.555022	0.188415	1.000000	-0.984657	0.871981	-0.107396	0.317570	-0.423184	0.160652	0.224549	-0.316907	0.046338	
0.022620	0.016855	-0.782086	0.093353	-0.579487	0.633464	-0.211151	-0.984657	1.000000	-0.858905	0.126957	-0.360610	0.482122	-0.186319	-0.248252	0.353684	-0.051033	
-0.243519	0.167982	0.438967	0.024969	0.348777	-0.349141	0.046655	0.871981	-0.858905	1.000000	-0.087725	0.216901	-0.290085	0.123756	0.149819	-0.206756	0.078468	
0.095164	-0.097886	-0.182961	0.036780	-0.136505	0.154094	-0.063136	-0.107396	0.126957	-0.087725	1.000000	0.113968	0.375239	-0.967919	-0.005997	-0.016358	0.074061	
-0.033880	0.131664	0.464452	-0.106246	0.376533	-0.415203	0.175286	0.317570	-0.360610	0.216901	0.113968	1.000000	-0.858896	0.110555	0.107504	-0.187402	0.010987	
0.075426	-0.158920	-0.627439	0.140536	-0.491199	0.547244	-0.232713	-0.423184	0.482122	-0.290085	0.375239	-0.858896	1.000000	-0.572344	-0.136355	0.215870	0.021089	
-0.114700	0.094014	0.256419	-0.045008	0.193925	-0.215425	0.084729	0.160652	-0.186319	0.123756	-0.967919	0.110555	-0.572344	1.000000	0.017007	-0.007594	-0.080311	
-0.006897	-0.027425	0.291941	-0.078992	0.205755	-0.239527	0.118501	0.224549	-0.248252	0.149819	-0.005997	0.107504	-0.136355	0.017007	1.000000	-0.968454	0.842749	
-0.000537	0.015474	-0.428456	0.108224	-0.309596	0.356015	-0.167644	-0.316907	0.353684	-0.206756	-0.016358	-0.187402	0.215870	-0.007594	-0.968454	1.000000	-0.869019	
-0.129755	0.103517	0.050385	-0.007649	0.052597	-0.051360	0.016621	0.046338	-0.051033	0.078468	0.074061	0.010987	0.021089	-0.080311	0.842749	-0.869019	1.000000	

Time taken for mcmc chain: 8.300000 minutes
