Number of steps: 846079
Number of accepted steps: 324000
Burn-in number of steps: 60000
Accepted fraction of steps: 0.382943
Convergence Status
R[0]= 1.000309	R[1]= 1.001558	R[2]= 1.000419	R[3]= 1.002207	R[4]= 1.001276	R[5]= 1.001141	R[6]= 1.002270	R[7]= 1.000973	R[8]= 1.001101	R[9]= 1.002725	R[10]= 1.003219	R[11]= 1.002477	R[12]= 1.000544	R[13]= 1.002429	R[14]= 1.001026	R[15]= 1.000691	R[16]= 1.001483	
<R>= 1.001521

Mean parameters
A[0]= 0.893282 pm 0.019116
A[1]= 0.976700 pm 0.014661
A[2]= 0.177298 pm 0.125078
A[3]= 5.286262 pm 0.546069
A[4]= 2219.852187 pm 3573.821368
A[5]= -166.376633 pm 1266.839317
A[6]= -141.351170 pm 164.032590
A[7]= 3383.556060 pm 7452.740142
A[8]= -842.932481 pm 2398.179524
A[9]= -127.878551 pm 113.326981
A[10]= 3.972672 pm 0.838863
A[11]= 7547.138764 pm 4031.373489
A[12]= -2562.100064 pm 1274.414954
A[13]= 320.864891 pm 243.120700
A[14]= 9457.922203 pm 7061.860811
A[15]= -2276.619932 pm 2106.994045
A[16]= -59.561746 pm 131.020827

Best-fitting parameters
A[0]= 0.896103
A[1]= 0.970448
A[2]= 0.070720
A[3]= 5.272073
A[4]= 117.295300
A[5]= 613.308000
A[6]= -151.321800
A[7]= -3014.527000
A[8]= 1402.381000
A[9]= -229.556400
A[10]= 3.825352
A[11]= 3659.085000
A[12]= -1444.064000
A[13]= 311.223400
A[14]= 4718.194000
A[15]= -877.655700
A[16]= -88.836720
chi2_min= 44.863380


Cross-Covariance parameters
1.000000	-0.419496	-0.048068	-0.159188	-0.102452	0.039316	0.102299	-0.048641	0.050759	-0.274051	0.099372	-0.040098	0.084843	-0.120626	0.004555	-0.009278	-0.121954	
-0.419496	1.000000	0.049668	-0.092519	0.182982	-0.178702	0.084589	-0.015027	-0.003780	0.200007	-0.084761	0.127117	-0.149457	0.079504	-0.032834	0.020417	0.104667	
-0.048068	0.049668	1.000000	-0.223985	0.743721	-0.838839	0.371196	0.688827	-0.781463	0.425124	-0.187658	0.462029	-0.628653	0.258416	0.299940	-0.434964	0.053631	
-0.159188	-0.092519	-0.223985	1.000000	-0.062667	0.388462	-0.957153	-0.088075	0.096499	0.015228	0.018014	-0.141027	0.160844	-0.033912	-0.066504	0.099282	-0.003394	
-0.102452	0.182982	0.743721	-0.062667	1.000000	-0.930141	0.316721	0.499076	-0.575683	0.329908	-0.155206	0.363778	-0.492156	0.207673	0.223562	-0.322494	0.055551	
0.039316	-0.178702	-0.838839	0.388462	-0.930141	1.000000	-0.605071	-0.548545	0.628434	-0.332753	0.162426	-0.413063	0.551226	-0.221263	-0.253044	0.365669	-0.055083	
0.102299	0.084589	0.371196	-0.957153	0.316721	-0.605071	1.000000	0.189768	-0.212935	0.050477	-0.051126	0.205161	-0.253125	0.078829	0.115080	-0.165857	0.015850	
-0.048641	-0.015027	0.688827	-0.088075	0.499076	-0.548545	0.189768	1.000000	-0.984418	0.869330	-0.125343	0.317598	-0.430508	0.176250	0.206753	-0.299633	0.034694	
0.050759	-0.003780	-0.781463	0.096499	-0.575683	0.628434	-0.212935	-0.984418	1.000000	-0.853262	0.143001	-0.359608	0.488370	-0.199790	-0.234067	0.339685	-0.040532	
-0.274051	0.200007	0.425124	0.015228	0.329908	-0.332753	0.050477	0.869330	-0.853262	1.000000	-0.101049	0.210311	-0.288301	0.134504	0.117619	-0.174686	0.059780	
0.099372	-0.084761	-0.187658	0.018014	-0.155206	0.162426	-0.051126	-0.125343	0.143001	-0.101049	1.000000	0.114285	0.376664	-0.967985	-0.002780	-0.019195	0.077275	
-0.040098	0.127117	0.462029	-0.141027	0.363778	-0.413063	0.205161	0.317598	-0.359608	0.210311	0.114285	1.000000	-0.857699	0.108778	0.120288	-0.202470	0.031806	
0.084843	-0.149457	-0.628653	0.160844	-0.492156	0.551226	-0.253125	-0.430508	0.488370	-0.288301	0.376664	-0.857699	1.000000	-0.572144	-0.147166	0.227880	0.005815	
-0.120626	0.079504	0.258416	-0.033912	0.207673	-0.221263	0.078829	0.176250	-0.199790	0.134504	-0.967985	0.108778	-0.572144	1.000000	0.015959	-0.006670	-0.079441	
0.004555	-0.032834	0.299940	-0.066504	0.223562	-0.253044	0.115080	0.206753	-0.234067	0.117619	-0.002780	0.120288	-0.147166	0.015959	1.000000	-0.968552	0.840726	
-0.009278	0.020417	-0.434964	0.099282	-0.322494	0.365669	-0.165857	-0.299633	0.339685	-0.174686	-0.019195	-0.202470	0.227880	-0.006670	-0.968552	1.000000	-0.866765	
-0.121954	0.104667	0.053631	-0.003394	0.055551	-0.055083	0.015850	0.034694	-0.040532	0.059780	0.077275	0.031806	0.005815	-0.079441	0.840726	-0.866765	1.000000	

Time taken for mcmc chain: 5.316667 minutes
